316
187
1075
316
350
350
349
1076
220
237
237
230
153
236
229
237
237
242
242
240
236
328
328
328
328
243
243
327
327
327
327
234
243
326
326
325
325
326
234
341
325
287
341
341
325
440
538
1116
442
538
341
1076
1076
348
348
348
1077
229
236
209
209
236
240
233
228
240
243
235
233
243
234
221
235
234
212
221
221
212
199
189
189
199
341
334
334
846
846
1089
777
870
777
1089
870
841
870
1089
1088
861
1088
1089
846
875
776
871
875
869
875
871
842
841
842
871
870
870
870
871
776
875
875
875
875
882
875
875
882
874
882
875
869
869
869
875
875
882
882
883
883
883
883
883
883
873
883
883
873
874
873
883
882
877
877
877
877
865
877
877
873
873
873
877
883
883
883
877
877
877
877
863
863
862
863
863
862
863
862
863
865
865
865
863
877
862
862
862
985
992
985
862
985
985
985
862
862
863
862
862
862
992
985
990
1012
1071
1012
990
1011
990
1011
990
985
985
985
990
985
861
1088
1088
1088
841
1088
1088
826
826
826
1088
826
1087
826
1088
1088
841
826
842
842
869
842
842
869
827
869
842
827
826
827
842
826
869
869
869
869
874
869
869
874
868
874
869
859
827
859
869
869
874
874
874
873
873
873
874
873
872
873
874
868
868
868
874
874
873
873
873
873
865
873
873
865
864
865
873
872
872
872
873
873
865
865
865
865
863
865
865
821
864
821
865
864
864
864
865
865
863
821
821
862
985
862
821
805
808
805
821
808
864
808
821
821
985
805
805
985
990
985
805
985
794
985
805
794
808
794
805
805
1116
1115
198
442
1114
343
333
343
442
1113
333
1107
123
123
333
1112
265
123
1106
265
265
466
466
467
466
467
332
305
305
305
305
332
113
112
112
136
136
331
185
186
186
1109
1109
330
185
1111
1110
197
315
333
343
288
279
436
441
123
123
266
122
265
266
467
1105
1105
467
332
1104
1103
113
331
1108
196
315
314
314
1071
1011
984
1102
1101
1102
984
986
751
986
984
986
1011
986
984
1011
1101
986
751
1100
1093
1100
751
750
750
750
751
751
751
751
751
986
1099
1094
750
925
925
925
750
925
750
925
750
750
1093
750
750
1094
695
695
732
695
925
695
732
732
730
732
732
692
692
692
732
695
692
692
692
692
730
692
692
730
729
730
692
693
693
693
692
692
693
715
715
693
729
693
715
775
778
775
715
716
716
716
715
715
1095
778
845
1095
1097
1095
845
1098
844
1098
845
970
778
970
845
778
751
986
986
751
946
751
986
948
754
948
986
983
1011
983
986
986
750
751
750
750
927
750
750
926
946
926
750
751
751
751
750
751
925
925
925
695
695
695
925
927
927
927
925
750
750
750
925
925
925
732
732
925
1099
925
732
1092
1092
1092
732
732
730
732
732
732
730
730
730
732
1092
732
730
1090
1091
1090
730
729
729
729
730
730
729
775
775
729
1091
729
775
1096
1095
1096
775
778
778
778
775
775
844
970
970
971
969
971
970
969
716
969
970
716
778
716
970
970