0.0664189979434013 0.8661460280418396 0.2519200146198273
0.0736069977283477 0.8717769980430604 0.2542470097541809
0.0703430026769638 0.8735049962997436 0.2624399960041046
0.0636110007762908 0.8680610060691834 0.2597790062427521
0.0812100023031234 0.8769530057907104 0.2563929855823517
0.0777769982814788 0.8785570263862610 0.2649430036544800
0.0743440017104148 0.8818359971046447 0.2734929919242859
0.0670790001749992 0.8769050240516663 0.2706339955329895
0.0608029998838901 0.8716530203819276 0.2676379978656769
0.0984999984502792 0.8843100070953370 0.2594139873981476
0.0961960032582283 0.8859900236129761 0.2687050104141235
0.0866160020232200 0.8828319907188416 0.2671270072460175
0.0896430015563964 0.8812180161476136 0.2581759989261627
0.0938920006155967 0.8893449902534484 0.2779960036277771
0.0835879966616630 0.8861179947853088 0.2760779857635498
0.1073720008134842 0.8859620094299316 0.2599230110645294
0.1058529987931252 0.8877009749412536 0.2693890035152435
0.1161290034651756 0.8864229917526245 0.2595599889755249
0.1154009997844696 0.8882049918174743 0.2690849900245667
0.1146730035543442 0.8916630148887634 0.2786090075969696
0.1043339967727661 0.8911129832267761 0.2788540124893188
0.1246400028467178 0.8859419822692872 0.2581749856472015
0.1246540024876594 0.8877509832382202 0.2676970064640045
0.1325740069150925 0.8846549987792969 0.2557139992713928
0.1332760006189346 0.8864840269088745 0.2651810050010681
0.1339769959449768 0.8899880051612854 0.2746489942073822
0.1246669963002205 0.8912349939346313 0.2772189974784851
0.1458420008420944 0.8802509903907776 0.2475530058145523
0.1477289944887161 0.8821139931678772 0.2567839920520782
0.1409299969673157 0.8845480084419250 0.2614920139312744
0.1395979970693588 0.8826979994773865 0.2521199882030487
0.1496150046586990 0.8856530189514161 0.2660149931907654
0.1422619968652725 0.8880730271339416 0.2708649933338165
0.1514350026845932 0.8774849772453308 0.2421779930591583
0.1537819951772690 0.8793489933013916 0.2512109875679016
0.1563259959220886 0.8745309710502624 0.2362069934606552
0.1590369939804077 0.8763470053672791 0.2450200021266937
0.1617480069398880 0.8798369765281677 0.2538340091705322
0.1561280041933060 0.8828849792480468 0.2602429986000061
0.1604640036821365 0.8715130090713501 0.2298520058393478
0.1634429991245270 0.8732029795646668 0.2384610027074814
0.1636240035295486 0.8684599995613098 0.2238039970397949
0.1667339950799942 0.8700680136680603 0.2322410047054291
0.1698440015316010 0.8733519911766052 0.2406789958477020
0.1664209961891174 0.8765699863433838 0.2470690011978149
0.1655790060758591 0.8654019832611084 0.2187500000000000
0.1686449944972992 0.8670880198478698 0.2270700037479401
0.1669330000877380 0.8623409867286682 0.2141939997673035
0.1698669940233231 0.8641870021820068 0.2224240005016327
0.1728010028600693 0.8677099943161011 0.2306530028581619
0.1717109978199005 0.8704509735107421 0.2353899925947189
0.0638139992952346 0.8836569786071777 0.2788270115852356
0.0579949989914894 0.8785920143127442 0.2754969894886017
0.0709099993109703 0.8884660005569458 0.2820430099964142
0.0674770027399063 0.8967700004577637 0.2905920147895813
0.0605500005185604 0.8920840024948120 0.2870210111141205
0.0551870018243789 0.8872069716453553 0.2833560109138489
0.0805599987506866 0.8927559852600097 0.2850280106067658
0.0915869995951652 0.8960509896278381 0.2872880101203918
0.0892829969525337 0.9044319987297059 0.2965779900550842
0.0775329992175102 0.9010679721832275 0.2939800024032593
0.1028139963746071 0.8978769779205322 0.2883200049400330
0.1139440014958382 0.8984699845314026 0.2881349921226501
0.1132159978151321 0.9069520235061646 0.2976599931716919
0.1012950018048286 0.9063150286674500 0.2977850139141083
0.1246810033917427 0.8980690240859986 0.2867400050163269
0.1346790045499802 0.8968409895896911 0.2841159999370575
0.1353809982538223 0.9053710103034973 0.2935830056667328
0.1246939972043037 0.9065799713134766 0.2962619960308075
0.1435949951410294 0.8949490189552307 0.2802380025386810
0.1515019983053207 0.8925420045852662 0.2752459943294525
0.1533890068531036 0.9011059999465942 0.2844760119915009
0.1449269950389862 0.9034979939460754 0.2896110117435455
0.1584749966859818 0.8897740244865417 0.2692759931087494
0.1644590049982071 0.8866770267486573 0.2626470029354095
0.1671700030565262 0.8951910138130188 0.2714610099792480
0.1608210057020188 0.8983359932899475 0.2783089876174927
0.1694000065326691 0.8832839727401733 0.2556779980659485
0.1729529947042465 0.8799840211868287 0.2491160035133362
0.1760630011558533 0.8882920145988465 0.2575539946556091
0.1723780035972595 0.8916760087013244 0.2642869949340820
0.1747770011425018 0.8771650195121765 0.2437099963426590
0.1757359951734543 0.8745840191841125 0.2388820052146912
0.1786700040102005 0.8831329941749573 0.2471109926700592
0.1778430044651031 0.8855509757995606 0.2520299851894379
-0.0664229989051818 0.8661460280418396 0.2519200146198273
-0.0636140033602714 0.8680610060691834 0.2597790062427521
-0.0703459978103637 0.8735049962997436 0.2624399960041046
-0.0736100003123283 0.8717769980430604 0.2542470097541809
-0.0812129974365234 0.8769530057907104 0.2563929855823517
-0.0736100003123283 0.8717769980430604 0.2542470097541809
-0.0703459978103637 0.8735049962997436 0.2624399960041046
-0.0777800008654594 0.8785570263862610 0.2649430036544800
-0.0743469968438148 0.8818359971046447 0.2734929919242859
-0.0777800008654594 0.8785570263862610 0.2649430036544800
-0.0703459978103637 0.8735049962997436 0.2624399960041046
-0.0670820027589798 0.8769050240516663 0.2706339955329895
-0.0608070008456706 0.8716530203819276 0.2676379978656769
-0.0670820027589798 0.8769050240516663 0.2706339955329895
-0.0703459978103637 0.8735049962997436 0.2624399960041046
-0.0636140033602714 0.8680610060691834 0.2597790062427521
-0.0985030010342598 0.8843100070953370 0.2594139873981476
-0.0896470025181770 0.8812180161476136 0.2581759989261627
-0.0866189971566200 0.8828319907188416 0.2671270072460175
-0.0961989983916282 0.8859900236129761 0.2687050104141235
-0.0938950031995773 0.8893449902534484 0.2779960036277771
-0.0961989983916282 0.8859900236129761 0.2687050104141235
-0.0866189971566200 0.8828319907188416 0.2671270072460175
-0.0835909992456436 0.8861179947853088 0.2760779857635498
-0.0743469968438148 0.8818359971046447 0.2734929919242859
-0.0835909992456436 0.8861179947853088 0.2760779857635498
-0.0866189971566200 0.8828319907188416 0.2671270072460175
-0.0777800008654594 0.8785570263862610 0.2649430036544800
-0.0812129974365234 0.8769530057907104 0.2563929855823517
-0.0777800008654594 0.8785570263862610 0.2649430036544800
-0.0866189971566200 0.8828319907188416 0.2671270072460175
-0.0896470025181770 0.8812180161476136 0.2581759989261627
-0.0985030010342598 0.8843100070953370 0.2594139873981476
-0.0961989983916282 0.8859900236129761 0.2687050104141235
-0.1058560013771057 0.8877009749412536 0.2693890035152435
-0.1073760017752647 0.8859620094299316 0.2599230110645294
-0.1161319985985756 0.8864229917526245 0.2595599889755249
-0.1073760017752647 0.8859620094299316 0.2599230110645294
-0.1058560013771057 0.8877009749412536 0.2693890035152435
-0.1154040023684502 0.8882049918174743 0.2690849900245667
-0.1146759986877441 0.8916630148887634 0.2786090075969696
-0.1154040023684502 0.8882049918174743 0.2690849900245667
-0.1058560013771057 0.8877009749412536 0.2693890035152435
-0.1043369993567467 0.8911129832267761 0.2788540124893188
-0.0938950031995773 0.8893449902534484 0.2779960036277771
-0.1043369993567467 0.8911129832267761 0.2788540124893188
-0.1058560013771057 0.8877009749412536 0.2693890035152435
-0.0961989983916282 0.8859900236129761 0.2687050104141235
-0.1161319985985756 0.8864229917526245 0.2595599889755249
-0.1154040023684502 0.8882049918174743 0.2690849900245667
-0.1246569976210594 0.8877509832382202 0.2676970064640045
-0.1246439963579178 0.8859419822692872 0.2581749856472015
-0.1325770020484924 0.8846549987792969 0.2557139992713928
-0.1246439963579178 0.8859419822692872 0.2581749856472015
-0.1246569976210594 0.8877509832382202 0.2676970064640045
-0.1332789957523346 0.8864840269088745 0.2651810050010681
-0.1339810043573380 0.8899880051612854 0.2746489942073822
-0.1332789957523346 0.8864840269088745 0.2651810050010681
-0.1246569976210594 0.8877509832382202 0.2676970064640045
-0.1246709972620011 0.8912349939346313 0.2772189974784851
-0.1146759986877441 0.8916630148887634 0.2786090075969696
-0.1246709972620011 0.8912349939346313 0.2772189974784851
-0.1246569976210594 0.8877509832382202 0.2676970064640045
-0.1154040023684502 0.8882049918174743 0.2690849900245667
-0.1458449959754944 0.8802509903907776 0.2475530058145523
-0.1396010071039200 0.8826979994773865 0.2521199882030487
-0.1409340053796768 0.8845480084419250 0.2614920139312744
-0.1477320045232773 0.8821139931678772 0.2567839920520782
-0.1496189981698990 0.8856530189514161 0.2660149931907654
-0.1477320045232773 0.8821139931678772 0.2567839920520782
-0.1409340053796768 0.8845480084419250 0.2614920139312744
-0.1422660052776337 0.8880730271339416 0.2708649933338165
-0.1339810043573380 0.8899880051612854 0.2746489942073822
-0.1422660052776337 0.8880730271339416 0.2708649933338165
-0.1409340053796768 0.8845480084419250 0.2614920139312744
-0.1332789957523346 0.8864840269088745 0.2651810050010681
-0.1325770020484924 0.8846549987792969 0.2557139992713928
-0.1332789957523346 0.8864840269088745 0.2651810050010681
-0.1409340053796768 0.8845480084419250 0.2614920139312744
-0.1396010071039200 0.8826979994773865 0.2521199882030487
-0.1458449959754944 0.8802509903907776 0.2475530058145523
-0.1477320045232773 0.8821139931678772 0.2567839920520782
-0.1537850052118301 0.8793489933013916 0.2512109875679016
-0.1514379978179932 0.8774849772453308 0.2421779930591583
-0.1563290059566498 0.8745309710502624 0.2362069934606552
-0.1514379978179932 0.8774849772453308 0.2421779930591583
-0.1537850052118301 0.8793489933013916 0.2512109875679016
-0.1590400040149689 0.8763470053672791 0.2450200021266937
-0.1617510020732880 0.8798369765281677 0.2538340091705322
-0.1590400040149689 0.8763470053672791 0.2450200021266937
-0.1537850052118301 0.8793489933013916 0.2512109875679016
-0.1561319977045059 0.8828849792480468 0.2602429986000061
-0.1496189981698990 0.8856530189514161 0.2660149931907654
-0.1561319977045059 0.8828849792480468 0.2602429986000061
-0.1537850052118301 0.8793489933013916 0.2512109875679016
-0.1477320045232773 0.8821139931678772 0.2567839920520782
-0.1563290059566498 0.8745309710502624 0.2362069934606552
-0.1590400040149689 0.8763470053672791 0.2450200021266937
-0.1634459942579269 0.8732029795646668 0.2384610027074814
-0.1604679971933365 0.8715130090713501 0.2298520058393478
-0.1636269986629486 0.8684599995613098 0.2238039970397949
-0.1604679971933365 0.8715130090713501 0.2298520058393478
-0.1634459942579269 0.8732029795646668 0.2384610027074814
-0.1667370051145554 0.8700680136680603 0.2322410047054291
-0.1698469966650009 0.8733519911766052 0.2406789958477020
-0.1667370051145554 0.8700680136680603 0.2322410047054291
-0.1634459942579269 0.8732029795646668 0.2384610027074814
-0.1664240062236786 0.8765699863433838 0.2470690011978149
-0.1617510020732880 0.8798369765281677 0.2538340091705322
-0.1664240062236786 0.8765699863433838 0.2470690011978149
-0.1634459942579269 0.8732029795646668 0.2384610027074814
-0.1590400040149689 0.8763470053672791 0.2450200021266937
-0.1636269986629486 0.8684599995613098 0.2238039970397949
-0.1667370051145554 0.8700680136680603 0.2322410047054291
-0.1686490029096604 0.8670880198478698 0.2270700037479401
-0.1655829995870590 0.8654019832611084 0.2187500000000000
-0.1669359952211380 0.8623409867286682 0.2141939997673035
-0.1655829995870590 0.8654019832611084 0.2187500000000000
-0.1686490029096604 0.8670880198478698 0.2270700037479401
-0.1698700040578842 0.8641870021820068 0.2224240005016327
-0.1728049963712692 0.8677099943161011 0.2306530028581619
-0.1698700040578842 0.8641870021820068 0.2224240005016327
-0.1686490029096604 0.8670880198478698 0.2270700037479401
-0.1717139929533005 0.8704509735107421 0.2353899925947189
-0.1698469966650009 0.8733519911766052 0.2406789958477020
-0.1717139929533005 0.8704509735107421 0.2353899925947189
-0.1686490029096604 0.8670880198478698 0.2270700037479401
-0.1667370051145554 0.8700680136680603 0.2322410047054291
-0.0608070008456706 0.8716530203819276 0.2676379978656769
-0.0579989999532699 0.8785920143127442 0.2754969894886017
-0.0638180002570152 0.8836569786071777 0.2788270115852356
-0.0670820027589798 0.8769050240516663 0.2706339955329895
-0.0743469968438148 0.8818359971046447 0.2734929919242859
-0.0670820027589798 0.8769050240516663 0.2706339955329895
-0.0638180002570152 0.8836569786071777 0.2788270115852356
-0.0709140002727508 0.8884660005569458 0.2820430099964142
-0.0674799978733062 0.8967700004577637 0.2905920147895813
-0.0709140002727508 0.8884660005569458 0.2820430099964142
-0.0638180002570152 0.8836569786071777 0.2788270115852356
-0.0605529993772506 0.8920840024948120 0.2870210111141205
-0.0551900006830692 0.8872069716453553 0.2833560109138489
-0.0605529993772506 0.8920840024948120 0.2870210111141205
-0.0638180002570152 0.8836569786071777 0.2788270115852356
-0.0579989999532699 0.8785920143127442 0.2754969894886017
-0.0743469968438148 0.8818359971046447 0.2734929919242859
-0.0709140002727508 0.8884660005569458 0.2820430099964142
-0.0805639997124672 0.8927559852600097 0.2850280106067658
-0.0835909992456436 0.8861179947853088 0.2760779857635498
-0.0938950031995773 0.8893449902534484 0.2779960036277771
-0.0835909992456436 0.8861179947853088 0.2760779857635498
-0.0805639997124672 0.8927559852600097 0.2850280106067658
-0.0915910005569458 0.8960509896278381 0.2872880101203918
-0.0892859995365142 0.9044319987297059 0.2965779900550842
-0.0915910005569458 0.8960509896278381 0.2872880101203918
-0.0805639997124672 0.8927559852600097 0.2850280106067658
-0.0775360018014907 0.9010679721832275 0.2939800024032593
-0.0674799978733062 0.8967700004577637 0.2905920147895813
-0.0775360018014907 0.9010679721832275 0.2939800024032593
-0.0805639997124672 0.8927559852600097 0.2850280106067658
-0.0709140002727508 0.8884660005569458 0.2820430099964142
-0.0938950031995773 0.8893449902534484 0.2779960036277771
-0.0915910005569458 0.8960509896278381 0.2872880101203918
-0.1028179973363876 0.8978769779205322 0.2883200049400330
-0.1043369993567467 0.8911129832267761 0.2788540124893188
-0.1146759986877441 0.8916630148887634 0.2786090075969696
-0.1043369993567467 0.8911129832267761 0.2788540124893188
-0.1028179973363876 0.8978769779205322 0.2883200049400330
-0.1139469966292381 0.8984699845314026 0.2881349921226501
-0.1132190003991127 0.9069520235061646 0.2976599931716919
-0.1139469966292381 0.8984699845314026 0.2881349921226501
-0.1028179973363876 0.8978769779205322 0.2883200049400330
-0.1012979969382286 0.9063150286674500 0.2977850139141083
-0.0892859995365142 0.9044319987297059 0.2965779900550842
-0.1012979969382286 0.9063150286674500 0.2977850139141083
-0.1028179973363876 0.8978769779205322 0.2883200049400330
-0.0915910005569458 0.8960509896278381 0.2872880101203918
-0.1146759986877441 0.8916630148887634 0.2786090075969696
-0.1139469966292381 0.8984699845314026 0.2881349921226501
-0.1246839985251427 0.8980690240859986 0.2867400050163269
-0.1246709972620011 0.8912349939346313 0.2772189974784851
-0.1339810043573380 0.8899880051612854 0.2746489942073822
-0.1246709972620011 0.8912349939346313 0.2772189974784851
-0.1246839985251427 0.8980690240859986 0.2867400050163269
-0.1346819996833801 0.8968409895896911 0.2841159999370575
-0.1353839933872223 0.9053710103034973 0.2935830056667328
-0.1346819996833801 0.8968409895896911 0.2841159999370575
-0.1246839985251427 0.8980690240859986 0.2867400050163269
-0.1246969997882843 0.9065799713134766 0.2962619960308075
-0.1132190003991127 0.9069520235061646 0.2976599931716919
-0.1246969997882843 0.9065799713134766 0.2962619960308075
-0.1246839985251427 0.8980690240859986 0.2867400050163269
-0.1139469966292381 0.8984699845314026 0.2881349921226501
-0.1339810043573380 0.8899880051612854 0.2746489942073822
-0.1346819996833801 0.8968409895896911 0.2841159999370575
-0.1435980051755905 0.8949490189552307 0.2802380025386810
-0.1422660052776337 0.8880730271339416 0.2708649933338165
-0.1496189981698990 0.8856530189514161 0.2660149931907654
-0.1422660052776337 0.8880730271339416 0.2708649933338165
-0.1435980051755905 0.8949490189552307 0.2802380025386810
-0.1515049934387207 0.8925420045852662 0.2752459943294525
-0.1533920019865036 0.9011059999465942 0.2844760119915009
-0.1515049934387207 0.8925420045852662 0.2752459943294525
-0.1435980051755905 0.8949490189552307 0.2802380025386810
-0.1449300050735474 0.9034979939460754 0.2896110117435455
-0.1353839933872223 0.9053710103034973 0.2935830056667328
-0.1449300050735474 0.9034979939460754 0.2896110117435455
-0.1435980051755905 0.8949490189552307 0.2802380025386810
-0.1346819996833801 0.8968409895896911 0.2841159999370575
-0.1496189981698990 0.8856530189514161 0.2660149931907654
-0.1515049934387207 0.8925420045852662 0.2752459943294525
-0.1584780067205429 0.8897740244865417 0.2692759931087494
-0.1561319977045059 0.8828849792480468 0.2602429986000061
-0.1617510020732880 0.8798369765281677 0.2538340091705322
-0.1561319977045059 0.8828849792480468 0.2602429986000061
-0.1584780067205429 0.8897740244865417 0.2692759931087494
-0.1644629985094070 0.8866770267486573 0.2626470029354095
-0.1671729981899261 0.8951910138130188 0.2714610099792480
-0.1644629985094070 0.8866770267486573 0.2626470029354095
-0.1584780067205429 0.8897740244865417 0.2692759931087494
-0.1608249992132187 0.8983359932899475 0.2783089876174927
-0.1533920019865036 0.9011059999465942 0.2844760119915009
-0.1608249992132187 0.8983359932899475 0.2783089876174927
-0.1584780067205429 0.8897740244865417 0.2692759931087494
-0.1515049934387207 0.8925420045852662 0.2752459943294525
-0.1617510020732880 0.8798369765281677 0.2538340091705322
-0.1644629985094070 0.8866770267486573 0.2626470029354095
-0.1694030016660690 0.8832839727401733 0.2556779980659485
-0.1664240062236786 0.8765699863433838 0.2470690011978149
-0.1698469966650009 0.8733519911766052 0.2406789958477020
-0.1664240062236786 0.8765699863433838 0.2470690011978149
-0.1694030016660690 0.8832839727401733 0.2556779980659485
-0.1729560047388077 0.8799840211868287 0.2491160035133362
-0.1760659962892532 0.8882920145988465 0.2575539946556091
-0.1729560047388077 0.8799840211868287 0.2491160035133362
-0.1694030016660690 0.8832839727401733 0.2556779980659485
-0.1723809987306595 0.8916760087013244 0.2642869949340820
-0.1671729981899261 0.8951910138130188 0.2714610099792480
-0.1723809987306595 0.8916760087013244 0.2642869949340820
-0.1694030016660690 0.8832839727401733 0.2556779980659485
-0.1644629985094070 0.8866770267486573 0.2626470029354095
-0.1698469966650009 0.8733519911766052 0.2406789958477020
-0.1729560047388077 0.8799840211868287 0.2491160035133362
-0.1747799962759018 0.8771650195121765 0.2437099963426590
-0.1717139929533005 0.8704509735107421 0.2353899925947189
-0.1728049963712692 0.8677099943161011 0.2306530028581619
-0.1717139929533005 0.8704509735107421 0.2353899925947189
-0.1747799962759018 0.8771650195121765 0.2437099963426590
-0.1757390052080155 0.8745840191841125 0.2388820052146912
-0.1786739975214004 0.8831329941749573 0.2471109926700592
-0.1757390052080155 0.8745840191841125 0.2388820052146912
-0.1747799962759018 0.8771650195121765 0.2437099963426590
-0.1778459995985031 0.8855509757995606 0.2520299851894379
-0.1760659962892532 0.8882920145988465 0.2575539946556091
-0.1778459995985031 0.8855509757995606 0.2520299851894379
-0.1747799962759018 0.8771650195121765 0.2437099963426590
-0.1729560047388077 0.8799840211868287 0.2491160035133362
0.1669330000877380 0.8623409867286682 0.2141939997673035
0.1638460010290146 0.8596990108489990 0.2164289951324463
0.1655379980802536 0.8586220145225524 0.2243320047855377
0.1685809940099716 0.8615549802780151 0.2202419936656952
0.1602990031242371 0.8573629856109619 0.2193479984998703
0.1620250046253204 0.8560580015182495 0.2288459986448288
0.1639239937067032 0.8539260029792786 0.2366379946470260
0.1674280017614364 0.8567159771919250 0.2305310070514679
0.1704259961843491 0.8599410057067871 0.2245839983224869
0.1558350026607513 0.8556290268898011 0.2236389964818955
0.1575720012187958 0.8542289733886719 0.2342029958963394
0.1505440026521683 0.8543069958686829 0.2285449951887131
0.1521970033645630 0.8528860211372375 0.2397630065679550
0.1538749933242798 0.8506389856338501 0.2492749989032745
0.1594080030918121 0.8520029783248901 0.2430620044469833
0.1374620050191879 0.8523480296134949 0.2378000020980835
0.1384810060262680 0.8509370088577271 0.2495470046997070
0.1459199935197830 0.8517799973487854 0.2448810040950775
0.1445209980010986 0.8532050251960754 0.2333109974861145
0.1395000070333481 0.8486980199813843 0.2595899999141693
0.1473180055618286 0.8495270013809204 0.2547450065612793
0.1415369957685471 0.8400779962539672 0.2711490094661713
0.1405189931392670 0.8448029756546021 0.2662220001220703
0.1307380050420761 0.8443109989166259 0.2706899940967560
0.1312949955463409 0.8396189808845521 0.2757480144500732
0.1301800012588501 0.8481749892234802 0.2639270126819611
0.1197490021586418 0.8481349945068360 0.2674140036106110
0.1197870001196861 0.8443070054054260 0.2742649912834167
0.1198259964585304 0.8396509885787964 0.2794109880924225
0.1080809980630875 0.8449519872665405 0.2766050100326538
0.1075659990310669 0.8403239846229553 0.2818009853363037
0.1085959970951080 0.8487510085105896 0.2697030007839203
0.0971269980072975 0.8499490022659301 0.2705529928207397
0.0959599986672401 0.8461880087852477 0.2771880030632019
0.0947619974613189 0.8415989875793457 0.2821170091629028
0.0837630033493042 0.8479580283164978 0.2754909992218018
0.0816589966416358 0.8434309959411621 0.2795580029487610
0.0857470035552978 0.8516579866409302 0.2697179913520813
0.0758429989218711 0.8536549806594848 0.2681930065155029
0.0732769966125488 0.8500859737396241 0.2729189991950989
0.0704990029335022 0.8456879854202271 0.2759389877319336
0.0799209997057914 0.8566550016403199 0.2502169907093048
0.0726289972662925 0.8582500219345093 0.2506450116634369
0.0708360001444816 0.8574010133743286 0.2596629858016968
0.0779870003461837 0.8555700182914734 0.2600579857826233
0.0662880018353462 0.8597720265388489 0.2510029971599579
0.0648600012063980 0.8592150211334228 0.2593089938163757
0.0631909966468811 0.8578320145606995 0.2659099996089935
0.0688010007143020 0.8557260036468506 0.2669749855995178
0.1661700010299683 0.8501399755477905 0.2410189956426620
0.1697140038013458 0.8531569838523864 0.2333189994096756
0.1685889959335327 0.8455240130424499 0.2436950057744980
0.1721989959478378 0.8487679958343506 0.2344020009040833
0.1751080006361008 0.8525750041007996 0.2247409969568252
0.1726679950952530 0.8566719889640808 0.2255149930715561
0.1556019932031631 0.8467350006103516 0.2553780078887940
0.1614429950714111 0.8481199741363525 0.2485110014677048
0.1573539972305298 0.8420029878616333 0.2597750127315521
0.1635760068893433 0.8434100151062012 0.2522549927234650
0.1487170010805130 0.8456190228462220 0.2611989974975586
0.1501149982213974 0.8408830165863037 0.2659479975700379
0.1296219974756241 0.8503839969635009 0.2537539899349213
0.1290650069713592 0.8517649769783020 0.2418749928474426
0.1196720004081726 0.8516499996185303 0.2451840043067932
0.1197099983692169 0.8503069877624512 0.2571519911289215
0.1091120019555092 0.8508949875831604 0.2593910098075867
0.1096270009875298 0.8522089719772339 0.2473739981651306
0.0993119999766349 0.8533340096473693 0.2487570047378540
0.0982350036501884 0.8520550131797791 0.2605080008506775
0.0874899998307228 0.8537009954452515 0.2605350017547607
0.0891129970550537 0.8549159765243530 0.2496459931135178
0.0610390007495880 0.8547919988632202 0.2691000103950500
0.0662840008735656 0.8523939847946167 0.2708770036697388
0.0586460009217262 0.8509250283241272 0.2705860137939453
0.0635259971022606 0.8482339978218079 0.2730729877948761
-0.1669359952211380 0.8623409867286682 0.2141939997673035
-0.1685830056667328 0.8615549802780151 0.2202419936656952
-0.1655409932136536 0.8586220145225524 0.2243320047855377
-0.1638489961624146 0.8596990108489990 0.2164289951324463
-0.1603029966354370 0.8573629856109619 0.2193479984998703
-0.1638489961624146 0.8596990108489990 0.2164289951324463
-0.1655409932136536 0.8586220145225524 0.2243320047855377
-0.1620279997587204 0.8560580015182495 0.2288459986448288
-0.1639280021190643 0.8539260029792786 0.2366379946470260
-0.1620279997587204 0.8560580015182495 0.2288459986448288
-0.1655409932136536 0.8586220145225524 0.2243320047855377
-0.1674309968948364 0.8567159771919250 0.2305310070514679
-0.1704290062189102 0.8599410057067871 0.2245839983224869
-0.1674309968948364 0.8567159771919250 0.2305310070514679
-0.1655409932136536 0.8586220145225524 0.2243320047855377
-0.1685830056667328 0.8615549802780151 0.2202419936656952
-0.1603029966354370 0.8573629856109619 0.2193479984998703
-0.1620279997587204 0.8560580015182495 0.2288459986448288
-0.1575749963521957 0.8542289733886719 0.2342029958963394
-0.1558379977941513 0.8556290268898011 0.2236389964818955
-0.1505469977855682 0.8543069958686829 0.2285449951887131
-0.1558379977941513 0.8556290268898011 0.2236389964818955
-0.1575749963521957 0.8542289733886719 0.2342029958963394
-0.1521999984979629 0.8528860211372375 0.2397630065679550
-0.1538780033588409 0.8506389856338501 0.2492749989032745
-0.1521999984979629 0.8528860211372375 0.2397630065679550
-0.1575749963521957 0.8542289733886719 0.2342029958963394
-0.1594109982252121 0.8520029783248901 0.2430620044469833
-0.1639280021190643 0.8539260029792786 0.2366379946470260
-0.1594109982252121 0.8520029783248901 0.2430620044469833
-0.1575749963521957 0.8542289733886719 0.2342029958963394
-0.1620279997587204 0.8560580015182495 0.2288459986448288
-0.1374650001525879 0.8523480296134949 0.2378000020980835
-0.1445239931344986 0.8532050251960754 0.2333109974861145
-0.1459230035543442 0.8517799973487854 0.2448810040950775
-0.1384840011596680 0.8509370088577271 0.2495470046997070
-0.1395030021667480 0.8486980199813843 0.2595899999141693
-0.1384840011596680 0.8509370088577271 0.2495470046997070
-0.1459230035543442 0.8517799973487854 0.2448810040950775
-0.1473219990730286 0.8495270013809204 0.2547450065612793
-0.1538780033588409 0.8506389856338501 0.2492749989032745
-0.1473219990730286 0.8495270013809204 0.2547450065612793
-0.1459230035543442 0.8517799973487854 0.2448810040950775
-0.1521999984979629 0.8528860211372375 0.2397630065679550
-0.1505469977855682 0.8543069958686829 0.2285449951887131
-0.1521999984979629 0.8528860211372375 0.2397630065679550
-0.1459230035543442 0.8517799973487854 0.2448810040950775
-0.1445239931344986 0.8532050251960754 0.2333109974861145
-0.1415410041809082 0.8400779962539672 0.2711490094661713
-0.1312980055809021 0.8396189808845521 0.2757480144500732
-0.1307410001754761 0.8443109989166259 0.2706899940967560
-0.1405220031738281 0.8448029756546021 0.2662220001220703
-0.1395030021667480 0.8486980199813843 0.2595899999141693
-0.1405220031738281 0.8448029756546021 0.2662220001220703
-0.1307410001754761 0.8443109989166259 0.2706899940967560
-0.1301829963922501 0.8481749892234802 0.2639270126819611
-0.1197519972920418 0.8481349945068360 0.2674140036106110
-0.1301829963922501 0.8481749892234802 0.2639270126819611
-0.1307410001754761 0.8443109989166259 0.2706899940967560
-0.1197910010814667 0.8443070054054260 0.2742649912834167
-0.1198289990425110 0.8396509885787964 0.2794109880924225
-0.1197910010814667 0.8443070054054260 0.2742649912834167
-0.1307410001754761 0.8443109989166259 0.2706899940967560
-0.1312980055809021 0.8396189808845521 0.2757480144500732
-0.1198289990425110 0.8396509885787964 0.2794109880924225
-0.1075690016150475 0.8403239846229553 0.2818009853363037
-0.1080840006470680 0.8449519872665405 0.2766050100326538
-0.1197910010814667 0.8443070054054260 0.2742649912834167
-0.1197519972920418 0.8481349945068360 0.2674140036106110
-0.1197910010814667 0.8443070054054260 0.2742649912834167
-0.1080840006470680 0.8449519872665405 0.2766050100326538
-0.1085999980568886 0.8487510085105896 0.2697030007839203
-0.0971309989690780 0.8499490022659301 0.2705529928207397
-0.1085999980568886 0.8487510085105896 0.2697030007839203
-0.1080840006470680 0.8449519872665405 0.2766050100326538
-0.0959630012512207 0.8461880087852477 0.2771880030632019
-0.0947650000452995 0.8415989875793457 0.2821170091629028
-0.0959630012512207 0.8461880087852477 0.2771880030632019
-0.1080840006470680 0.8449519872665405 0.2766050100326538
-0.1075690016150475 0.8403239846229553 0.2818009853363037
-0.0947650000452995 0.8415989875793457 0.2821170091629028
-0.0816619992256164 0.8434309959411621 0.2795580029487610
-0.0837659984827041 0.8479580283164978 0.2754909992218018
-0.0959630012512207 0.8461880087852477 0.2771880030632019
-0.0971309989690780 0.8499490022659301 0.2705529928207397
-0.0959630012512207 0.8461880087852477 0.2771880030632019
-0.0837659984827041 0.8479580283164978 0.2754909992218018
-0.0857509970664978 0.8516579866409302 0.2697179913520813
-0.0758460015058517 0.8536549806594848 0.2681930065155029
-0.0857509970664978 0.8516579866409302 0.2697179913520813
-0.0837659984827041 0.8479580283164978 0.2754909992218018
-0.0732799991965293 0.8500859737396241 0.2729189991950989
-0.0705029964447021 0.8456879854202271 0.2759389877319336
-0.0732799991965293 0.8500859737396241 0.2729189991950989
-0.0837659984827041 0.8479580283164978 0.2754909992218018
-0.0816619992256164 0.8434309959411621 0.2795580029487610
-0.0799240022897720 0.8566550016403199 0.2502169907093048
-0.0779910013079643 0.8555700182914734 0.2600579857826233
-0.0708390027284622 0.8574010133743286 0.2596629858016968
-0.0726319998502731 0.8582500219345093 0.2506450116634369
-0.0662909969687461 0.8597720265388489 0.2510029971599579
-0.0726319998502731 0.8582500219345093 0.2506450116634369
-0.0708390027284622 0.8574010133743286 0.2596629858016968
-0.0648629963397979 0.8592150211334228 0.2593089938163757
-0.0631939992308616 0.8578320145606995 0.2659099996089935
-0.0648629963397979 0.8592150211334228 0.2593089938163757
-0.0708390027284622 0.8574010133743286 0.2596629858016968
-0.0688050016760826 0.8557260036468506 0.2669749855995178
-0.0758460015058517 0.8536549806594848 0.2681930065155029
-0.0688050016760826 0.8557260036468506 0.2669749855995178
-0.0708390027284622 0.8574010133743286 0.2596629858016968
-0.0779910013079643 0.8555700182914734 0.2600579857826233
-0.1639280021190643 0.8539260029792786 0.2366379946470260
-0.1674309968948364 0.8567159771919250 0.2305310070514679
-0.1697179973125458 0.8531569838523864 0.2333189994096756
-0.1661729961633682 0.8501399755477905 0.2410189956426620
-0.1685920059680939 0.8455240130424499 0.2436950057744980
-0.1661729961633682 0.8501399755477905 0.2410189956426620
-0.1697179973125458 0.8531569838523864 0.2333189994096756
-0.1722030043601990 0.8487679958343506 0.2344020009040833
-0.1751109957695007 0.8525750041007996 0.2247409969568252
-0.1722030043601990 0.8487679958343506 0.2344020009040833
-0.1697179973125458 0.8531569838523864 0.2333189994096756
-0.1726710051298141 0.8566719889640808 0.2255149930715561
-0.1704290062189102 0.8599410057067871 0.2245839983224869
-0.1726710051298141 0.8566719889640808 0.2255149930715561
-0.1697179973125458 0.8531569838523864 0.2333189994096756
-0.1674309968948364 0.8567159771919250 0.2305310070514679
-0.1538780033588409 0.8506389856338501 0.2492749989032745
-0.1594109982252121 0.8520029783248901 0.2430620044469833
-0.1614460051059723 0.8481199741363525 0.2485110014677048
-0.1556050032377243 0.8467350006103516 0.2553780078887940
-0.1573570072650909 0.8420029878616333 0.2597750127315521
-0.1556050032377243 0.8467350006103516 0.2553780078887940
-0.1614460051059723 0.8481199741363525 0.2485110014677048
-0.1635790020227432 0.8434100151062012 0.2522549927234650
-0.1685920059680939 0.8455240130424499 0.2436950057744980
-0.1635790020227432 0.8434100151062012 0.2522549927234650
-0.1614460051059723 0.8481199741363525 0.2485110014677048
-0.1661729961633682 0.8501399755477905 0.2410189956426620
-0.1639280021190643 0.8539260029792786 0.2366379946470260
-0.1661729961633682 0.8501399755477905 0.2410189956426620
-0.1614460051059723 0.8481199741363525 0.2485110014677048
-0.1594109982252121 0.8520029783248901 0.2430620044469833
-0.1395030021667480 0.8486980199813843 0.2595899999141693
-0.1473219990730286 0.8495270013809204 0.2547450065612793
-0.1487199962139130 0.8456190228462220 0.2611989974975586
-0.1405220031738281 0.8448029756546021 0.2662220001220703
-0.1415410041809082 0.8400779962539672 0.2711490094661713
-0.1405220031738281 0.8448029756546021 0.2662220001220703
-0.1487199962139130 0.8456190228462220 0.2611989974975586
-0.1501190066337586 0.8408830165863037 0.2659479975700379
-0.1573570072650909 0.8420029878616333 0.2597750127315521
-0.1501190066337586 0.8408830165863037 0.2659479975700379
-0.1487199962139130 0.8456190228462220 0.2611989974975586
-0.1556050032377243 0.8467350006103516 0.2553780078887940
-0.1538780033588409 0.8506389856338501 0.2492749989032745
-0.1556050032377243 0.8467350006103516 0.2553780078887940
-0.1487199962139130 0.8456190228462220 0.2611989974975586
-0.1473219990730286 0.8495270013809204 0.2547450065612793
-0.1395030021667480 0.8486980199813843 0.2595899999141693
-0.1301829963922501 0.8481749892234802 0.2639270126819611
-0.1296260058879852 0.8503839969635009 0.2537539899349213
-0.1384840011596680 0.8509370088577271 0.2495470046997070
-0.1374650001525879 0.8523480296134949 0.2378000020980835
-0.1384840011596680 0.8509370088577271 0.2495470046997070
-0.1296260058879852 0.8503839969635009 0.2537539899349213
-0.1290680021047592 0.8517649769783020 0.2418749928474426
-0.1196750029921532 0.8516499996185303 0.2451840043067932
-0.1290680021047592 0.8517649769783020 0.2418749928474426
-0.1296260058879852 0.8503839969635009 0.2537539899349213
-0.1197139993309975 0.8503069877624512 0.2571519911289215
-0.1197519972920418 0.8481349945068360 0.2674140036106110
-0.1197139993309975 0.8503069877624512 0.2571519911289215
-0.1296260058879852 0.8503839969635009 0.2537539899349213
-0.1301829963922501 0.8481749892234802 0.2639270126819611
-0.1197519972920418 0.8481349945068360 0.2674140036106110
-0.1085999980568886 0.8487510085105896 0.2697030007839203
-0.1091149970889092 0.8508949875831604 0.2593910098075867
-0.1197139993309975 0.8503069877624512 0.2571519911289215
-0.1196750029921532 0.8516499996185303 0.2451840043067932
-0.1197139993309975 0.8503069877624512 0.2571519911289215
-0.1091149970889092 0.8508949875831604 0.2593910098075867
-0.1096300035715103 0.8522089719772339 0.2473739981651306
-0.0993150025606155 0.8533340096473693 0.2487570047378540
-0.1096300035715103 0.8522089719772339 0.2473739981651306
-0.1091149970889092 0.8508949875831604 0.2593910098075867
-0.0982379987835884 0.8520550131797791 0.2605080008506775
-0.0971309989690780 0.8499490022659301 0.2705529928207397
-0.0982379987835884 0.8520550131797791 0.2605080008506775
-0.1091149970889092 0.8508949875831604 0.2593910098075867
-0.1085999980568886 0.8487510085105896 0.2697030007839203
-0.0971309989690780 0.8499490022659301 0.2705529928207397
-0.0857509970664978 0.8516579866409302 0.2697179913520813
-0.0874930024147033 0.8537009954452515 0.2605350017547607
-0.0982379987835884 0.8520550131797791 0.2605080008506775
-0.0993150025606155 0.8533340096473693 0.2487570047378540
-0.0982379987835884 0.8520550131797791 0.2605080008506775
-0.0874930024147033 0.8537009954452515 0.2605350017547607
-0.0891159996390342 0.8549159765243530 0.2496459931135178
-0.0799240022897720 0.8566550016403199 0.2502169907093048
-0.0891159996390342 0.8549159765243530 0.2496459931135178
-0.0874930024147033 0.8537009954452515 0.2605350017547607
-0.0779910013079643 0.8555700182914734 0.2600579857826233
-0.0758460015058517 0.8536549806594848 0.2681930065155029
-0.0779910013079643 0.8555700182914734 0.2600579857826233
-0.0874930024147033 0.8537009954452515 0.2605350017547607
-0.0857509970664978 0.8516579866409302 0.2697179913520813
-0.0631939992308616 0.8578320145606995 0.2659099996089935
-0.0688050016760826 0.8557260036468506 0.2669749855995178
-0.0662880018353462 0.8523939847946167 0.2708770036697388
-0.0610419996082782 0.8547919988632202 0.2691000103950500
-0.0586499981582164 0.8509250283241272 0.2705860137939453
-0.0610419996082782 0.8547919988632202 0.2691000103950500
-0.0662880018353462 0.8523939847946167 0.2708770036697388
-0.0635289996862411 0.8482339978218079 0.2730729877948761
-0.0705029964447021 0.8456879854202271 0.2759389877319336
-0.0635289996862411 0.8482339978218079 0.2730729877948761
-0.0662880018353462 0.8523939847946167 0.2708770036697388
-0.0732799991965293 0.8500859737396241 0.2729189991950989
-0.0758460015058517 0.8536549806594848 0.2681930065155029
-0.0732799991965293 0.8500859737396241 0.2729189991950989
-0.0662880018353462 0.8523939847946167 0.2708770036697388
-0.0688050016760826 0.8557260036468506 0.2669749855995178
