760
1000
1020
760
759
1000
1000
759
961
960
960
961
657
656
665
665
1288
1288
1288
1287
600
1197
1197
600
589
1196
600
605
1336
1336
1337
604
603
603
603
603
620
620
620
619
576
576
604
604
667
658
667
667
637
637
630
667
1145
762
591
1156
637
637
964
964
591
1289
1156
591
704
704
930
1241
1290
1241
1302
1302
579
930
1240
1239
702
636
655
709
1238
579
1239
1238
626
606
627
627
1333
1332
1343
662
1339
1237
1237
558
558
700
699
700
623
679
678
678
698
1033
556
1194
1194
699
698
698
699
1237
1237
558
558
661
661
623
624
1347
1347
1347
1347
1347
1347
1347
1347
1347
1347
1347
1031
1031
1327
1031
1327
1327
1327
1327
1347
1347
1347
1347
1347
1327
1347
595
1327
595
595
575
575
620
60
1145
1150
1150
1038
1038
1038
1038
1347
1347
1347
1347
1000
667
1000
1000
667
667
667
1000
666
637
637
667
628
628
591
666
1289
1289
1289
1288
580
593
593
1196
1195
580
1196
1195
1335
564
564
576
575
575
575
575
575
564
564
576
576
1347
1347
1347
1347
1347
1347
1347
1347
1347
1347
1347
1347
929
1347
1347
1347
929
931
931
929
581
581
581
929
1328
594
567
567
1042
1031
1329
566
1042
1043
1043
1042
1042
1043
1037
1043
1042
566
619
619
619
563
0
0
1032
1032
1347
1347
1347
1347
1347
1347
1347
1347
1347
1347
1347
1347
1347
1347
1347
1347
1347
1347
1347
1347
1347
1347
1347
936
936
597
597
597
931
936
936
594
595
595
597
929
929
1327
1327
1327
1327
579
582
582
1031
1031
1031
1031
1331
578
1042
1042
1031
557
557
1347
1042
1042
1347
1036
937
1042
1332
557
1331
484
484
393
483
263
263
483
483
309
309
308
308
396
92
92
78
1280
1298
1280
1280
1177
55
59
68
423
1178
1316
63
1317
1316
534
534
534
534
60
517
60
60
61
63
63
61
307
307
307
301
351
307
352
351
264
1126
54
351
351
1176
117
117
54
54
1176
1281
310
310
1282
1281
1303
1303
1282
1219
1220
56
433
1324
72
430
1222
1222
1221
425
67
398
430
422
1315
1314
1313
1313
1323
1319
89
1223
46
46
1223
80
387
80
521
190
272
225
225
374
1180
1180
1223
521
521
272
272
1223
46
46
1223
313
66
387
313
1347
1347
1347
1347
1347
1347
1347
1347
1347
1347
1347
1307
1307
1307
1307
1307
1307
1347
1347
1347
1347
1347
57
1347
1307
57
57
60
388
1126
1130
1130
528
528
530
533
1347
1347
483
483
483
307
307
483
307
307
84
307
351
351
79
84
54
79
1281
1280
1281
1281
56
1177
1179
1179
1178
424
1315
49
388
61
49
388
388
388
388
49
61
61
49
1347
1347
1347
1347
1347
1347
1347
1347
1347
1347
1347
1347
273
1347
1347
1347
273
273
418
418
427
273
427
427
1308
417
417
52
41
416
1309
48
533
410
528
528
532
532
533
41
528
416
41
517
517
517
389
530
364
530
1038
1347
1347
1347
1347
1347
1347
1347
1347
1347
1347
1347
1347
1347
1347
1347
1347
1347
1347
1347
1347
1347
277
277
428
418
428
428
277
277
52
428
57
57
273
273
1307
1307
1307
1307
425
426
426
48
48
48
48
50
1311
1312
41
41
41
41
47
47
528
41
1347
409
532
41
41
1312
1311
47
1132
1132
1150
1150
812
811
810
809
963
966
967
965
1144
1152
1151
1144
1140
1143
1140
1140
702
1343
1343
1344
662
662
1343
1343
661
662
651
650
681
681
681
681
647
644
680
15
15
15
15
32
795
32
32
723
723
963
963
963
963
965
965
829
829
809
829
829
740
710
710
684
664
687
687
1341
1341
683
664
650
651
651
650
682
649
649
627
652
663
636
624
623
624
624
649
648
648
648
870
870
846
1089
875
871
871
875
882
875
875
882
883
883
883
883
877
877
877
877
862
862
863
863
990
990
985
985
1010
1010
1011
1011
984
984
1102
983
751
1093
986
986
925
1099
1094
750
732
732
732
730
730
1092
729
775
1096
729
1097
1097
1097
845
975
846
843
975
863
862
806
991
991
1009
1009
1008
983
946
751
986
948
927
925
750
926
732
730
729
778
775
778
845
1097
846
846
843
843
1089
870
875
875
871
871
882
882
875
875
882
883
873
873
865
865
883
877
733
883
731
728
728
776
776
728
846
846
777
777
1097
1097
846
846
1097
1095
1097
1091
1096
1096
1091
1090
1090
1092
1099
1099
1092
1099
1093
1094
1099
1101
1101
1100
1100
1102
1071
1102
1102
992
992
1012
1012
862
985
987
987
863
863
876
876
876
749
777
777
777
777
777
1095
1095
777
777
846
777
777
1097
1095
1095
1095
1101
1100
1101
1101
1102
1102
1102
1102
1012
1012
1012
1071
1012
1012
1071
1071
992
1012
992
992
1012
752
992
1012
1012
1071
1071
1102
1071
1102
1101
752
749
752
752
752
749
877
876
731
876
876
876
733
733
777
777
728
728
728
728
1100
1093
1093
1100
1100
1100
1100
1100
846
846
846
1091
1096
1091
1091
1092
1092
1090
1090
1091
1091
1091
1091
1090
1092
1094
1099
1099
777
777
776
776
1091
777
1012
1012
752
1099
1099
1099
1094
728
728
728
728
876
1091
1092
749
1100
1347
1347
1347
1347
1347
1347
1347
1347
1347
1347
1347
1347
1347
1347
1347
1347
1347
1347
1347
1347
1347
1347
1347
1347
1347
1347
1347
1347
1347
1347
1347
1347
1347
1347
1347
1347
1347
1347
1347
1347
1347
1347
1347
1347
1347
1347
1347
1347
1347
1347
1347
1347
1347
1347
1347
1347
1347
1347
1347
1347
1347
1347
1347
1064
1064
1028
1064
1347
1347
1347
1347
1347
1347
1347
1347
1064
1347
1064
1064
1347
1347
1347
1347
1347
1347
1347
1347
1347
1347
1347
1347
1347
1347
1347
1347
1347
1347
1347
1347
1347
1347
1347
1347
1347
1347
1347
1347
1347
1347
1347
1347
1347
1347
1347
1347
1347
1347
1347
1347
1347
1347
1347
1347
1347
1347
1028
1028
1028
1028
1028
1028
1347
1347
1028
1028
1347
1029
1029
1028
1029
1029
1029
1029
1029
1244
1244
1029
1244
1347
1291
1244
1347
1347
1347
1347
1347
1347
1347
1347
1347
1347
1347
1347
1347
1347
1347
1347
1347
1347
1347
1347
1347
1347
1347
1347
1347
1347
1347
1347
1347
1347
1347
1347
1347
1347
1347
1347
1347
1347
1347
1347
1347
1347
1347
1347
1347
1347
1347
1347
1347
1347
1347
1347
1347
1347
1347
1347
1347
1347
1347
1291
1244
1028
1028
1028
1028
1028
1029
1347
1347
1347
1347
1347
1347
1347
1347
1347
1347
1347
1347
1347
1347
1347
1347
1347
1347
1028
1028
1028
1028
1347
1347
1028
1028
1028
1028
1028
1028
1028
1028
1347
1347
1347
1347
1347
1347
1347
1347
1347
1347
1347
1347
1347
1347
1347
1347
1347
1347
1347
1347
1347
1347
1347
1347
1347
1347
1347
1347
1347
1347
1347
1347
1347
1347
1347
1347
1347
1347
1347
1347
1347
1347
1347
1347
1347
1347
1347
1347
1347
1347
1347
1347
1347
1347
1347
1347
1347
1347
1347
1347
1347
1347
1347
1347
1347
1347
1347
1347
1347
1347
1347
1347
1347
1347
1347
1347
1347
1347
1347
1347
1347
1347
1347
1347
1347
1347
1347
1347
1347
1347
1347
1029
1029
1347
1347
1244
1029
1347
1347
1347
1347
1347
1347
1347
1347
1347
1347
1347
1347
1347
1347
1347
1347
1347
1347
1347
1347
1347
1347
1347
1347
1347
1347
1347
1347
1347
1347
1347
1347
1347
1347
1347
1347
1347
1347
1347
1347
1347
1347
1347
1347
1347
1347
1347
1347
1347
1347
1347
1347
1347
1347
1347
1347
1347
1347
1347
1347
1347
1347
1347
1347
1347
1347
1347
1347
1347
1347
1347
1347
1347
1029
1029
1028
1028
1028
1028
1065
1347
1347
1064
1064
1028
1064
1028
1028
1244
1244
1029
1029
684
1301
684
654
710
723
686
1302
704
963
964
704
1347
1347
1347
1347
1347
1347
1347
1347
1347
1347
1347
1347
1347
1347
1347
1347
1347
1347
1347
1347
1347
1347
1347
1347
1347
1347
1347
1347
1347
1347
1347
1347
1347
1347
1347
1347
1347
1347
1347
1347
1347
1347
1347
1347
1347
660
680
680
660
1347
1347
1347
1347
1347
1347
1347
1347
1347
1347
1347
1347
1347
1347
1347
1347
1347
1347
1347
1347
1347
1347
1347
1347
1347
1347
1347
1039
1039
1039
1039
1347
1038
1347
1036
1036
1036
1038
1347
1037
1347
1347
1347
1347
1347
1347
1347
1347
1347
1347
1347
1347
1347
1347
1347
1347
1347
1347
1347
1347
1347
1347
1347
1347
1347
1347
1347
1347
1347
1347
1347
1347
1347
1347
1347
1347
1347
1347
1347
1347
1347
1347
1347
1347
1347
1347
1347
1347
1347
1347
1347
1347
1347
1347
1347
1347
1347
1347
1347
1347
1347
1347
1347
1347
1347
1347
1347
1347
1031
1327
1327
1347
1327
1327
595
1327
1031
1031
1031
1031
1042
1003
1043
1043
1043
1043
1043
1040
1043
1043
1042
1042
1042
1042
595
595
596
596
1347
1347
1347
1347
1347
1347
1347
1347
1031
1031
1042
1037
1037
1036
1036
1347
1347
1347
1347
1347
1347
1347
1347
1037
1037
1036
1036
1347
1347
1347
1347
999
1035
999
997
1347
595
1347
1347
1042
1043
1039
1033
1038
1038
1036
1036
1038
1347
1347
1347
1347
1347
1347
1347
1347
1327
1031
1327
1347
1347
1347
1347
1347
1347
1347
1347
1347
1347
1347
1347
1347
1347
1347
1347
1347
1347
1347
1347
1347
1347
1347
1347
1347
1347
1347
1347
1347
1347
1347
1347
1347
1347
1347
1347
1347
1347
1347
1347
1347
1347
1347
1347
1347
1347
1347
1347
1347
1347
1347
1347
1347
1347
1347
1347
1347
1347
1347
1347
1347
1347
1347
1347
1347
1347
1347
1347
1031
1031
1347
1347
696
946
948
947
719
696
717
934
934
720
596
596
1025
1025
1030
1030
1292
1291
1347
1347
1347
1347
1347
1347
1347
1347
1347
1347
1347
1347
1347
1347
1347
1347
1347
1347
1347
1347
1347
1347
1347
1347
1347
1347
1347
1347
1347
1347
1347
1347
890
891
1347
886
889
889
886
884
886
884
879
1347
1347
1347
1347
1347
1347
1347
1347
1347
1347
1347
1347
1347
1347
1347
1347
1347
1347
1347
1347
1347
1347
1347
1347
1347
1347
1347
1347
1347
1347
1347
1347
1347
1347
1347
1347
1347
1347
1347
1347
1347
1347
1347
1347
1347
1347
1347
1347
1347
1347
1347
1347
1347
1347
1347
1347
1347
1347
1347
1347
1347
1347
1347
1347
1347
1347
1347
1347
1347
1347
1347
1347
1347
1347
1347
1347
1347
1347
1347
1347
1347
1347
1347
1347
1347
1347
1347
1347
1347
1347
1347
1347
1347
1347
1347
1347
1347
1347
1347
1347
1347
1347
1347
1347
1347
1347
879
1347
1347
1347
878
879
1027
988
988
1027
878
881
881
772
772
860
968
1060
1060
1060
1060
1060
1059
1059
1060
1058
1027
1058
1058
1026
989
1059
1058
1347
1347
1347
1347
1347
1347
1347
1347
1347
1347
1347
878
1347
1347
1347
1347
1347
1347
1027
988
1347
1347
1347
1347
1347
1347
1347
1347
1347
1058
1058
1347
711
711
914
714
1060
1065
1065
1065
1244
977
1028
1029
1244
1025
1030
1030
1030
939
935
1246
1243
1060
1060
1060
1065
1347
1347
1347
1347
1347
1347
1347
1347
1347
1347
1347
1347
1347
1347
1347
1347
1347
1347
1347
1347
1347
1347
1347
1347
1001
995
996
998
561
993
560
1234
573
572
574
1235
1044
573
1235
1331
566
937
557
1025
596
1013
1329
567
594
1283
1285
1074
615
1245
613
932
1284
1242
940
1002
676
677
950
614
1014
1023
1062
1069
1066
1061
738
738
1067
1068
758
757
757
755
739
951
1049
905
905
904
902
954
954
848
955
828
807
864
847
805
821
821
794
1052
1051
1054
1053
739
739
734
1017
1018
718
675
697
922
642
923
921
927
928
694
694
974
973
641
941
643
643
672
694
640
669
688
1204
1263
670
1261
1347
1065
1060
972
771
771
772
841
1089
1088
841
826
1088
1087
826
1086
1086
1086
774
774
774
774
792
819
725
11
24
727
724
727
1265
1266
1266
1206
1264
1205
1029
1028
1064
1028
969
690
725
793
1029
1029
1029
779
794
782
874
868
872
872
867
859
840
820
827
873
873
1244
1029
1029
1244
1084
1085
824
820
803
825
898
898
899
900
893
893
894
894
958
892
1048
953
908
1050
900
903
901
781
953
952
858
957
866
839
823
823
804
804
959
496
959
901
957
898
858
858
838
896
897
896
896
795
795
795
795
798
797
796
813
813
813
813
761
814
813
761
796
796
795
619
618
616
616
620
910
910
910
621
620
620
619
589
1195
1335
1336
626
605
1337
1337
1333
580
1239
1289
1288
591
1156
666
628
657
665
1241
1240
1289
1290
592
1288
1288
592
590
1198
814
762
762
600
600
895
895
895
961
759
961
703
961
960
760
796
1020
1000
638
639
629
658
936
933
930
936
880
893
887
654
655
655
611
633
634
644
645
583
584
583
583
584
598
569
583
609
617
609
609
618
599
599
598
585
1190
1189
569
571
1191
1193
1193
1192
588
556
558
1237
1240
579
1238
1199
1256
1198
1200
1258
1260
1199
667
658
786
1158
764
1159
639
979
1259
1258
1200
707
673
1202
1262
713
713
1203
671
981
981
981
981
789
788
789
789
856
856
1119
1119
982
981
789
982
982
982
982
831
831
831
855
855
830
982
982
855
855
856
856
920
981
816
815
833
833
857
837
852
832
830
831
830
830
852
852
852
795
798
798
798
798
798
851
851
797
797
851
854
854
712
856
856
856
856
785
785
980
980
786
783
786
741
979
1159
741
1160
668
1160
742
942
1161
1161
1160
943
962
1162
943
1119
788
1119
1119
763
783
913
1022
1022
744
744
917
942
743
746
915
915
917
747
765
766
801
801
766
912
788
788
789
918
748
920
920
815
799
800
790
822
817
748
745
747
916
765
768
767
844
970
970
971
971
861
842
869
869
874
877
877
865
865
806
779
780
754
1006
927
926
928
695
695
693
692
692
693
716
715
715
716
899
888
885
610
633
645
648
621
621
646
635
627
601
1008
1007
1006
1347
634
634
644
644
647
647
649
1341
625
651
963
963
965
761
809
19
19
19
19
1347
1347
1347
1347
1347
1347
1347
1347
1347
1347
1347
1347
1347
1347
1037
1037
1037
1037
1037
1037
1035
1037
1045
1041
555
1236
563
1193
603
575
602
603
623
602
649
622
622
649
622
682
682
700
682
682
1347
1347
1347
1347
1347
1347
1347
1347
1347
1347
1347
1347
1347
1347
1347
1347
1347
1347
1347
1347
1347
1347
1347
1347
1347
1347
1347
1347
1347
1347
1347
1347
1347
1347
1347
1347
1347
1347
1347
1347
1347
1347
1347
1347
1347
1347
1347
1347
1347
1347
1347
1347
1347
1347
1347
1347
1347
1347
1347
1347
1347
1347
1347
1347
1347
1347
1347
1347
1347
1347
1347
1347
1347
1347
1347
1347
1347
1347
1347
1347
1347
1347
1347
1347
19
19
19
19
660
634
631
659
10
678
1133
10
1347
1347
1347
1347
1347
1347
1347
1347
1032
994
1039
1039
1039
1347
1347
1347
1347
1347
1347
1347
1347
1347
1347
1347
1347
1347
1232
1231
559
726
726
725
818
818
24
818
1082
1083
15
15
958
959
959
958
610
607
607
631
631
632
632
890
892
891
6
608
608
6
816
837
836
798
14
14
851
798
32
770
1165
1207
802
634
631
631
853
853
967
1153
1146
811
966
1154
966
966
740
722
740
702
702
721
687
1139
651
1142
683
661
662
699
699
699
1147
679
698
1147
1148
700
661
700
700
659
179
215
1130
1126
270
165
179
271
130
523
522
143
1125
312
1124
1122
1123
1123
1123
1120
1324
1323
1323
89
1323
1323
89
1121
1121
81
81
520
520
520
520
375
376
519
15
15
15
19
395
32
32
166
143
130
130
523
270
202
165
202
202
202
1304
99
104
1326
432
432
91
98
1321
432
90
1321
81
81
75
70
70
398
430
431
71
66
66
66
387
70
62
62
62
350
1075
316
350
230
230
242
237
237
242
328
328
328
328
327
327
325
326
326
325
538
341
341
538
549
442
442
549
198
441
1115
198
333
343
343
1107
1106
123
1105
1105
467
1112
1103
113
332
1104
1109
1109
1108
1108
1111
330
1111
1111
197
1111
210
329
325
326
539
342
539
174
174
441
550
288
279
343
333
266
122
123
265
466
466
467
467
113
113
332
332
185
185
331
331
330
316
210
210
316
350
1075
237
230
230
237
242
237
237
242
243
243
328
328
189
221
234
212
328
328
244
327
242
237
121
241
121
121
153
153
316
187
187
316
1111
316
316
1111
1109
1109
1109
1109
1103
1108
1104
1105
1105
1112
1112
1112
1112
1106
1107
1107
343
1113
1107
1115
1115
1115
1116
287
440
440
287
325
188
188
341
326
326
238
137
238
238
187
187
187
187
187
187
1109
1109
187
187
187
187
1109
1109
1109
1109
1113
1113
1114
1114
1114
1115
1115
1114
1115
440
440
1115
440
440
440
1116
1115
1115
1116
1115
287
287
188
440
440
287
211
440
1116
1116
1115
1114
1115
1116
211
211
211
137
211
327
327
327
137
238
238
238
241
241
244
244
241
187
187
121
121
121
121
1113
1107
1107
1113
1113
1113
1113
316
316
316
316
1103
1103
1103
1108
1105
1104
1104
1105
1103
1103
1103
1103
1105
1104
1106
1112
1112
187
153
153
1103
187
440
211
1112
1106
1112
1112
121
121
121
121
1103
238
1105
1113
137
1347
1347
1347
1347
1347
1347
1347
1347
1347
1347
1347
1347
1347
1347
1347
1347
1347
1347
1347
1347
1347
1347
1347
1347
1347
1347
1347
1347
1347
1347
1347
1347
1347
1347
1347
1347
1347
1347
1347
1347
1347
1347
1347
1347
1347
1347
1347
1347
1347
1347
1347
1347
1347
1347
1347
1347
1347
1347
1347
1347
1347
1347
1347
1347
1347
478
280
280
478
1347
1347
1347
1347
1347
1347
1347
1347
478
478
478
1347
1347
1347
1347
1347
1347
1347
1347
1347
1347
1347
1347
1347
1347
1347
1347
1347
1347
1347
1347
1347
1347
1347
1347
1347
1347
1347
1347
1347
1347
1347
1347
1347
1347
1347
1347
1347
1347
1347
1347
1347
1347
1347
1347
1347
1347
280
280
280
280
280
280
280
280
1347
280
280
1347
36
36
36
280
36
36
36
36
36
1254
1254
1254
1254
1297
1347
1347
1347
1347
1347
1347
1347
1347
1347
1347
1347
1347
1347
1347
1347
1347
1347
1347
1347
1347
1347
1347
1347
1347
1347
1347
1347
1347
1347
1347
1347
1347
1347
1347
1347
1347
1347
1347
1347
1347
1347
1347
1347
1347
1347
1347
1347
1347
1347
1347
1347
1347
1347
1347
1347
1347
1347
1347
1347
1254
1297
280
280
280
280
1347
1347
280
1347
1347
1347
1347
1347
1347
1347
1347
1347
1347
1347
1347
1347
1347
1347
1347
280
280
1347
1347
1347
280
280
280
280
280
280
280
1347
1347
1347
1347
1347
1347
1347
1347
1347
1347
1347
1347
1347
1347
1347
1347
1347
1347
1347
1347
1347
1347
1347
1347
1347
1347
1347
1347
1347
1347
1347
1347
1347
1347
1347
1347
1347
1347
1347
1347
1347
1347
1347
1347
1347
1347
1347
1347
1347
1347
1347
1347
1347
1347
1347
1347
1347
1347
1347
1347
1347
1347
1347
1347
1347
1347
1347
1347
1347
1347
1347
1347
1347
1347
1347
1347
1347
1347
1347
1347
1347
1347
1347
1347
1347
1347
1347
1347
1347
1347
1347
1347
1347
1347
1347
1347
1347
1347
1347
1347
1254
1347
1347
36
1347
1347
1347
1347
1347
1347
1347
1347
1347
1347
1347
1347
1347
1347
1347
1347
1347
1347
1347
1347
1347
1347
1347
1347
1347
1347
1347
1347
1347
1347
1347
1347
1347
1347
1347
1347
1347
1347
1347
1347
1347
1347
1347
1347
1347
1347
1347
1347
1347
1347
1347
1347
1347
1347
1347
1347
1347
1347
1347
1347
1347
1347
1347
1347
1347
1347
1347
1347
1347
1347
1347
1347
1347
1347
1347
1347
36
36
36
280
280
548
478
1347
1347
478
280
280
280
478
1254
1254
36
36
1305
1303
77
72
104
99
99
310
310
117
130
1347
1347
1347
1347
1347
1347
1347
1347
1347
1347
1347
1347
1347
1347
1347
1347
1347
1347
1347
1347
1347
1347
1347
1347
1347
1347
1347
1347
1347
1347
1347
1347
1347
1347
1347
1347
1347
1347
1347
1347
1347
1347
1347
1347
1347
1347
365
365
375
375
1347
1347
1347
1347
1347
1347
1347
1347
1347
1347
1347
1347
1347
1347
1347
1347
1347
1347
1347
1347
1347
1347
1347
1347
1347
1347
529
529
529
529
1347
1347
530
532
530
532
532
1347
1347
1347
533
1347
1347
1347
1347
1347
1347
1347
1347
1347
1347
1347
1347
1347
1347
1347
1347
1347
1347
1347
1347
1347
1347
1347
1347
1347
1347
1347
1347
1347
1347
1347
1347
1347
1347
1347
1347
1347
1347
1347
1347
1347
1347
1347
1347
1347
1347
1347
1347
1347
1347
1347
1347
1347
1347
1347
1347
1347
1347
1347
1347
1347
1347
1347
1347
1347
1347
48
1347
1307
1307
1307
1307
57
1307
48
48
48
44
41
48
528
528
528
528
528
528
528
40
41
41
41
41
57
429
429
57
1347
1347
1347
1347
1347
1347
1347
1347
1347
1347
48
41
48
533
532
532
533
1347
1347
1347
1347
1347
1347
1347
1347
533
532
532
533
1347
1347
1347
1347
510
511
510
509
1347
1347
1347
57
528
41
529
530
530
374
532
530
532
1347
1347
1347
1347
1347
1347
1347
1307
1307
48
1347
1347
1347
1347
1347
1347
1347
1347
1347
1347
1347
1347
1347
1347
1347
1347
1347
1347
1347
1347
1347
1347
1347
1347
1347
1347
1347
1347
1347
1347
1347
1347
1347
1347
1347
1347
1347
1347
1347
1347
1347
1347
1347
1347
1347
1347
1347
1347
1347
1347
1347
1347
1347
1347
1347
1347
1347
1347
1347
1347
1347
1347
1347
1347
1347
1347
1347
48
48
1347
1347
101
289
279
288
101
437
420
452
453
458
429
65
65
429
37
1297
1296
37
1347
1347
1347
1347
1347
1347
1347
1347
1347
1347
1347
1347
1347
1347
1347
1347
1347
1347
1347
1347
1347
1347
1347
1347
1347
1347
1347
1347
1347
1347
1347
1347
1347
295
445
247
247
250
250
246
245
246
247
1347
1347
1347
1347
1347
1347
1347
1347
1347
1347
1347
1347
1347
1347
1347
1347
1347
1347
1347
1347
1347
1347
1347
1347
1347
1347
1347
1347
1347
1347
1347
1347
1347
1347
1347
1347
1347
1347
1347
1347
1347
1347
1347
1347
1347
1347
1347
1347
1347
1347
1347
1347
1347
1347
1347
1347
1347
1347
1347
1347
1347
1347
1347
1347
1347
1347
1347
1347
1347
1347
1347
1347
1347
1347
1347
1347
1347
1347
1347
1347
1347
1347
1347
1347
1347
1347
1347
1347
1347
1347
1347
1347
1347
1347
1347
1347
1347
1347
1347
1347
1347
1347
1347
245
1347
1347
1347
245
232
214
214
335
335
232
231
231
151
135
298
151
141
141
141
141
141
141
537
537
462
462
462
214
336
177
462
537
1347
1347
1347
1347
1347
1347
1347
1347
1347
1347
1347
232
1347
1347
1347
1347
1347
1347
214
1347
1347
335
1347
1347
1347
1347
1347
1347
1347
462
1347
462
489
447
260
489
141
548
548
548
478
477
280
280
1254
1254
36
65
37
37
37
1249
1252
141
548
141
141
1347
1347
1347
1347
1347
1347
1347
1347
1347
1347
1347
1347
1347
1347
1347
1347
1347
1347
1347
1347
1347
1347
1347
1347
373
383
407
406
372
362
405
1226
513
382
512
1225
1225
512
43
1311
47
409
416
65
455
429
417
1309
52
1278
276
1073
1294
127
456
1253
1277
419
413
1250
268
87
414
415
64
126
459
453
476
547
545
553
475
554
553
140
139
542
542
463
102
543
256
502
503
256
338
454
200
338
339
201
221
340
199
334
212
212
507
142
535
544
463
463
553
473
474
88
100
354
450
269
302
266
465
465
267
480
449
74
481
303
465
304
303
73
95
85
1215
1276
448
1273
1347
141
548
488
151
152
152
349
349
1076
1075
348
348
1077
1076
1078
161
1078
1078
161
162
161
161
258
24
11
120
119
106
106
1275
1275
1274
1217
1216
1272
36
280
478
280
109
314
120
257
280
36
36
175
164
334
240
235
235
233
226
219
228
209
347
243
243
243
1254
1254
36
36
1079
1080
194
346
347
195
500
254
253
500
444
251
251
444
282
443
506
154
505
176
254
501
255
125
176
163
223
222
227
226
344
345
345
344
497
497
496
500
224
501
218
499
208
218
252
499
499
166
166
166
166
395
144
394
191
166
191
191
191
191
166
144
144
517
402
402
516
60
58
58
58
516
60
59
1316
1315
1179
67
1317
1317
68
1313
1221
424
84
79
54
351
92
396
1219
1282
1281
1220
1281
1280
1280
1281
1209
53
155
485
264
264
423
423
498
498
498
309
309
263
105
308
309
484
483
393
144
300
301
353
299
277
277
274
412
239
248
444
1298
1306
72
1280
367
377
376
366
359
359
359
369
369
359
360
379
368
368
368
378
379
515
515
380
360
1185
1184
381
1183
1181
45
1182
1181
391
1223
46
1220
1222
425
1210
1209
1257
1211
1210
1271
1269
307
307
262
483
262
262
296
1174
299
1173
479
1211
1269
1268
96
111
1270
1213
108
261
1214
108
324
324
324
324
168
168
168
158
1118
1118
1118
1118
525
525
168
324
525
525
525
205
203
205
205
204
203
525
525
525
203
306
306
203
319
180
323
324
182
321
207
182
216
204
317
205
204
204
216
216
216
15
166
15
395
395
395
395
167
167
167
167
395
395
394
394
167
167
318
318
490
306
306
306
306
320
131
131
320
156
1173
296
86
1172
479
283
1172
1171
1171
491
491
1170
284
524
1118
145
508
486
156
508
132
132
134
133
118
283
134
148
492
149
149
173
173
160
168
158
158
494
319
319
159
180
172
171
170
192
193
468
146
492
493
147
147
292
169
259
186
315
314
329
220
196
236
229
209
236
236
327
234
234
540
175
342
438
472
551
436
267
122
266
466
466
466
112
112
305
305
112
136
136
281
249
253
403
377
367
62
518
401
401
397
421
69
399
398
550
551
138
1347
366
376
376
366
70
70
76
1321
130
130
130
130
485
270
523
264
155
165
202
191
19
19
1347
1347
1347
1347
1347
1347
1347
1347
1347
1347
1347
1347
1347
1347
1347
1347
533
1347
533
533
533
533
533
533
509
39
408
1224
390
1181
389
388
534
60
401
534
400
400
387
70
386
386
385
75
386
385
75
75
1347
1347
1347
1347
1347
1347
1347
1347
1347
1347
1347
1347
1347
1347
1347
1347
1347
1347
1347
1347
1347
1347
1347
1347
1347
1347
1347
1347
1347
1347
1347
1347
1347
1347
1347
1347
1347
1347
1347
1347
1347
1347
1347
1347
1347
1347
1347
1347
1347
1347
1347
1347
1347
1347
1347
1347
1347
1347
1347
1347
1347
1347
1347
1347
1347
1347
1347
1347
1347
1347
1347
1347
1347
1347
1347
1347
1347
191
191
19
19
365
355
356
366
1131
225
1347
1347
1347
1347
1347
1347
1347
1347
363
364
529
529
529
1347
1347
1347
1347
1347
1347
1347
1347
1347
1347
1347
1347
1347
1347
1347
1347
1347
361
1229
1228
120
446
446
183
183
183
183
27
1082
1081
27
15
15
443
443
497
497
404
404
403
356
356
357
357
445
295
282
358
358
206
321
323
23
14
14
167
14
32
25
286
1167
1166
13
26
294
8
356
8
1072
215
1072
522
271
1129
1136
143
143
1135
1124
143
1324
1325
116
116
103
90
1120
1323
89
89
75
80
1134
75
1137
1137
1128
313
313
80
80
355
1347
432
104
91
1304
311
723
723
686
684
687
663
664
1340
710
710
311
311
77
91
432
77
431
1320
1347
1347
9
355
9
9
313
80
313
1127
272
190
521
521
89
433
1326
312
104
312
1135
1136
1124
1129
1126
215
22
356
366
8
293
18
1218
107
284
12
32
32
14
31
31
21
6
30
30
29
7
33
7
8
33
496
496
28
15
166
15
1081
16
24
24
35
1267
11
1230
2
3
1347
1347
1347
1347
1347
1347
1347
1347
1347
1347
1347
1347
1347
1347
531
531
531
0
1
1347
1347
1347
1347
1347
1347
1347
1347
1347
1347
8
19
1347
1347
1347
1347
1347
1347
1347
1347
1347
1347
1347
1347
1347
1347
1347
1347
1347
1347
1347
1347
1347
1347
1347
1347
1347
1347
385
386
386
387
386
399
63
63
61
49
1180
409
39
528
528
532
1347
1347
1347
1347
1347
1347
1347
165
270
523
117
76
519
70
519
519
376
1347
1347
1347
124
124
552
422
55
517
517
518
249
248
136
186
305
471
436
541
234
234
240
229
196
220
196
220
315
148
159
157
17
319
168
158
158
1118
13
1172
297
93
93
1118
1170
86
86
393
394
394
394
318
203
395
23
20
317
205
324
20
306
306
306
525
525
525
318
167
525
525
525
319
319
1213
1270
259
110
301
483
352
451
1255
411
1312
426
1314
1182
45
514
1187
4
4
5
5
518
245
1175
484
251
55
1177
117
1176
56
83
195
208
346
218
224
213
496
217
504
178
337
460
28
252
36
1254
36
1254
36
209
235
280
280
257
257
478
478
478
106
1208
11
184
184
298
448
464
115
114
536
427
428
1251
1295
527
57
38
57
392
407
382
34
383
384
1347
1347
1347
1347
1347
1347
1347
1347
1347
1347
1347
1347
1347
1347
1347
1347
1347
1347
1347
548
1297
1297
1254
36
36
478
1347
1347
1347
1347
1347
537
1347
232
1347
1347
1347
1347
1347
1347
1347
1347
1347
1347
1347
1347
1347
1347
1347
1347
1347
1347
1347
1347
1347
1347
1347
1347
1347
1347
1347
29
1347
291
48
48
1347
1347
1347
1347
1347
1347
1347
1347
1347
1347
1347
1347
1347
1347
1347
1347
1347
1347
1347
1347
1347
1347
1347
1347
1347
530
532
528
528
1347
1347
1347
41
1347
65
41
41
41
1347
1347
1347
1347
1347
1347
1347
1347
1347
531
1347
1347
1347
1347
1347
1347
1347
1347
1347
1347
1347
1347
1347
1347
397
36
1254
1254
478
280
280
1347
1347
280
36
36
1347
1347
1347
1347
1347
1347
1347
1347
1347
1347
1347
1347
1347
1347
1347
1347
1347
1347
1347
1347
1347
1347
1347
1347
1347
1347
1347
1347
1347
1347
1347
1347
1347
1347
1347
1347
1347
1347
1347
1347
1347
1347
1347
1347
1347
1347
1347
1347
1347
280
280
280
280
36
1347
280
1347
280
280
280
280
280
280
1254
1347
1347
1347
1347
1347
1347
1347
1347
1347
1347
1347
1347
1347
1347
280
280
1347
1347
1347
1347
1347
1347
1347
1347
1347
1347
1347
1347
1347
478
478
1347
1347
1347
1347
1347
1347
1347
1347
1347
1347
1347
1347
1347
1347
211
1104
1103
1103
121
241
121
1105
211
440
153
1104
1109
1109
1109
1109
1111
187
1113
244
238
238
238
238
137
211
188
137
1116
440
287
440
287
1116
1115
1113
1109
187
238
211
188
287
287
440
1116
1115
1114
1114
1114
1113
1113
1106
1112
1104
1103
1108
1111
1111
1111
316
316
187
350
187
230
237
121
241
244
237
316
467
467
265
198
1112
327
237
311
22
32
1323
433
1324
1324
1324
1124
1130
659
661
681
682
662
1343
1345
1344
1346
722
1151
966
1154
1153
1145
1146
1145
810
853
944
962
851
851
795
15
795
15
27
1347
1347
1347
1347
1347
1347
1347
1347
1347
1347
1347
1347
1347
1347
1347
1347
1347
1347
1347
1347
1347
1347
19
19
1347
1347
1347
1347
1347
1347
1347
1347
1347
1347
1347
1347
1347
1347
1347
1347
1347
1347
622
623
622
622
601
604
604
576
564
1194
937
1041
1043
1043
1036
1347
1347
1347
1347
1347
1347
1347
1347
1347
1347
813
829
809
812
762
964
625
649
647
644
1347
1347
1347
736
736
737
606
619
646
888
887
715
693
705
692
695
695
695
1015
754
756
883
865
869
827
842
861
971
861
969
791
911
787
920
789
788
784
1162
668
668
764
797
1020
797
797
854
855
851
795
813
831
832
981
982
856
982
982
982
854
851
982
982
982
920
920
1119
1119
1202
1262
705
691
1000
1000
667
637
630
938
1248
1332
568
582
1334
1192
588
586
646
1300
1287
1299
879
1157
760
894
1197
964
1289
593
685
813
15
838
825
803
956
867
849
850
909
907
906
1055
897
1244
1029
1029
1029
1244
873
827
872
808
1028
793
793
1064
1064
1064
727
773
773
860
670
924
1019
738
1056
821
864
1064
674
581
597
1247
1293
1024
595
1047
595
1046
996
572
998
1034
1347
1347
1347
1347
1347
1347
1347
1347
1347
1347
1347
1347
1347
1347
1347
1347
1347
1347
1347
1065
1291
1291
1244
1029
1029
1028
1064
1347
1347
1347
1347
1347
1059
1347
878
1347
1347
1347
1347
1347
1347
1347
1347
1347
1347
1347
1347
1347
1347
1347
1347
1347
1347
1347
1347
1347
1347
1347
1347
1347
1347
1347
1347
1347
1347
1031
1031
1347
1347
1347
1347
1347
1347
1347
1347
1347
1347
1347
1347
1347
1347
1347
1347
1347
1347
1347
1347
1347
1347
1347
1038
1036
1043
1043
1347
1347
1347
1042
1347
1347
1025
1042
1042
1042
1347
1347
1347
1347
1347
1347
1347
1347
1347
1347
1347
1347
1347
1347
1347
1347
1347
1347
1347
1347
1244
1244
1064
1064
1347
1347
1028
1028
1029
1347
1347
1347
1347
1347
1347
1347
1347
1347
1347
1347
1347
1347
1347
1347
1347
1347
1347
1347
1347
1347
1347
1347
1347
1347
1347
1347
1347
1347
1347
1347
1347
1347
1347
1347
1347
1347
1347
1347
1347
1347
1347
1347
1347
1347
1347
1347
1347
1347
1347
1347
1347
1347
1347
1347
1028
1028
1028
1028
1028
1028
1028
1347
1347
1028
1028
1347
1347
1347
1347
1028
1244
1347
1347
1347
1347
1347
1347
1347
1347
1347
1347
1347
1347
1347
1347
1028
1028
1347
1347
1347
1347
1347
1347
1347
1347
1347
1347
1347
1347
1347
1347
1347
1347
1028
1347
1028
1347
1347
1347
1347
1347
1347
1347
1347
1347
1347
1347
1347
1347
752
752
1090
1091
731
728
731
728
731
1092
1091
776
777
1095
1090
1095
1095
1095
1095
1100
1100
733
876
876
876
749
987
752
987
749
992
1101
1102
1102
1071
1012
1102
1102
1095
777
876
752
987
992
992
1012
1071
1102
1101
1093
986
1093
1100
1094
1099
1099
1092
1090
1091
1096
1095
1095
1095
1095
1097
846
777
846
870
777
728
731
733
875
875
871
732
984
1095
710
812
1343
702
1344
709
1344
410
410
1310
48
48
1347
1347
48
1310
411
426
427
57
52
1307
274
426
425
274
57
57
1307
1219
1282
57
1347
1347
1347
1282
1176
1347
1347
1176
1176
1347
1347
352
1347
1347
1347
1347
1347
1347
1347
364
0
402
60
402
7
427
1347
1315
1178
423
424
1178
424
423
1000
1000
1020
1347
1347
1347
1132
15
1132
1307
48
1347
400
400
399
401
401
10
10
400
1317
430
1323
433
55
1221
72
1324
55
1221
1123
1123
1124
1124
1135
1136
1129
262
423
423
32
565
565
1330
1036
1038
1036
1037
1043
565
1330
568
582
581
595
594
1327
582
595
595
1327
1290
595
1347
1290
1156
1347
1347
1156
1156
1347
1347
630
1347
1347
1347
1347
1347
1347
1347
1043
620
1037
581
1335
1335
1334
1196
600
580
1290
1289
1347
1347
1327
602
602
601
1333
621
621
602
1337
1343
636
702
606
1239
655
592
606
1344
1140
1140
1144
1144
1154
1153
1146
600