0.0022899999748915 0.4458909928798676 0.1607729941606522
0.0013139999937266 0.4376809895038605 0.1875420063734055
-0.0001140000022132 0.4196180105209350 0.2299479991197586
-0.0001100000008591 0.4203720092773437 0.2553020119667053
0.0000060000002122 0.4366720020771027 0.2740989923477173
-0.0000009999999974 0.4578520059585571 0.2835809886455536
-0.0000019999999949 0.4736930131912232 0.2865400016307831
0.0000299999992421 0.5065119862556458 0.3013400137424469
0.0000199999994947 0.5165050029754639 0.3129149973392486
0.0000710000022081 0.5294319987297058 0.3175249993801117
-0.0001939999929163 0.5415310263633728 0.3081609904766083
0.0007880000048317 0.8796340227127075 0.3320119976997375
0.0014830000000074 0.8213449716567994 0.3655270040035248
-0.0023930000606924 0.7858039736747741 0.3920289874076844
-0.0004410000110510 0.6972380280494691 0.3431609869003296
0.0011230000527575 0.6611570119857788 0.3467710018157959
-0.0004309999931138 0.9258990287780762 0.3283709883689880
0.0000000000000000 0.7377099990844727 0.4051490128040314
-0.0000299999992421 0.7503659725189210 0.4086660146713257
-0.0001530000008642 0.6462519764900207 0.3533549904823303
0.0001880000054370 0.7104439735412598 0.3716289997100830
0.0000000000000000 0.7261980175971985 0.3975000083446502
0.0000159999999596 0.6355130076408387 0.3540889918804169
-0.0001340000017080 0.7060539722442627 0.3534719944000244
-0.0010280000278726 0.8995010256767273 0.3231750130653381
0.0025679999962449 0.7998700141906738 0.3814809918403626
0.0012169999536126 0.7688329815864563 0.4028919935226440
-0.0001729999930830 0.9559490084648132 0.3315280079841614
-0.0000340000005962 1.0445590019226070 0.3041960000991821
0.0000000000000000 1.1443990468978880 0.2584249973297119
0.0001959999935934 1.0953689813613890 0.2838349938392639
-0.0000070000000960 0.7168779969215393 0.3857049942016602
-0.0008629999938420 0.6807630062103272 0.3435170054435730
0.0000009999999974 0.4907329976558685 0.2900229990482330
-0.0001209999973070 0.4263739883899689 0.2110940068960190
-0.0008009999874047 0.8598290085792541 0.3427389860153198
0.2035430073738098 0.7508800029754638 0.0704929977655410
0.1831009984016419 0.6801189780235291 0.0833169966936111
0.0976720005273819 0.5009120106697082 0.1329919993877411
0.0802519991993904 0.4758279919624328 0.1581179946660996
0.0835549980401992 0.4826790094375610 0.1414919942617416
0.1022450029850006 0.5086020231246948 0.1140559986233711
0.0639239996671676 0.4582259953022003 0.2198739945888519
0.0711859986186027 0.4638699889183044 0.1923149973154068
0.1087789982557297 0.5167940258979797 0.1255709975957871
0.0567209981381893 0.4672029912471772 0.2431479990482330
0.0813739970326423 0.5043709874153137 0.2109490036964417
0.0913740023970603 0.5055270195007324 0.1816989928483963
0.1182610020041466 0.5321009755134582 0.1068859994411468
0.0734610036015510 0.5108119845390320 0.2326149940490723
0.1073030009865761 0.5437359809875488 0.1858710050582886
0.0967859998345375 0.5459089875221252 0.2180140018463135
0.1359519958496094 0.5701439976692200 0.1241490021348000
0.1097270026803017 0.6527420282363891 0.2637220025062561
0.0858390033245086 0.6340199708938598 0.2808899879455566
0.0849509984254837 0.5837039947509765 0.2638660073280334
0.1062429994344711 0.5910909771919250 0.2385150045156479
0.1463340073823929 0.5857689976692200 0.1016319990158081
0.0521150007843971 0.4834420084953308 0.2545070052146912
0.0864519998431205 0.5500289797782898 0.2400189936161041
0.0461379997432231 0.5007529854774475 0.2666670083999634
0.0691730007529258 0.5198550224304199 0.2462359964847565
0.0420489981770515 0.5351930260658264 0.2949509918689728
0.0633540004491806 0.5326189994812012 0.2631689906120300
0.1950010061264038 0.7669060230255127 0.1598190069198608
0.1708279997110367 0.6476539969444275 0.0912370011210441
0.0576450005173683 0.5554469823837280 0.2855730056762695
0.0735369995236396 0.5600870251655579 0.2654039859771729
0.0799140036106109 0.5548719763755798 0.2532590031623840
0.0800369977951049 0.5836039781570435 0.2702420055866242
0.0412760004401207 0.5427939891815185 0.3025520145893097
0.0635680034756660 0.5670620203018188 0.2826929986476898
0.0744120031595230 0.5844979882240296 0.2782129943370819
0.0935809984803199 0.8047260046005249 0.2729400098323822
0.0943880006670951 0.7875800132751465 0.2803530097007751
0.0401390008628368 0.5499370098114013 0.3052960038185119
0.0569609999656677 0.5611360073089599 0.2902509868144989
0.0648519992828369 0.5789549946784973 0.2866689860820770
0.0778440013527870 0.6243439912796020 0.2877019941806793
0.0819419994950294 0.6280059814453125 0.2833389937877655
0.0380109995603561 0.5583890080451965 0.2973749935626984
0.0559629984200000 0.5618810057640076 0.2917209863662720
0.0626199990510940 0.5686749815940857 0.2845160067081452
0.0674600005149841 0.6092650294303894 0.2976500093936920
0.0771209970116615 0.6436089873313903 0.2912409901618957
0.0637509971857071 0.7981399893760681 0.2953310012817383
0.0610050000250339 0.7691000103950501 0.3108829855918884
0.1559659987688065 0.7669389843940735 0.2467990070581436
0.1745239943265915 0.8016319870948791 0.2264910042285919
0.0512910000979900 0.5662909746170044 0.2914710044860840
0.0604210011661052 0.5696570277214051 0.2883839905261994
0.0619079992175102 0.5765590071678162 0.2904649972915649
0.0703930035233497 0.6333259940147400 0.2980409860610962
0.0674550011754036 0.7383790016174317 0.3072049915790558
0.0651080012321472 0.8211100101470948 0.2788279950618744
0.0647929981350898 0.8092849850654602 0.2882440090179443
0.0922159999608993 0.8131859898567200 0.2691690027713776
0.0575530007481575 0.5689100027084351 0.2902030050754547
0.0603279992938041 0.5744100213050842 0.2909950017929077
0.0603369995951652 0.5947099924087524 0.3031089901924133
0.1634330004453659 0.8122900128364563 0.2349839955568314
0.1693229973316193 0.8163570165634156 0.2280730009078980
0.2001619935035706 0.8740980029106140 0.1671810001134872
0.0593210011720657 0.5743029713630676 0.2915059924125672
0.0594209991395473 0.5885630249977112 0.3017599880695343
0.0634760037064552 0.6223090291023254 0.3055639863014221
0.0227499995380640 0.8477290272712708 0.3310039937496186
0.0217519998550415 0.8139610290527343 0.3532760143280029
0.0374509990215301 0.7960730195045471 0.3319669961929322
0.0529289990663528 0.8344860076904297 0.2802549898624420
0.0511809997260570 0.8236489892005920 0.2917320132255554
0.0799610018730163 0.8185470104217530 0.2717719972133636
0.0954369977116584 0.8359879851341248 0.2577370107173920
0.0988819971680641 0.8489189743995666 0.2531900107860565
0.1926649957895279 0.8172330260276795 0.1917739957571030
0.1873179972171783 0.8302599787712097 0.2009000033140182
0.0531289987266063 0.5800169706344604 0.3018800020217896
0.0504980012774467 0.6205909848213196 0.3219470083713532
0.0617690011858940 0.7491409778594971 0.3253310024738312
0.0221439991146326 0.8693820238113403 0.3192529976367951
0.0140060000121593 0.8754640221595764 0.3272010087966919
0.1018600016832352 0.8856850266456604 0.2500860095024109
0.1539700031280517 0.8344309926033020 0.2335709929466248
0.1459929943084717 0.8494049906730652 0.2360990047454834
0.1840489953756332 0.8674719929695130 0.2023099958896637
0.1972309947013855 0.9177719950675964 0.1976870000362396
0.2002850025892258 0.7975069880485535 0.1491570025682449
0.2056279927492142 0.7883930206298828 0.0965870022773742
0.2094590067863464 0.8966289758682252 0.1044749990105629
0.2032919973134995 0.8272609710693359 0.1407160013914108
0.0481319986283779 0.6120920181274414 0.3238439857959747
0.0425769984722137 0.6954920291900635 0.3234609961509704
0.0662309974431991 0.7419009804725647 0.3137429952621460
0.0607829988002777 0.7447559833526611 0.3335480093955994
0.0528470017015934 0.7568160295486450 0.3425349891185761
0.0462209992110729 0.8546149730682373 0.2753989994525909
0.0843349993228912 0.8369579911231995 0.2591870129108429
0.1451839953660965 0.8788080215454102 0.2358729988336563
0.1785960048437118 0.8635720014572143 0.2072789967060089
0.1832239925861359 0.8919180035591126 0.2200350016355515
0.1898359954357147 0.9058030247688293 0.2175119966268540
0.2132879942655563 0.9011859893798828 0.0764430016279220
0.2074709981679916 0.8908209800720215 0.1242389976978302
0.0410659983754158 0.5956259965896607 0.3202089965343475
0.0316010005772113 0.6706749796867370 0.3385620117187500
0.0664130002260208 0.7282029986381531 0.3096069991588593
0.0641190037131309 0.7271689772605896 0.3298130035400390
0.0522809997200965 0.7497479915618897 0.3503920137882233
0.0334290005266666 0.7742210030555725 0.3699139952659607
0.0243839994072914 0.7795450091361999 0.3791190087795258
0.0128859998658299 0.8187990188598633 0.3608669936656952
0.0384109988808631 0.8550810217857361 0.2889060080051422
0.0292789991945028 0.8808959722518921 0.3049280047416687
0.0911279991269111 0.8816080093383789 0.2528649866580963
0.2026879936456680 0.9523370265960694 0.1550969928503036
0.0316129997372627 0.6449379920959473 0.3435139954090118
0.0610509999096393 0.7137879729270935 0.3101260066032410
0.0602269992232322 0.7164999842643738 0.3259670138359070
0.0573999993503093 0.7208470106124878 0.3339850008487701
0.0532049983739852 0.7389060258865357 0.3512159883975983
0.0535509996116161 0.7340769767761230 0.3505449891090393
0.0377650000154972 0.9127320051193238 0.3140499889850616
0.0264589991420507 0.9207969903945923 0.3226720094680786
0.1872719973325729 0.9193239808082580 0.2313839942216873
0.1798499971628189 0.9022259712219238 0.2337999939918518
0.0287660006433725 0.6326329708099365 0.3465250134468079
0.0182900000363588 0.6708700060844421 0.3478989899158478
0.0105149997398257 0.7002410292625427 0.3452689945697784
0.0486419983208179 0.7260159850120544 0.3512870073318481
0.0361949987709522 0.7465080022811890 0.3825330138206482
0.0239160005003213 0.7484689950942993 0.3979749977588653
0.0206020008772611 0.7364749908447265 0.3967669904232025
0.0316930003464222 0.7356600165367127 0.3853229880332947
0.0131909996271133 0.7835900187492371 0.3878749907016754
0.1713930070400238 0.8664510250091553 0.2141339927911758
0.1767700016498566 0.8867239952087402 0.2235089987516403
0.1919540017843246 0.9365059733390808 0.2171030044555664
0.1989759951829910 0.9972199797630310 0.1587300002574921
0.1968069970607757 0.9772779941558838 0.1773310005664825
0.0220800004899501 0.6161090135574341 0.3409590125083923
0.0257350001484155 0.7272239923477172 0.3851540088653564
0.0180629994720220 0.7259849905967712 0.3908640146255493
0.0137059995904564 0.7129060029983520 0.3694509863853455
0.0171719994395971 0.9226430058479309 0.3258439898490906
0.0399999991059303 0.8847190141677856 0.2907299995422364
0.0777650028467178 0.8540999889373779 0.2533139884471893
0.0735459998250007 0.8411689996719360 0.2596600055694580
0.0806510001420974 0.8754829764366150 0.2516610026359558
0.1565700024366379 0.8727380037307739 0.2293779999017716
0.1674250066280365 0.9036430120468140 0.2493779957294464
0.0142829995602369 0.5475469827651978 0.3063890039920807
0.0232430007308721 0.6492170095443726 0.3497920036315918
0.0123300002887845 0.7494199872016906 0.4049620032310486
0.0110099995508790 0.7372729778289795 0.4022000133991242
0.0792229995131492 0.9221410155296325 0.3036609888076782
0.0833420008420944 0.9506310224533082 0.3187220096588135
0.0548730008304119 0.8578659892082214 0.2629140019416809
0.0595550015568733 0.8582789897918701 0.2582510113716125
0.1613820046186447 0.8555619716644287 0.2193360030651092
0.1643539965152740 0.8883619904518127 0.2361620068550110
0.1668840050697327 0.9479609727859497 0.2669970095157623
0.1647869944572449 0.9276450276374817 0.2669639885425568
0.0175190009176731 0.6344450116157532 0.3528060019016266
0.0230400003492832 0.7145490050315857 0.3389309942722321
0.0146549995988607 0.7110430002212525 0.3530389964580536
0.0178110003471374 0.7147660255432129 0.3548910021781921
0.0089269997552037 0.7257189750671387 0.3950400054454803
0.0062230001203715 0.7108610272407532 0.3710969984531403
0.0754360035061836 0.9704939723014831 0.3214389979839325
0.0786229968070983 0.9073680043220520 0.2895509898662567
0.0607159994542598 0.8613209724426269 0.2560060024261475
0.1515250056982040 0.8754450082778931 0.2310400009155273
0.1598230004310608 0.8925349712371826 0.2443190068006516
0.1497800052165985 0.9779340028762817 0.2811900079250336
0.2017890065908432 1.0194280147552490 0.1366750001907349
0.0118859997019171 0.6200940012931823 0.3448710143566132
0.0076879998669028 0.7070159912109375 0.3544690012931824
0.1034559980034828 0.9529569745063781 0.3118830025196076
0.0985030010342598 0.9759110212326049 0.3136869966983795
0.0983270034193992 0.9310669898986816 0.3043650090694428
0.0529339984059333 0.8678420186042785 0.2656469941139221
0.1593780070543289 0.9141169786453247 0.2642759978771210
0.1507879942655563 0.9596779942512512 0.2836979925632477
0.1471299976110458 0.9338570237159729 0.2845520079135895
0.1251720041036606 0.9792199730873108 0.2998470067977905
0.0069510000757873 0.5438389778137207 0.3077659904956818
0.1192509979009628 0.9359430074691772 0.2993299961090088
0.1273919939994812 0.9579480290412902 0.3009079992771149
0.0962809994816780 0.9165549874305725 0.2940909862518310
0.0827630013227462 0.8982689976692200 0.2721230089664459
0.0887299999594688 0.8869460225105285 0.2608889937400818
0.1759150028228760 1.0482510328292850 0.2070260047912598
0.1810519993305206 1.0704090595245360 0.1847980022430420
0.1145740002393723 0.9224789738655090 0.2931599915027619
0.1486019939184189 0.8947730064392090 0.2538549900054932
0.1374430060386658 0.9208350181579590 0.2830370068550110
0.0977829992771148 0.9014199972152710 0.2734729945659637
0.1002079993486404 0.8895379900932312 0.2625739872455597
0.1363739967346191 0.8833130002021789 0.2406709939241409
0.1518040001392364 1.0651860237121580 0.2362229973077774
0.1133920028805733 0.9019899964332581 0.2723520100116730
0.1118540018796921 0.8876879811286926 0.2495689988136292
0.1145730018615723 0.8908659815788269 0.2637659907341004
0.1305020004510880 0.9014310240745545 0.2681669890880585
0.1228080019354820 0.8873739838600159 0.2475990056991577
0.1596619933843613 1.0907069444656370 0.2119770050048828
0.1319330036640167 1.1085549592971800 0.2312940061092377
0.1057490035891533 1.1215920448303220 0.2434670031070709
0.0745420008897781 1.0862449407577520 0.2773059904575348
0.0996059998869895 1.0830630064010620 0.2683849930763244
0.0809210017323494 1.1302429437637330 0.2510580122470856
0.0497270002961158 1.0450849533081050 0.2997229993343353
0.0733740031719207 1.0430439710617070 0.2952939867973327
0.0962669998407363 1.0436040163040160 0.2867850065231323
0.1202889978885651 1.0427399873733520 0.2739599943161011
0.1449429988861084 1.0341199636459350 0.2574020028114319
0.1702719926834107 1.0188519954681400 0.2292390018701553
0.0219930000603199 0.8872969746589660 0.3144820034503937
0.0153419999405741 0.8939279913902282 0.3193649947643280
0.0678180009126663 0.8284400105476379 0.2715669870376587
0.0383460000157356 0.8411480188369751 0.2985650002956390
0.0485100001096725 0.7832400202751159 0.3201659917831421
0.0605189986526966 0.6957139968872070 0.3072080016136170
0.0501010008156299 0.6512029767036438 0.3231970071792602
0.0432359986007213 0.6330239772796631 0.3319259881973267
0.1378570050001144 0.8484579920768737 0.2417909950017929
0.1445039957761764 0.8320260047912598 0.2410250008106232
0.1555249989032745 0.8121150135993957 0.2409539967775345
0.1582439988851547 0.7935780286788941 0.2444439977407455
0.1364559978246689 0.7704039812088013 0.2623940110206604
0.0349700003862381 0.6251929998397827 0.3409709930419922
0.0277130007743835 0.6110000014305115 0.3357219994068146
0.0212290007621049 0.5503479838371277 0.3021920025348663
0.1317600011825562 0.5995079874992371 0.1854680031538010
0.1225690022110939 0.5957940220832824 0.2078330069780350
0.1556790024042130 0.6283990144729614 0.1452199965715408
0.1630389988422394 0.6546940207481384 0.1559959948062897
0.1300600022077560 0.6321399807929993 0.2245779931545258
0.1780000030994415 0.8311160206794739 0.2130959928035736
0.1640979945659637 0.8424620032310486 0.2216240018606186
0.2088509947061539 0.7844079732894898 0.0680999979376793
0.1245990023016930 1.0767489671707150 0.2556180059909820
0.0240930002182722 1.0943009853363040 0.2833020091056824
0.0513530001044273 0.7646830081939697 0.3348079919815064
0.0320620015263557 0.7863190174102783 0.3592039942741394
0.0233449991792440 0.7919430136680603 0.3685759902000428
0.0131879998371005 0.7966679930686950 0.3772749900817871
0.1626150012016296 0.8684740066528320 0.2226479947566986
0.1598780006170273 0.8371589779853821 0.2278980016708374
0.1748110055923462 0.8240249752998353 0.2193419933319092
0.1800210028886795 0.8105310201644897 0.2169799953699112
0.1891909986734390 0.8047580122947693 0.2020100057125092
0.0348699986934661 0.7609159946441650 0.3784480094909668
0.0241100005805492 0.7653340101242066 0.3906350135803222
0.0123889995738864 0.7679799795150757 0.3987930119037628
0.0270990002900362 1.1423399448394780 0.2577370107173920
0.0654430016875267 0.7122560143470765 0.3040939867496490
0.0629059970378875 0.7527189850807190 0.3165050148963928
0.0458009988069534 0.8691409826278687 0.2756299972534180
0.0908360034227371 0.7172589898109436 0.2885710000991821
0.0807750001549720 0.6936089992523194 0.2925759851932525
0.0777190029621124 0.6813769936561585 0.2943159937858582
0.1144699975848198 0.7772979736328125 0.2732709944248199
0.1114709973335266 0.7992449998855590 0.2683739960193634
0.1067269966006279 0.8101369738578797 0.2659049928188324
0.1079000011086464 0.8334310054779053 0.2560839951038361
0.0377810001373291 0.7105950117111206 0.3276009857654572
0.0719180032610893 0.6644870042800904 0.2984499931335449
0.0656690001487732 0.6511980295181275 0.3047559857368469
0.0575370006263256 0.6379659771919250 0.3146019876003265
0.0572660006582737 0.6063439846038819 0.3107460141181946
0.0557500012218952 0.5970979928970337 0.3101559877395630
0.0479409992694854 0.5867120027542115 0.3102129995822906
0.0448089987039566 0.5626019835472107 0.2941569983959198
0.0543430000543594 0.8413810133934021 0.2718810141086578
0.0622670017182827 0.8505949974060059 0.2593509852886200
0.0656860023736953 0.8676540255546570 0.2551720142364502
0.0172129999846220 0.7148450016975402 0.3687210083007812
0.0224590003490448 0.7040230035781860 0.3386879861354828
0.0404909998178482 0.7325689792633057 0.3693009912967682
0.0514530017971992 0.7081930041313171 0.3199949860572815
0.0070839999243617 0.7167279720306396 0.3838840126991272
0.0150849996134638 0.7181209921836852 0.3820050060749054
0.0198550000786781 0.7190440297126770 0.3791669905185699
0.0229609999805688 0.7189580202102661 0.3642239868640900
0.1580220013856888 0.8775209784507752 0.2380370050668716
0.1519529968500137 0.8781399726867676 0.2433039993047714
0.1396750062704086 0.8824859857559204 0.2487819939851761
0.1265980005264282 0.8866389989852905 0.2597079873085022
0.0586679987609386 0.8634470105171204 0.2585679888725281
0.0655910000205040 0.8556479811668396 0.2549079954624176
0.0875459983944892 0.8502680063247681 0.2539100050926209
0.1100319996476173 0.8488460183143616 0.2516059875488281
0.1523980051279068 0.8512690067291260 0.2300599962472916
0.1731590032577515 0.8947349786758423 0.2355300039052963
0.1932319998741150 1.0461440086364750 0.1605989933013916
0.1900849938392639 1.0229400396347050 0.1812569946050644
0.1863649934530258 1.0011709928512570 0.2018540054559708
0.1810850054025650 0.9530919790267945 0.2416180074214935
0.1781149953603745 0.9347590208053588 0.2509529888629913
0.1746529936790466 0.9126530289649964 0.2484879940748215
0.1621219962835312 0.8737999796867370 0.2308750003576279
0.1659429967403412 0.8798440098762513 0.2275180071592331
0.1565490067005157 0.8548039793968201 0.2243510037660599
0.0316979996860027 0.9587950110435485 0.3306330144405365
0.0536190010607242 0.9625570178031922 0.3270919919013977
0.0674780011177063 0.9457989931106568 0.3228870034217834
0.0640520006418228 0.9151160120964050 0.3029029965400696
0.0653870031237602 0.8986049890518189 0.2830759882926941
0.0726739987730980 0.8920009732246399 0.2674989998340607
0.0803230032324790 0.8790299892425537 0.2588230073451996
0.0842309966683387 0.6534510254859924 0.2859399914741516
0.0883940011262893 0.6641770005226135 0.2841010093688965
0.1044040024280548 0.6831189990043640 0.2755210101604462
0.1169269979000092 0.7534360289573669 0.2737430036067963
0.0081270001828670 0.5299609899520874 0.3178060054779053
0.0075509999878704 0.5172089934349060 0.3123010098934173
0.0056560002267360 0.5078859925270081 0.3019070029258728
0.0079429997131228 0.4749020040035248 0.2864870131015778
0.0093940002843737 0.4579930007457733 0.2833720147609711
0.0123960003256797 0.4364719986915588 0.2733030021190643
0.0113059999421238 0.4199199974536896 0.2516649961471558
0.0149839995428919 0.4219180047512054 0.2242079973220825
0.0200880002230405 0.4412209987640381 0.1805700063705444
0.0177629999816417 0.4476960003376007 0.1599110066890716
0.0176229998469352 0.5318099856376648 0.3166880011558532
0.0164689999073743 0.5198479890823364 0.3110669851303101
0.0149729996919631 0.5095679759979248 0.3002440035343170
0.0164429992437362 0.4761820137500763 0.2847490012645721
0.0188299994915723 0.4584929943084717 0.2812199890613556
0.0232430007308721 0.4365450143814087 0.2702730000019074
0.0241470001637935 0.4220449924468994 0.2475920021533966
0.0294729992747306 0.4264850020408630 0.2175640016794205
0.0328669995069503 0.4454210102558136 0.1744599938392639
0.0334430001676082 0.4507170021533966 0.1595250070095062
0.0246869996190071 0.5365300178527832 0.3144010007381439
0.0246190000325441 0.5244380235671997 0.3085809946060180
0.0232670009136199 0.5131819844245910 0.2977690100669861
0.0238129999488592 0.4798179864883423 0.2813580036163330
0.0284540001302957 0.4568530023097992 0.2753689885139465
0.0341779999434948 0.4381000101566315 0.2636179924011230
0.0376700013875961 0.4270099997520447 0.2401890009641647
0.0456769987940788 0.4342719912528992 0.2124399989843369
0.0493079982697963 0.4505049884319306 0.1725839972496033
0.0499330013990402 0.4562000036239624 0.1569709926843643
0.0506789982318878 0.5566719770431519 0.2972480058670044
0.0507510006427764 0.5550159811973572 0.2964130043983459
0.0503129996359348 0.5467270016670227 0.2912769913673401
0.0599820017814636 0.5006359815597534 0.2484299987554550
0.0642749965190887 0.4896030128002167 0.2358179986476898
0.0713189989328384 0.4786579906940460 0.2132200002670288
0.0793029963970184 0.4801230132579804 0.1842329949140549
0.0916860029101371 0.4932050108909607 0.1497559994459152
0.0412960015237331 0.6802200078964233 0.3265480101108551
0.0283620003610849 0.6888740062713623 0.3366090059280396
0.0136209996417164 0.6871899962425231 0.3452849984169006
0.0719529986381530 0.6178529858589172 0.2940770089626312
0.0701910033822059 0.5819309949874877 0.2819330096244812
0.0692010000348091 0.5637210011482239 0.2736279964447021
0.0611109994351863 0.5458139777183533 0.2745749950408936
0.0523740015923976 0.5331259965896607 0.2783440053462982
0.0446860007941722 0.5208610296249389 0.2791689932346344
0.0232929997146129 0.4985640048980713 0.2862629890441894
0.0143389999866485 0.4933759868144989 0.2890129983425140
0.0057259998284280 0.4917789995670319 0.2901419997215271
0.0179650001227855 0.4296930134296417 0.2059219926595688
0.0326629988849163 0.4350720047950744 0.1977940052747726
0.0488479994237422 0.4427450001239777 0.1906899958848953
0.0761789977550506 0.4705519974231720 0.1742119938135147
0.0863810032606124 0.4876889884471893 0.1657339930534363
0.0963890030980110 0.5056340098381043 0.1612980067729950
0.1143739968538284 0.5445709824562073 0.1624999940395355
0.1408260017633438 0.6351029872894287 0.2016219943761826
0.1611959934234619 0.7384430170059204 0.2332050055265427
0.1655720025300980 0.7676889896392822 0.2371120005846024
0.1673489958047867 0.7953919768333435 0.2356729954481125
0.1023259982466698 0.5114439725875855 0.1452070027589798
0.1235129982233048 0.5532159805297852 0.1444219946861267
0.1439259946346283 0.6115189790725708 0.1631129980087280
0.1521800011396408 0.6415910124778748 0.1770920008420944
0.1735530048608780 0.7481619715690612 0.2171989977359772
0.0753120034933090 0.5724070072174072 0.2704260051250458
0.0807100012898445 0.5708770155906677 0.2622039914131164
0.0881370007991790 0.5698270201683044 0.2513880133628845
0.1013920009136200 0.5655310153961181 0.2268110066652298
0.1144319996237755 0.5657179951667786 0.1946080029010773
0.1222629994153976 0.5662959814071655 0.1693640053272247
0.1347579956054688 0.5816220045089722 0.1493429988622665
0.1506540030241012 0.6063240170478821 0.1276360005140305
0.1586569994688034 0.6162499785423279 0.0992759987711906
0.0697809979319572 0.5717509984970093 0.2773799896240234
0.0651730000972747 0.5720940232276916 0.2827390134334564
0.0616870000958442 0.5718200206756592 0.2876290082931518
0.0606449991464614 0.5724449753761292 0.2890959978103638
0.0591449998319149 0.5700809955596924 0.2892999947071075
0.1826339960098267 0.7894340157508850 0.2141309976577759
0.1690739989280701 0.8467050194740296 0.2155870050191879
0.1842390000820160 0.8197339773178100 0.2083940058946610
0.1804720014333725 0.8388550281524658 0.2080409973859787
0.1717150062322617 0.8502249717712402 0.2125169932842255
0.1650689989328384 0.8652390241622925 0.2173369973897934
0.1653909981250763 0.8573949933052063 0.2155739963054657
0.1677539944648743 0.8665080070495606 0.2178300023078918
0.0247610006481409 1.0438959598541260 0.3032729923725128
0.0495010018348693 1.0889619588851930 0.2819890081882477
0.0548629984259605 1.1381540298461910 0.2548100054264068
0.0131630003452301 0.8551470041275025 0.3392559885978699
0.0385200008749961 0.8268769979476929 0.3102219998836517
0.0502879992127418 0.8110830187797546 0.3019399940967560
0.0961330011487007 0.7733410000801087 0.2835919857025147
0.1344700008630753 0.7407600283622742 0.2614809870719910
0.1491619944572449 0.7371050119400024 0.2476589977741242
0.1851540058851242 0.7627500295639039 0.1983759999275207
0.1933729946613312 0.7858009934425354 0.1829449981451035
0.1676920056343079 0.9682940244674683 0.2606660127639771
0.1662530004978180 0.6446130275726318 0.1195800006389618
0.1973879933357239 0.7584490180015564 0.1315719932317734
0.2000769972801209 0.7544710040092468 0.1021969988942146
0.1745149940252304 0.7752789855003357 0.2252849936485291
0.1976529955863953 0.8073289990425110 0.1712480038404465
0.2049109935760498 0.9686989784240723 0.1353040039539337
0.2025779932737350 0.7915729880332947 0.1244509965181351
0.2086060047149658 0.9875760078430176 0.1094459965825081
0.1914470046758652 0.8706009984016419 0.1910790055990219
0.1394249945878983 0.7942140102386474 0.2577889859676361
0.1318159997463226 0.8112559914588928 0.2555260062217712
0.1267440021038055 0.8318650126457215 0.2505420148372650
0.1241059973835945 0.8479980230331421 0.2481279969215393
0.0625950023531913 0.7358409762382508 0.3334940075874328
0.1666229963302612 0.8610910177230835 0.2145240008831024
0.1675029993057251 0.8599730134010316 0.2140929996967316
0.1730359941720963 0.8545029759407044 0.2105620056390762
0.1810719966888428 0.8445810079574586 0.2056619971990585
0.1885090023279190 0.8396980166435242 0.1961089968681335
0.1936279982328415 0.8320819735527039 0.1861480027437210
0.1994269937276840 0.8286380171775818 0.1647749990224838
0.2062059938907623 0.8258849978446961 0.1181939989328384
0.2092269957065582 0.8239369988441467 0.0941350013017654
0.2122129946947098 0.8215249776840210 0.0674109980463981
0.0748300030827522 0.7489719986915588 0.3011119961738586
0.0785249993205070 0.7854670286178589 0.2902570068836212
0.0782340019941329 0.7971169948577880 0.2849780023097992
0.0792829990386962 0.8107590079307556 0.2765710055828094
0.0561389997601509 0.6691709756851196 0.3140749931335449
0.0407380014657974 0.6622089743614196 0.3316499888896942
0.0373260006308555 0.6378419995307922 0.3383690118789673
0.0653569996356964 0.7243369817733765 0.3198460042476654
0.0662510022521019 0.7385879755020142 0.3202530145645142
0.0289530009031295 0.8592450022697449 0.3095700144767761
0.0294560007750988 0.8406950235366821 0.3206340074539185
0.0296790003776550 0.8070380091667176 0.3429470062255859
0.0400689989328384 0.7769749760627747 0.3477829992771149
0.0429509989917278 0.7653859853744507 0.3574909865856171
0.0415900014340877 0.7564340233802796 0.3674699962139130
0.0418139994144439 0.7443100214004517 0.3704769909381866
0.0418549999594688 0.7382869720458985 0.3693949878215790
-0.0000170000002981 0.9964709877967835 0.3228040039539337
0.0281540006399154 0.9982579946517944 0.3205190002918243
0.0526730008423328 1.0004889965057370 0.3160800039768219
0.0769869983196258 1.0034539699554440 0.3095560073852539
0.1018910035490990 1.0080419778823850 0.2985019981861114
0.1249679997563362 1.0104470252990720 0.2861950099468231
0.1454730033874512 1.0056869983673100 0.2718519866466522
0.1663479954004288 0.9937390089035034 0.2501710057258606
0.1851589977741242 0.9760299921035767 0.2209089994430542
0.1952120065689087 0.9592300057411194 0.1948360055685043
0.2011860013008118 0.9363089799880982 0.1718270033597946
0.2055239975452423 0.8844209909439087 0.1418740004301071
0.0670619979500770 0.7312530279159546 0.3188740015029907
0.0677530020475387 0.4664199948310852 0.1504559963941574
0.0670469999313354 0.4611339867115021 0.1665930002927780
0.0662560015916824 0.4553659856319427 0.1836739927530289
0.0630469992756843 0.4501250088214874 0.2034150063991547
0.0517730005085468 0.4393759965896607 0.2324170023202896
0.0465749986469745 0.4468530118465423 0.2524040043354035
0.0415580011904239 0.4631580114364624 0.2643029987812042
0.0362339988350868 0.4854930043220520 0.2730810046195984
0.0348520018160343 0.5102199912071228 0.2827500104904175
0.0333300009369850 0.5218240022659302 0.2950539886951446
0.0319759994745254 0.5312039852142334 0.3061150014400482
0.0334279984235763 0.5418000221252442 0.3102050125598908
0.0295620001852512 0.5542849898338318 0.2998510003089905
0.0341060012578964 0.6029980182647706 0.3275339901447296
0.0406620018184185 0.6190239787101746 0.3340449929237366
0.0572579987347126 0.7126809954643250 0.3180150091648102
0.0303980000317096 0.7281230092048645 0.3469440042972564
0.1719959974288940 0.6687160134315491 0.1371610015630722
0.1769240051507950 0.6722900271415711 0.1137740015983582
0.0864840000867843 0.4877989888191223 0.1241950020194054
0.0184610001742839 0.4468950033187866 0.1477880030870438
0.0344539992511272 0.4524860084056854 0.1459800004959107
-0.0000639999998384 0.4450420141220093 0.1478510051965714
0.0509550012648105 0.4595049917697907 0.1431449949741364
0.0696830004453659 0.4713810086250305 0.1357499957084656
0.0559820011258125 0.5179200172424316 0.2637299895286560
0.2062029987573624 0.9242489933967590 0.1368730068206787
0.2078990042209625 0.9344540238380433 0.1179599985480308
0.2116840034723282 0.9446660280227661 0.0919649973511695
0.1650300025939941 0.8702459931373596 0.2243220061063766
0.1694429963827133 0.8725119829177856 0.2194869965314865
0.1770009994506836 0.8779590129852294 0.2152190059423447
0.1828120052814484 0.8812230229377747 0.2114759981632233
0.1907439976930618 0.8899109959602356 0.2039469927549362
0.1993950009346008 0.8956670165061951 0.1797019988298416
0.2043309956789017 0.9137870073318482 0.1552409976720810
0.2052980065345764 0.8541870117187500 0.1362230032682419
0.2079049944877625 0.8566579818725586 0.1173930019140244
0.2104219943284988 0.8583639860153198 0.0958030000329017
0.2134480029344559 0.8588399887084961 0.0701709985733032
0.1686290055513382 0.8627200126647949 0.2142779976129532
0.1725749969482422 0.8592039942741394 0.2106820046901703
0.1792919933795929 0.8524450063705444 0.2059279978275299
0.1866250038146973 0.8524990081787109 0.1969980001449585
0.1939020007848740 0.8493790030479432 0.1835100054740906
0.2007669955492020 0.8493720293045044 0.1610199958086014
-0.0713659971952438 0.4790619909763336 0.2134509980678558
-0.0793009996414184 0.4801619946956634 0.1842209994792938
-0.0913759991526603 0.5055320262908936 0.1816979944705963
-0.0813810005784034 0.5043780207633972 0.2109400033950806
-0.0113019999116659 0.4198949933052063 0.2516410052776337
-0.0149879995733499 0.4219520092010498 0.2241909950971604
-0.0294979996979236 0.4263840019702911 0.2175509929656982
-0.0242640003561973 0.4220220148563385 0.2476779967546463
-0.0642839968204498 0.4896560013294220 0.2358430027961731
-0.0734620019793510 0.5108140110969544 0.2326129972934723
-0.0963959991931915 0.5056319832801819 0.1613020002841949
-0.1023280024528503 0.5114480257034301 0.1452099978923798
-0.1235139966011047 0.5532190203666687 0.1444250047206879
-0.1143869981169701 0.5445970296859741 0.1625069975852966
-0.0124000003561377 0.4364640116691589 0.2732959985733032
-0.0232330001890659 0.4365560114383697 0.2702679932117462
-0.0376529991626739 0.4269889891147613 0.2401620000600815
-0.0456820018589496 0.4343090057373047 0.2124660015106201
-0.0630479976534843 0.4501320123672485 0.2034139931201935
-0.0517380014061927 0.4393680095672607 0.2324550002813339
-0.0605169981718063 0.5016059875488281 0.2479089945554733
-0.0691799968481063 0.5198690295219421 0.2461979985237122
-0.0967859998345375 0.5459089875221252 0.2180140018463135
-0.1073139980435371 0.5437669754028320 0.1858820021152496
-0.1144279986619949 0.5657250285148621 0.1946099996566772
-0.1013979986310005 0.5655289888381958 0.2268159985542297
-0.1346309930086136 0.5816749930381775 0.1493069976568222
-0.1222629994153976 0.5662990212440491 0.1693679988384247
-0.0093729998916387 0.4579879939556122 0.2833720147609711
-0.0188280008733272 0.4584969878196716 0.2812159955501556
-0.0341840013861656 0.4380989968776703 0.2636359930038452
-0.0465029999613761 0.4468280076980591 0.2525170147418976
-0.0639230012893676 0.4583800137042999 0.2200129926204681
-0.0567280016839504 0.4672960042953491 0.2431849986314773
-0.0864500030875206 0.5500349998474121 0.2400079965591431
-0.1097270026803017 0.6527410149574280 0.2637220025062561
-0.0857999995350837 0.6341220140457153 0.2809630036354065
-0.0849530026316642 0.5837069749832154 0.2638660073280334
-0.1062439978122711 0.5910940170288086 0.2385160028934479
-0.1359380036592484 0.5701519846916199 0.1241540014743805
-0.1463460028171539 0.5857800245285034 0.1016379967331886
-0.1586650013923645 0.6162499785423279 0.0992849990725517
-0.1506630033254623 0.6063169836997985 0.1276379972696304
-0.0284550003707408 0.4568549990653992 0.2753700017929077
-0.0415610000491142 0.4631600081920624 0.2642959952354431
-0.0881360024213790 0.5698230266571045 0.2513909935951233
-0.0611100010573863 0.5458130240440369 0.2745729982852936
-0.0524309985339641 0.5330349802970886 0.2781839966773987
-0.0559849999845027 0.5179179906845092 0.2637279927730560
-0.0633620023727417 0.5326250195503235 0.2631739974021912
-0.0799129977822303 0.5548769831657410 0.2532640099525452
-0.0807090029120445 0.5708780288696289 0.2622050046920776
-0.0057259998284280 0.4917840063571930 0.2901409864425659
-0.0079479999840259 0.4749040007591247 0.2864849865436554
-0.0164390001446008 0.4761820137500763 0.2847470045089722
-0.0143459998071193 0.4933800101280212 0.2890099883079529
-0.0800329968333244 0.5836049914360046 0.2702449858188629
-0.1719989925622940 0.6687150001525879 0.1371619999408722
-0.1974020004272461 0.7584879994392396 0.1315760016441345
-0.1949879974126816 0.7668020129203796 0.1598580032587052
-0.1630389988422394 0.6546930074691772 0.1559959948062897
-0.0232970006763935 0.4985669851303101 0.2862629890441894
-0.0238189995288848 0.4798339903354644 0.2813510000705719
-0.0362339988350868 0.4854969978332520 0.2730779945850372
-0.0348320007324218 0.5102530121803284 0.2827500104904175
-0.0461409986019134 0.5007449984550476 0.2666710019111633
-0.0446889996528625 0.5208550095558166 0.2791680097579956
-0.0507480017840862 0.5550169944763183 0.2964130043983459
-0.0503100007772445 0.5467290282249451 0.2912749946117401
-0.0576450005173683 0.5554469823837280 0.2855730056762695
-0.0569600015878677 0.5611280202865601 0.2902520000934601
-0.0735389962792396 0.5600900053977966 0.2654030025005340
-0.0692019984126091 0.5637220144271851 0.2736259996891022
-0.0819429978728294 0.6280059814453125 0.2833389937877655
-0.1044069975614548 0.6831219792366028 0.2755259871482849
-0.0883970037102699 0.6641759872436524 0.2841039896011353
-0.0075779999606311 0.5170999765396118 0.3124000132083893
-0.0056599997915327 0.5078819990158081 0.3019089996814728
-0.0149819999933242 0.5095599889755249 0.3002530038356781
-0.0165309999138116 0.5197089910507202 0.3111599981784820
-0.0753120034933090 0.5724049806594849 0.2704289853572845
-0.0697849988937377 0.5717539787292481 0.2773799896240234
-0.0842320024967193 0.6534510254859924 0.2859390079975128
-0.0807619988918304 0.6936179995536804 0.2925629913806915
-0.0908370018005371 0.7172589898109436 0.2885740101337433
-0.0935759991407394 0.8047230243682861 0.2729429900646210
-0.0943830013275146 0.7875769734382629 0.2803570032119751
-0.1144659966230392 0.7772960066795350 0.2732740044593811
-0.1114529967308044 0.7992789745330811 0.2683669924736023
-0.0247150007635355 0.5243290066719055 0.3086749911308289
-0.0232720002532005 0.5131840109825134 0.2977670133113861
-0.0333199985325336 0.5218350291252136 0.2950519919395447
-0.0320100001990795 0.5311830043792724 0.3061650097370148
-0.0420500002801418 0.5351909995079041 0.2949489951133728
-0.0412969999015331 0.5427870154380798 0.3025780022144317
-0.0506730005145073 0.5566719770431519 0.2972410023212433
-0.0559620000422000 0.5618829727172852 0.2917329967021942
-0.0635569989681243 0.5670629739761352 0.2827079892158508
-0.0626259967684745 0.5686770081520081 0.2845189869403839
-0.0701949968934059 0.5819320082664490 0.2819280028343201
-0.0744099989533424 0.5844939947128296 0.2782149910926819
-0.0778490006923675 0.6243399977684020 0.2877089977264404
-0.0719589963555335 0.6178500056266785 0.2940889894962311
-0.0777190029621124 0.6813769936561585 0.2943159937858582
-0.0080429995432496 0.5299509763717651 0.3176490068435669
-0.0175540000200271 0.5317860245704651 0.3164300024509430
-0.0454600006341934 0.5621899962425232 0.2946290075778961
-0.0513839982450008 0.5659999847412109 0.2912169992923736
-0.0651659965515136 0.5720940232276916 0.2827459871768951
-0.0617129988968372 0.5715699791908264 0.2871229946613312
-0.0704019963741302 0.6333360075950623 0.2980450093746186
-0.0771170035004615 0.6436089873313903 0.2912249863147736
-0.0719169974327087 0.6644909977912902 0.2984609901905060
-0.0610020011663436 0.7691019773483277 0.3108859956264496
-0.0638350024819374 0.7981789708137512 0.2952359914779663
-0.0502839982509613 0.8111540079116822 0.3018949925899506
-0.0485079996287822 0.7832400202751159 0.3201690018177032
-0.1067249998450279 0.8101419806480408 0.2659029960632324
-0.0922119989991188 0.8131859898567200 0.2691699862480164
-0.1745129972696304 0.7752799987792969 0.2252880036830902
-0.1745219975709915 0.8016300201416015 0.2264969944953918
-0.1673450022935867 0.7953919768333435 0.2356780022382736
-0.1655659973621368 0.7677369713783264 0.2371210008859634
-0.0071589997969567 0.5436130166053772 0.3076660037040710
-0.0144670000299811 0.5470229983329773 0.3064469993114472
-0.0245559997856617 0.5365189909934998 0.3141550123691559
-0.0332980006933212 0.5418130159378052 0.3100500106811523
-0.0400130003690719 0.5499089956283569 0.3051620125770569
-0.0602219998836517 0.5698000192642212 0.2885439991950989
-0.0648299977183342 0.5789629817008973 0.2866280078887940
-0.0674699991941452 0.6092650294303894 0.2976610064506531
-0.0603570006787776 0.5946599841117859 0.3031379878520966
-0.0620680004358291 0.5766839981079101 0.2903810143470764
-0.0647870004177093 0.8092859983444214 0.2882480025291443
-0.0651070028543472 0.8211119771003724 0.2788270115852356
-0.0529239997267723 0.8344870209693908 0.2802610099315643
-0.0511760003864765 0.8236510157585144 0.2917380034923553
-0.1079050004482269 0.8334590196609498 0.2560749948024750
-0.0954309999942779 0.8359889984130860 0.2577379941940308
-0.1318019926548004 0.8112879991531372 0.2555170059204101
-0.1267430037260056 0.8318979740142822 0.2505339980125427
-0.1693200021982193 0.8163539767265320 0.2280779927968979
-0.1634290069341660 0.8122889995574952 0.2349870055913925
-0.0216439999639987 0.5498610138893128 0.3025940060615540
-0.0298609994351863 0.5536519885063171 0.2997240126132965
-0.0381990000605583 0.5581340193748474 0.2974239885807037
-0.0575749985873699 0.5689089894294739 0.2902339994907379
-0.0604059994220733 0.5720999836921692 0.2889040112495422
-0.0634760037064552 0.6223120093345642 0.3055680096149444
-0.0573079995810985 0.6063070297241211 0.3107540011405945
-0.0678170025348663 0.8284410238265992 0.2715669870376587
-0.0792779996991157 0.8107579946517944 0.2765739858150482
-0.0799549967050552 0.8185470104217530 0.2717750072479248
-0.0591810010373592 0.5700910091400147 0.2893460094928742
-0.0596630014479160 0.5744869709014893 0.2908219993114472
-0.0585610009729862 0.5876950025558472 0.3022849857807160
-0.0294509995728731 0.8406969904899597 0.3206470012664795
-0.0296759996563196 0.8070390224456787 0.3429540097713471
-0.0374489985406398 0.7960759997367859 0.3319689929485321
-0.0385180003941059 0.8268859982490540 0.3102200031280518
-0.0843290016055107 0.8369579911231995 0.2591890096664429
-0.0735459998250007 0.8411689996719360 0.2596600055694580
-0.1926600039005280 0.8172249794006348 0.1917770057916641
-0.1873140037059784 0.8302630186080933 0.2009070068597794
-0.1842350065708160 0.8197370171546936 0.2083989977836609
-0.1891929954290390 0.8047609925270080 0.2020040005445480
-0.0591979995369911 0.5744429826736450 0.2913089990615844
-0.0531079992651939 0.5801510214805603 0.3017660081386566
-0.0558069981634616 0.5971130132675171 0.3101280033588410
-0.0221389997750520 0.8693850040435791 0.3192600011825562
-0.0139990001916885 0.8754670023918152 0.3272050023078918
-0.0131550002843141 0.8551489710807800 0.3392620086669922
-0.0227499995380640 0.8477219939231872 0.3310079872608185
-0.1018650010228157 0.8856909871101380 0.2500379979610443
-0.0988809987902641 0.8489149808883667 0.2531920075416565
-0.1100319996476173 0.8488460183143616 0.2516059875488281
-0.1118590012192726 0.8876900076866150 0.2495580017566681
-0.1241059973835945 0.8479980230331421 0.2481279969215393
-0.1228080019354820 0.8873739838600159 0.2475969940423965
-0.1804710030555725 0.8388550281524658 0.2080390006303787
-0.1779949963092804 0.8311150074005126 0.2131009995937348
-0.1840489953756332 0.8674749732017517 0.2023109942674637
-0.1866219937801361 0.8524969816207886 0.1970019936561584
-0.1939010024070740 0.8493760228157043 0.1835169941186905
-0.1914460062980652 0.8706459999084472 0.1910890042781830
-0.0479499995708465 0.5867630243301391 0.3101460039615631
-0.0674490034580230 0.7383829951286316 0.3072020113468170
-0.0629089996218681 0.7527130246162414 0.3165070116519928
-0.0617539994418621 0.7491710186004639 0.3253450095653534
-0.0662340000271797 0.7419070005416870 0.3137480020523071
-0.0625979974865913 0.7358400225639343 0.3334949910640717
-0.0607820004224777 0.7447569966316223 0.3335469961166382
-0.0522800013422966 0.7497479915618897 0.3503929972648621
-0.0532039999961853 0.7389060258865357 0.3512170016765594
-0.1451839953660965 0.8788080215454102 0.2358729988336563
-0.1459929943084717 0.8494049906730652 0.2360990047454834
-0.1523980051279068 0.8512690067291260 0.2300599962472916
-0.1515250056982040 0.8754450082778931 0.2310409992933273
-0.1717150062322617 0.8502249717712402 0.2125169932842255
-0.1690739989280701 0.8467050194740296 0.2155880033969879
-0.1832199990749359 0.8919180035591126 0.2200410068035126
-0.1828099936246872 0.8812220096588134 0.2114789932966232
-0.1907400041818619 0.8899130225181580 0.2039590030908585
-0.1898320019245148 0.9058039784431457 0.2175219953060150
-0.0500960014760494 0.6511999964714051 0.3231889903545380
-0.0407380014657974 0.6622089743614196 0.3316510021686554
-0.0373260006308555 0.6378200054168701 0.3383840024471283
-0.0432140007615089 0.6329910159111023 0.3319070041179657
-0.0665030032396316 0.7281979918479919 0.3096100091934204
-0.0654229968786239 0.7122550010681152 0.3040780127048492
-0.0334270000457763 0.7742230296134949 0.3699159920215606
-0.0243800003081560 0.7795460224151611 0.3791230022907257
-0.0241039991378784 0.7653329968452453 0.3906410038471222
-0.0348669998347759 0.7609149813652038 0.3784539997577667
-0.0128899998962879 0.8187789916992187 0.3608759939670563
-0.0217489991337060 0.8139619827270508 0.3532800078392029
-0.0292770005762577 0.8809810280799866 0.3049370050430298
-0.0384039990603923 0.8551170229911804 0.2889089882373810
-0.0399940013885498 0.8847209811210633 0.2907370030879974
-0.0377580001950264 0.9127309918403625 0.3140529990196228
-0.0875329971313476 0.8502730131149292 0.2539100050926209
-0.0911519974470138 0.8816149830818176 0.2528209984302521
-0.0806180015206337 0.8754839897155762 0.2517479956150055
-0.0777650028467178 0.8540999889373779 0.2533139884471893
-0.1767649948596954 0.8867269754409789 0.2235170006752014
-0.1769970059394836 0.8779590129852294 0.2152220010757446
-0.1872690021991730 0.9193249940872192 0.2313939929008484
-0.1798450052738190 0.9022250175476074 0.2338059991598129
-0.0610349997878074 0.7137830257415771 0.3101019859313965
-0.0572450011968612 0.7126849889755249 0.3180130124092102
-0.0513360016047954 0.7082859873771667 0.3199810087680817
-0.0605229996144771 0.6957110166549683 0.3072209954261780
-0.0602210015058517 0.7165420055389404 0.3259570002555847
-0.0573999993503093 0.7208480238914490 0.3339850008487701
-0.0486430004239082 0.7260159850120544 0.3512870073318481
-0.0239129997789859 0.7484700083732605 0.3979769945144653
-0.0361879989504814 0.7465190291404724 0.3825420141220093
-0.0264490004628896 0.9207959771156311 0.3226740062236786
-0.0219889990985393 0.8872990012168884 0.3144870102405548
-0.1731660068035126 0.8947769999504090 0.2355650067329407
-0.0182920005172491 0.6708679795265198 0.3478980064392090
-0.0315999984741210 0.6706749796867370 0.3385620117187500
-0.0283620003610849 0.6888729929924012 0.3366079926490784
-0.0136230001226067 0.6871929764747620 0.3452900052070618
-0.0206020008772611 0.7364749908447265 0.3967669904232025
-0.0316919982433319 0.7356600165367127 0.3853240013122559
-0.0131850000470876 0.7835919857025147 0.3878780007362365
-0.0123829999938607 0.7679799795150757 0.3987959921360016
-0.0674649998545646 0.9457989931106568 0.3228900134563446
-0.0536109991371631 0.9625470042228699 0.3270950019359588
-0.1643459945917130 0.8883640170097352 0.2361689954996109
-0.1659380048513412 0.8798509836196900 0.2275269925594330
-0.1746349930763244 0.9126669764518738 0.2485219985246658
-0.1674180030822754 0.9036459922790527 0.2493879944086075
-0.0288030002266168 0.6327639818191529 0.3464480042457581
-0.0220870003104209 0.6160820126533508 0.3409810066223144
-0.0277139991521835 0.6109790205955506 0.3357360064983368
-0.0349350012838840 0.6251209974288941 0.3409590125083923
-0.0232400000095367 0.6492170095443726 0.3497830033302307
-0.0316080003976821 0.6449360251426697 0.3435049951076508
-0.0257350001484155 0.7272229790687561 0.3851540088653564
-0.0198550000786781 0.7190440297126770 0.3791680037975311
-0.0123229995369911 0.7494199872016906 0.4049639999866486
-0.0171620007604360 0.9226409792900086 0.3258450031280518
-0.0153339998796582 0.8939300179481507 0.3193710148334503
-0.0640560016036033 0.9147359728813171 0.3025490045547485
-0.1598230004310608 0.8925349712371826 0.2443200051784516
-0.0110050002112984 0.7372729778289795 0.4022009968757629
-0.0316770002245903 0.9588029980659485 0.3306350111961364
-0.0792229995131492 0.9221410155296325 0.3036609888076782
-0.0833280012011528 0.9506310224533082 0.3187249898910522
-0.0653870031237602 0.8986060023307800 0.2830770015716553
-0.0786229968070983 0.9073680043220520 0.2895509898662567
-0.1781059950590134 0.9348009824752808 0.2509639859199524
-0.0175199992954731 0.6344559788703918 0.3528150022029876
-0.0146559998393058 0.7110440135002136 0.3530409932136536
-0.0178120005875825 0.7147669792175293 0.3548910021781921
-0.0172140002250671 0.7148450016975402 0.3687199950218201
-0.0137059995904564 0.7129060029983520 0.3694500029087067
-0.0150859998539090 0.7181220054626465 0.3820059895515442
-0.0180629994720220 0.7259849905967712 0.3908640146255493
-0.0089269997552037 0.7257189750671387 0.3950409889221192
-0.0070799998939037 0.7167279720306396 0.3838840126991272
-0.0754199996590614 0.9704949855804443 0.3214429914951324
-0.1034469977021217 0.9529920220375060 0.3118929862976074
-0.0983249992132186 0.9310640096664429 0.3043639957904815
-0.0726820006966590 0.8920210003852845 0.2675240039825439
-0.0827639997005462 0.8982729911804200 0.2721309959888458
-0.0607159994542598 0.8613200187683105 0.2560060024261475
-0.0595550015568733 0.8582800030708314 0.2582510113716125
-0.0655910000205040 0.8556479811668396 0.2549079954624176
-0.0656870007514953 0.8676549792289734 0.2551720142364502
-0.1647800058126450 0.9276469945907593 0.2669729888439179
-0.1668779999017716 0.9479640126228333 0.2670060098171234
-0.1507779955863953 0.9596779942512512 0.2837109863758087
-0.1471170037984848 0.9339010119438171 0.2845779955387116
-0.0105130001902580 0.7002410292625427 0.3452660143375396
-0.0076879998669028 0.7070170044898986 0.3544690012931824
-0.0118779996410012 0.6200919747352600 0.3448910117149353
-0.0224569998681545 0.7040249705314637 0.3386879861354828
-0.0230400003492832 0.7145490050315857 0.3389309942722321
-0.0378130003809928 0.7105919718742371 0.3276129961013794
-0.0062179998494684 0.7108610272407532 0.3710980117321014
-0.0984880030155181 0.9759119749069213 0.3136909902095795
-0.0962809994816780 0.9165549874305725 0.2940909862518310
-0.0458020009100437 0.8691419959068298 0.2756280004978180
-0.0529339984059333 0.8678429722785949 0.2656460106372833
-0.1580220013856888 0.8775219917297363 0.2380380034446716
-0.1519529968500137 0.8781399726867676 0.2433039993047714
-0.1593780070543289 0.9141600131988525 0.2643130123615265
-0.1486019939184189 0.8947740197181701 0.2538560032844543
-0.1273750066757202 0.9579839706420899 0.3009169995784760
-0.1192409992218018 0.9359449744224548 0.2993350028991699
-0.1145740002393723 0.9224789738655090 0.2931599915027619
-0.0977709963917732 0.9014239907264709 0.2734850049018860
-0.0803819969296455 0.8789770007133484 0.2587819993495941
-0.0887539982795715 0.8867059946060180 0.2609089910984039
-0.1374309957027435 0.9208390116691589 0.2830460071563721
-0.1305020004510880 0.9014310240745545 0.2681669890880585
-0.1133809983730316 0.9020019769668579 0.2723680138587952
-0.1002649962902069 0.8893960118293763 0.2626020014286041
-0.1363729983568192 0.8833130002021789 0.2406689971685410
-0.1396750062704086 0.8824859857559204 0.2487819939851761
-0.1810470074415207 1.0704120397567750 0.1848109960556030
-0.1596609950065613 1.0907100439071660 0.2119760066270828
-0.1517859995365143 1.0652190446853640 0.2362300008535385
-0.1759089976549148 1.0482519865036010 0.2070399969816208
-0.1145749986171722 0.8908669948577880 0.2637659907341004
-0.1265980005264282 0.8866400122642516 0.2597079873085022
-0.1319199949502945 1.1085619926452640 0.2312999963760376
-0.1245820000767708 1.0767799615859990 0.2556160092353821
-0.1057280004024506 1.1216169595718380 0.2434650063514709
-0.0745249986648559 1.0862489938735960 0.2773100137710571
-0.0995910018682479 1.0830630064010620 0.2683930099010468
-0.0808940008282661 1.1302720308303830 0.2510519921779633
-0.0548399984836578 1.1381570100784300 0.2548139989376068
-0.0270789992064237 1.1423449516296390 0.2577379941940308
-0.0240710005164146 1.0943360328674320 0.2832910120487213
-0.0494810007512569 1.0889660120010380 0.2819910049438476
-0.0497100017964839 1.0450819730758670 0.2997260093688965
-0.0526579990983009 1.0004869699478150 0.3160839974880218
-0.0769729986786842 1.0034509897232060 0.3095610141754150
-0.0733570009469985 1.0430450439453120 0.2952969968318940
-0.1018780022859573 1.0080419778823850 0.2985079884529114
-0.0962530001997947 1.0436019897460940 0.2867920100688934
-0.1202759966254234 1.0427429676055910 0.2739669978618622
-0.1249540001153946 1.0104470252990720 0.2862049937248230
-0.1454609930515289 1.0056890249252320 0.2718620002269745
-0.1449310034513474 1.0341240167617800 0.2574140131473541
-0.1663410067558289 0.9937430024147034 0.2501800060272217
-0.1702589988708496 1.0188850164413450 0.2292480021715164
-0.1863590031862259 1.0011759996414180 0.2018660008907318
-0.1851529926061630 0.9760320186614990 0.2209219932556152
-0.1952079981565476 0.9592329859733582 0.1948489993810654
-0.1968040019273758 0.9772809743881225 0.1773429960012436
-0.0521599985659122 0.4834269881248474 0.2544089853763580
-0.0641190037131309 0.7271659970283508 0.3298139870166779
-0.0535500012338161 0.7340760231018066 0.3505460023880005
-0.0653600022196769 0.7243350148200988 0.3198460042476654
-0.0383439995348453 0.8411499857902527 0.2985689938068390
-0.0429369993507862 0.7654169797897339 0.3574889898300171
-0.0415869988501071 0.7564399838447571 0.3674719929695130
-0.0528450012207031 0.7568160295486450 0.3425399959087372
-0.0418150015175342 0.7443100214004517 0.3704749941825867
-0.0418559983372688 0.7382860183715821 0.3693920075893402
-0.0404919981956481 0.7325680255889893 0.3692989945411682
-0.1344690024852753 0.7407609820365906 0.2614789903163910
-0.1169259995222092 0.7534360289573669 0.2737460136413574
-0.1364579945802689 0.7704399824142456 0.2623899877071380
-0.1394200026988983 0.7942150235176087 0.2577919960021973
-0.1378580033779144 0.8484590053558350 0.2417909950017929
-0.1539639979600906 0.8344339728355407 0.2335769981145859
-0.1445019990205765 0.8320230245590211 0.2410269975662231
-0.1555230021476746 0.8121110200881958 0.2409619987010956
-0.1317590028047562 0.5995079874992371 0.1854680031538010
-0.1225679963827133 0.5957940220832824 0.2078330069780350
-0.1439280062913895 0.6115180253982543 0.1631129980087280
-0.1521860063076019 0.6415889859199524 0.1770939975976944
-0.1408389955759048 0.6350979804992676 0.2016270011663437
-0.1933809965848923 0.7858489751815796 0.1829510033130646
-0.1851529926061630 0.7627540230751037 0.1983830034732819
-0.1300600022077560 0.6321399807929993 0.2245790064334869
-0.0863889977335929 0.4877249896526337 0.1657630056142807
-0.1491779983043671 0.7371000051498413 0.2476750016212463
-0.1735520064830780 0.7481629848480224 0.2171989977359772
-0.1611970067024231 0.7384430170059204 0.2332050055265427
-0.0961299985647201 0.7733420133590698 0.2835949957370758
-0.0513469986617565 0.7646890282630921 0.3348189890384674
-0.0400750003755092 0.7769770026206970 0.3477619886398316
-0.0131860002875328 0.7966949939727784 0.3772540092468262
-0.0233379993587732 0.7919700145721436 0.3685579895973206
-0.1598729938268661 0.8371580243110657 0.2279019951820373
-0.1748059988021851 0.8240619897842408 0.2193430066108704
-0.1640989929437637 0.8424609899520874 0.2216230034828186
-0.1800190061330795 0.8105310201644897 0.2169850021600723
-0.1559610068798065 0.7669360041618348 0.2468010038137436
-0.1993930041790009 0.8956689834594726 0.1797139942646027
-0.1972299963235855 0.9177780151367187 0.1976950019598007
-0.1919489949941635 0.9365410208702088 0.2171059995889664
-0.1810729950666428 0.9531340003013610 0.2416259944438934
-0.1676740050315857 0.9683369994163514 0.2606729865074158
-0.1497700065374374 0.9779350161552429 0.2812039852142334
-0.1251720041036606 0.9792169928550720 0.2998479902744293
-0.0247430000454187 1.0438979864120480 0.3032740056514740
-0.0281390007585287 0.9982569813728333 0.3205209970474243
-0.0656659975647926 0.6512069702148438 0.3047550022602081
-0.0575449988245964 0.6379100084304809 0.3146030008792877
-0.0320469997823238 0.7863420248031616 0.3592109978199005
-0.0481670014560222 0.6121240258216858 0.3238269984722138
-0.0505339987576007 0.6205790042877197 0.3219430148601532
-0.0406810007989406 0.6191210150718689 0.3339670002460480
-0.0410800017416477 0.5956289768218994 0.3202069997787476
-0.0341169983148574 0.6029300093650817 0.3275710046291351
-0.0462209992110729 0.8546149730682373 0.2753989994525909
-0.0543430000543594 0.8413810133934021 0.2718810141086578
-0.0622599981725215 0.8505939841270447 0.2593550086021423
-0.0548660010099411 0.8578670024871826 0.2629210054874420
-0.0289489999413490 0.8592489957809448 0.3095760047435761
-0.0782269984483718 0.7971150279045105 0.2849830090999603
-0.0785619989037513 0.7854779958724975 0.2902289927005768
-0.0586679987609386 0.8634459972381592 0.2585670053958893
-0.2000779956579208 0.7544710040092468 0.1022090017795563
-0.2056249976158142 0.7884269952774048 0.0965870022773742
-0.2025710046291351 0.7916039824485779 0.1244570016860962
-0.0748270004987716 0.7490389943122863 0.3011179864406586
-0.0425660014152526 0.6954749822616577 0.3234289884567261
-0.0229620002210140 0.7189589738845825 0.3642230033874512
-0.0303969997912645 0.7281240224838257 0.3469429910182953
-0.1653909981250763 0.8573960065841674 0.2155739963054657
-0.1613810062408447 0.8555619716644287 0.2193360030651092
-0.1621219962835312 0.8737999796867370 0.2308750003576279
-0.1565500050783157 0.8548039793968201 0.2243510037660599
-0.1565700024366379 0.8727380037307739 0.2293779999017716
-0.1932290047407150 1.0461440086364750 0.1606120020151138
-0.1900770068168640 1.0229779481887820 0.1812669932842255
-0.1650300025939941 0.8702459931373596 0.2243220061063766
-0.1694429963827133 0.8725110292434692 0.2194869965314865
-0.1626150012016296 0.8684740066528320 0.2226479947566986
-0.0180339999496936 0.4296459853649139 0.2058800011873245
-0.0200110003352165 0.4412649869918823 0.1804910004138947
-0.0326780006289482 0.4350729882717133 0.1977819949388504
-0.0488380007445812 0.4428530037403107 0.1906960010528564
-0.0662529990077018 0.4553669989109039 0.1836840063333511
-0.0493130013346672 0.4505029916763306 0.1726039946079254
-0.0670169964432716 0.4611780047416687 0.1666190028190613
-0.0561139993369579 0.6691799759864808 0.3140679895877838
-0.0328500010073185 0.4455269873142243 0.1745020002126694
-0.1582420021295548 0.7935799956321716 0.2444459944963455
-0.1087810024619102 0.5167959928512573 0.1255739927291870
-0.1556880027055740 0.6283969879150391 0.1452209949493408
-0.1826370060443878 0.7894830107688904 0.2141270041465759
-0.1792919933795929 0.8524439930915832 0.2059279978275299
-0.1785960048437118 0.8635709881782532 0.2072789967060089
-0.1725749969482422 0.8592039942741394 0.2106820046901703
-0.1713930070400238 0.8664510250091553 0.2141339927911758
-0.1686290055513382 0.8627200126647949 0.2142779976129532
-0.1677529960870743 0.8665069937705994 0.2178300023078918
-0.1650689989328384 0.8652390241622925 0.2173369973897934
-0.1662700027227402 0.6446380019187927 0.1195589974522591
-0.1976259946823120 0.8073179721832275 0.1712779998779297
-0.1730359941720963 0.8545039892196655 0.2105620056390762
-0.1675029993057251 0.8599730134010316 0.2140929996967316
-0.1810719966888428 0.8445820212364197 0.2056609988212586
-0.1885070055723190 0.8396959900856018 0.1961150020360947
-0.1936279982328415 0.8320829868316650 0.1861529946327210
-0.0412929989397525 0.6802229881286621 0.3265489935874939
-0.0662780031561851 0.7385870218276978 0.3202480077743530
-0.0670889988541603 0.7312539815902710 0.3188759982585907
-0.2002779990434647 0.7974969744682312 0.1491719931364060
-0.1769260019063949 0.6722909808158875 0.1137740015983582
-0.1708360016345978 0.6476519703865051 0.0912479981780052
-0.1989700049161911 0.9972569942474365 0.1587409973144531
-0.2017869949340820 1.0194259881973270 0.1366879940032959
-0.2088489979505539 0.7844060063362121 0.0681200027465820
-0.2035419940948486 0.7508810162544251 0.0705019980669021
-0.1830960065126419 0.6801040172576904 0.0833130031824112
-0.1182750016450882 0.5320969820022583 0.1068890020251274
-0.0177490003407001 0.4475530087947846 0.1599819958209991
-0.0334509983658790 0.4507600069046020 0.1595270037651062
-0.0499069988727569 0.4563759863376618 0.1569830030202866
-0.0677689984440803 0.4663810133934021 0.1504549980163574
-0.0509370006620884 0.4595089852809906 0.1431690007448196
-0.0697109997272491 0.4713400006294250 0.1357280015945435
-0.0344009995460510 0.4525760114192963 0.1459819972515106
-0.0184870008379221 0.4469299912452698 0.1477680057287216
-0.0835629999637603 0.4826759994029999 0.1415050029754639
-0.0802199989557266 0.4758409857749939 0.1581359952688217
-0.1022479981184006 0.5086050033569336 0.1140569970011711
-0.0865240022540092 0.4877670109272003 0.1241910010576248
-0.0712229982018470 0.4639570116996765 0.1923139989376068
-0.0761869996786117 0.4705500006675720 0.1742230057716370
-0.0916879996657371 0.4932090044021606 0.1497589945793152
-0.0976750031113624 0.5009160041809082 0.1329929977655411
-0.2011819928884506 0.9363480210304260 0.1718360036611557
-0.2001589983701706 0.8740969896316529 0.1671900004148483
-0.2026840001344681 0.9523730278015137 0.1551059931516647
-0.2043299973011017 0.9137870073318482 0.1552519947290420
-0.2055169939994812 0.8844209909439087 0.1418839991092682
-0.2074690014123916 0.8908630013465882 0.1242439970374107
-0.2062020003795624 0.9242500066757202 0.1368840038776398
-0.2049089968204498 0.9686989784240723 0.1353150010108948
-0.2078990042209625 0.9344549775123597 0.1179689988493920
-0.2094549983739853 0.8966299891471863 0.1044889986515045
-0.2086039930582046 0.9876139760017395 0.1094530001282692
-0.2116840034723282 0.9447039961814880 0.0919739976525306
-0.2132820039987564 0.9011840224266052 0.0764510035514831
-0.2092259973287582 0.8239830136299133 0.0941269993782043
-0.2061849981546402 0.8259040117263794 0.1181899979710579
-0.2032790035009384 0.8272719979286194 0.1407330036163330
-0.2122090011835098 0.8215219974517823 0.0674230009317398
-0.2134449928998947 0.8588809967041015 0.0701849982142448
-0.2104170024394989 0.8583629727363587 0.0958110019564628
-0.2007569968700409 0.8493660092353821 0.1610330045223236
-0.1994259953498840 0.8286719918251037 0.1647820025682449
-0.2052949965000153 0.8542169928550720 0.1362240016460419
-0.2079019993543625 0.8566570281982422 0.1174039989709854
-0.1666879951953888 0.8625720143318176 0.2144889980554581
-0.0001740000006975 0.6216289997100829 0.3463819921016693
0.1647139936685562 0.6474570035934449 0.1351200044155121
-0.1647170037031174 0.6474549770355224 0.1351210027933121
0.0646959990262985 0.8742719888687133 0.2585749924182892
0.0571070015430450 0.8837230205535889 0.2713249921798706
0.0530630014836788 0.8866379857063293 0.2783690094947815
0.0504020005464553 0.8987619876861572 0.2939229905605316
0.0552750006318092 0.9410099983215332 0.3238570094108582
0.0405949987471103 0.9426469802856445 0.3274109959602356
0.0257270000874996 0.9416159987449646 0.3293949961662292
-0.0001920000067912 0.9395719766616822 0.3305610120296478
-0.0257190000265836 0.9416499733924865 0.3294070065021515
-0.0405800007283687 0.9426820278167725 0.3274179995059967
-0.0552619993686676 0.9409919977188110 0.3238520026206970
-0.0504780001938343 0.8987609744071960 0.2938649952411652
-0.0530630014836788 0.8866379857063293 0.2783690094947815
-0.0571010001003742 0.8837230205535889 0.2713310122489929
-0.0647009983658790 0.8742669820785522 0.2585720121860504
-0.1075690016150475 0.8519830107688904 0.2473019957542420
-0.0968130007386207 0.8530899882316589 0.2475980073213577
-0.1224080026149750 0.8513280153274536 0.2450020015239716
-0.1502799987792969 0.8536130189895630 0.2299039959907532
-0.1446779966354370 0.8524309992790222 0.2349310070276260
-0.0778950005769729 0.8553220033645629 0.2525750100612640
-0.0873470008373260 0.8544740080833435 0.2519949972629547
-0.0648270025849342 0.8573120236396790 0.2538810074329376
-0.0610329993069172 0.8591719865798950 0.2563250064849853
-0.1365119963884354 0.8518980145454406 0.2393040060997009
-0.1549140065908432 0.8552250266075135 0.2234259992837906
-0.1609449982643127 0.8569269776344300 0.2186699956655502
-0.1651120036840439 0.8598219752311707 0.2151149958372116
0.0968130007386207 0.8530899882316589 0.2475969940423965
0.1075690016150475 0.8519819974899292 0.2472990006208420
0.1224080026149750 0.8513280153274536 0.2450010031461716
0.1446930021047592 0.8524219989776612 0.2349430024623871
0.1502799987792969 0.8536130189895630 0.2299039959907532
0.0873709991574287 0.8544700145721436 0.2519949972629547
0.0778940021991729 0.8553230166435242 0.2525750100612640
0.0610329993069172 0.8591719865798950 0.2563239932060242
0.0648270025849342 0.8573120236396790 0.2538819909095764
0.1365099996328354 0.8518970012664795 0.2393089979887009
0.1549129933118820 0.8552250266075135 0.2234259992837906
0.1609449982643127 0.8569279909133911 0.2186699956655502
0.1651100069284439 0.8598210215568543 0.2151159942150116
0.1666869968175888 0.8625720143318176 0.2144879996776581
-0.1666229963302612 0.8610910177230835 0.2145249992609024
0.0531999990344047 0.7193250060081482 0.3309639990329743
-0.0531999990344047 0.7193289995193481 0.3309659957885742
0.0584679991006851 0.5696700215339661 0.2896699905395508
0.0575550012290477 0.5688629746437073 0.2902100086212158
0.0502130016684532 0.5789340138435364 0.2990809977054596
0.0488499999046325 0.5785809755325317 0.2967579960823059
0.0428850017488002 0.5864229798316956 0.3041960000991821
0.0458679981529712 0.5814700126647949 0.3018420040607452
0.0167810004204511 0.6093800067901612 0.3305689990520477
0.0134260002523660 0.5452479720115661 0.3129329979419708
0.0180670004338026 0.5474650263786316 0.3112030029296875
0.0236239992082119 0.6057649850845336 0.3249759972095489
0.0083259996026754 0.6116999983787537 0.3349080085754394
0.0116499997675418 0.5442919731140137 0.3131110072135925
0.0001140000022132 0.6121060252189636 0.3359090089797974
-0.0092630004510283 0.5426020026206970 0.3132419884204865
0.0341439992189407 0.5557669997215271 0.3024550080299377
0.0359259992837905 0.5957959890365600 0.3113909959793091
0.0301370006054639 0.6007779836654664 0.3190990090370178
0.0253449995070695 0.5508229732513428 0.3080489933490753
0.0587669983506202 0.5696539878845215 0.2895390093326568
-0.0575749985873699 0.5688639879226685 0.2902419865131378
-0.0498000010848045 0.5776770114898682 0.2965669929981232
-0.0507050007581710 0.5787000060081482 0.2993170022964477
-0.0584950000047683 0.5696780085563660 0.2897109985351562
-0.0468299984931945 0.5803340077400207 0.3003610074520111
-0.0429419986903667 0.5863050222396851 0.3041749894618988
-0.0168079994618892 0.6093400120735168 0.3306379914283752
-0.0235280003398656 0.6056870222091675 0.3249509930610657
-0.0225559994578361 0.5485630035400390 0.3092179894447327
-0.0149299995973706 0.5451490283012390 0.3122960031032563
-0.0129429996013641 0.5442820191383362 0.3128510117530823
-0.0076029999181628 0.6115940213203430 0.3348929882049560
-0.0437650009989738 0.5841299891471863 0.3053399920463562
-0.0403599999845027 0.5881450176239013 0.3103129863739014
-0.0297759994864463 0.6006069779396058 0.3188999891281128
-0.0358560010790824 0.5957739949226380 0.3113780021667480
-0.0588009990751743 0.5696629881858826 0.2895799875259400
-0.1016179993748665 0.6434649825096131 0.2683460116386413
-0.0967530012130737 0.6727650165557861 0.2791590094566345
-0.0850019976496696 0.7043139934539795 0.2906819880008698
-0.0707420036196708 0.7399820089340210 0.3031409978866577
-0.0615109987556934 0.7603660225868225 0.3139880001544952
-0.0494670011103153 0.7755360007286072 0.3246569931507110
-0.0386140011250972 0.7876330018043517 0.3383390009403229
-0.0300340000540018 0.7978010177612305 0.3501150012016296
-0.0219930000603199 0.8043879866600037 0.3596259951591492
-0.0138569995760917 0.8092060089111328 0.3666670024394989
-0.0021679999772459 0.8121820092201233 0.3719120025634765
0.0138520002365112 0.8092309832572937 0.3666540086269379
0.0219880007207393 0.8044109940528869 0.3596149981021881
0.0300430003553628 0.7978029847145080 0.3500890135765076
0.0386070013046264 0.7876549959182739 0.3383350074291229
0.0494850017130374 0.7755230069160461 0.3246330022811890
0.0615030005574226 0.7603729963302612 0.3139959871768952
0.0707330033183097 0.7399830222129821 0.3031370043754578
0.0850050002336502 0.7043179869651794 0.2906880080699921
0.0967459976673126 0.6727740168571473 0.2791459858417511
0.1016130000352860 0.6434620022773742 0.2683469951152802
0.0962980017066001 0.5874599814414979 0.2508780062198639
0.0964379981160163 0.5685660243034363 0.2379850000143051
0.0920960009098053 0.5473549962043762 0.2286009937524796
0.0775799974799156 0.5056260228157043 0.2207159996032715
0.0673609972000122 0.4794020056724548 0.2238810062408447
0.0598350018262863 0.4578579962253571 0.2321240007877350
0.0479759983718395 0.4389989972114563 0.2426030039787292
0.0347159989178180 0.4285039901733398 0.2521449923515320
0.0218129996210336 0.4264610111713409 0.2598829865455628
0.0111239999532699 0.4256280064582825 0.2631489932537079
-0.0000209999998332 0.4266139864921570 0.2654809951782227
-0.0110969999805092 0.4256550073623657 0.2631349861621857
-0.0218269992619752 0.4264850020408630 0.2598330080509186
-0.0346999987959861 0.4285410046577453 0.2521550059318542
-0.0479529984295368 0.4389660060405731 0.2425920069217682
-0.0598759986460208 0.4578819870948792 0.2320200055837631
-0.0673789978027343 0.4794369935989380 0.2238640040159226
-0.0775690004229545 0.5056639909744262 0.2207050025463104
-0.0920990034937858 0.5473600029945373 0.2286079972982407
-0.0964400023221969 0.5685669779777527 0.2379850000143051
-0.0963049978017807 0.5874580144882202 0.2508789896965027
-0.1213079988956451 0.6685720086097718 0.2570919990539551
-0.1131900027394295 0.6997230052947997 0.2719730138778686
-0.0947370007634162 0.7327399849891662 0.2877680063247681
-0.0772410035133361 0.7605400085449219 0.2983210086822510
-0.0617729984223842 0.7780039906501770 0.3064770102500916
-0.0485179983079433 0.7913159728050232 0.3148790001869202
-0.0366489998996257 0.8058819770812988 0.3254460096359253
-0.0296310000121593 0.8170099854469299 0.3360199928283692
-0.0225409995764494 0.8242779970169068 0.3457889854907990
-0.0130500001832842 0.8288570046424865 0.3542059957981110
0.0007880000048317 0.8334019780158996 0.3580259978771210
0.1212870031595230 0.6685709953308105 0.2570880055427551
0.1131870001554489 0.6997230052947997 0.2719689905643463
0.0947360023856163 0.7327409982681275 0.2877660095691681
0.0772399976849556 0.7605540156364440 0.2983160018920899
0.0619519986212253 0.7780529856681824 0.3062849938869476
0.0486119985580444 0.7913540005683899 0.3147479891777039
0.0366819985210895 0.8058869838714600 0.3253479897975922
0.0296420007944107 0.8170189857482911 0.3359839916229248
0.0225520003587007 0.8242790102958679 0.3457680046558380
0.0130240004509687 0.8288580179214478 0.3542320132255554
0.1186389997601509 0.6278330087661743 0.2425110042095184
0.1135850027203560 0.5926179885864257 0.2261890023946762
0.1076039969921112 0.5649399757385254 0.2128490060567856
0.1012979969382286 0.5438910126686096 0.2045249938964844
0.0860960036516189 0.5050430297851562 0.1991229951381683
0.0747930034995079 0.4778879880905151 0.2009620070457459
0.0677279978990554 0.4613780081272125 0.2093719989061356
0.0570660009980201 0.4445430040359497 0.2205269932746887
0.0417030006647110 0.4297530055046081 0.2278670072555542
0.0264250002801418 0.4222970008850098 0.2339839935302734
0.0129100000485777 0.4194520115852356 0.2413939982652664
-0.0001849999971454 0.4185819923877716 0.2460819929838180
-0.0128680001944303 0.4194810092449188 0.2414360046386719
-0.0264490004628896 0.4224190115928650 0.2340169996023178
-0.0416919998824596 0.4297739863395691 0.2278629988431931
-0.0570660009980201 0.4445750117301941 0.2204850018024444
-0.0677549988031387 0.4614289999008179 0.2093520015478134
-0.0748590007424354 0.4779999852180481 0.2008650004863739
-0.0861029997467994 0.5050470232963562 0.1991209983825684
-0.1012969985604286 0.5438899993896484 0.2045270055532455
-0.1076039969921112 0.5649399757385254 0.2128490060567856
-0.1135839968919754 0.5926179885864257 0.2261880040168762
-0.1186380013823509 0.6278340220451355 0.2425120025873184
-0.1554580032825470 0.7060719728469848 0.2266349941492081
-0.1694680005311966 0.7136939764022828 0.2030549943447113
-0.1970620006322861 0.7243109941482543 0.0762789994478225
-0.1930550038814545 0.7233780026435852 0.1076550036668777
-0.1838440001010895 0.7294539809226990 0.1749330013990402
-0.1887309998273850 0.7241200208663940 0.1387570053339004
-0.1419129967689514 0.7014939785003662 0.2439209967851639
0.1694689989089966 0.7136960029602051 0.2030539959669113
0.1554619967937469 0.7060700058937073 0.2266349941492081
0.1887339949607849 0.7241179943084717 0.1387510001659393
0.1838459968566894 0.7294530272483826 0.1749339997768402
0.1930570006370544 0.7233700156211853 0.1076309978961945
0.1970659941434860 0.7243059873580933 0.0762759968638420
0.1419119983911514 0.7014939785003662 0.2439209967851639
-0.1300719976425171 0.7065960168838501 0.2594740092754364
0.1300719976425171 0.7065960168838501 0.2594740092754364
-0.0965500026941299 0.7530350089073181 0.2863770127296448
-0.0782229974865913 0.7730100154876709 0.2948249876499176
-0.1168970018625260 0.7252719998359680 0.2732119858264923
-0.0486439988017082 0.8005340099334716 0.3100059926509857
-0.0616919994354248 0.7877749800682068 0.3022879958152771
-0.0373370014131069 0.8147259950637818 0.3190470039844513
-0.0297439992427825 0.8274350166320801 0.3287349939346314
-0.0230080001056194 0.8350780010223388 0.3383719921112061
-0.0131360003724694 0.8417329788208008 0.3469850122928620
0.0006610000273212 0.8455610275268554 0.3510189950466156
0.0781529992818832 0.7730119824409485 0.2948729991912842
0.0965510010719299 0.7530339956283570 0.2863729894161224
0.0617280006408691 0.7877820134162903 0.3022530078887939
0.1168849989771843 0.7252740263938904 0.2731899917125702
0.0297539997845888 0.8274120092391968 0.3287259936332703
0.0373510010540485 0.8146970272064209 0.3190389871597290
0.0230049993842840 0.8350610136985779 0.3383870124816895
0.0131289996206760 0.8417209982872009 0.3469980061054230
0.0486709997057914 0.8005059957504273 0.3099890053272247
0.1491760015487671 0.6746699810028077 0.2158479988574982
0.1617500036954880 0.6792640089988709 0.1904820054769516
0.1358619928359985 0.6699839830398560 0.2375299930572510
0.0878819972276687 0.6065959930419922 0.2703219950199127
0.1007340028882027 0.6127970218658447 0.2581349909305572
0.1097320020198822 0.6209759712219238 0.2514289915561676
-0.1617510020732880 0.6792629957199096 0.1904830038547516
-0.1491769999265671 0.6746690273284913 0.2158479988574982
-0.1723050028085708 0.6876519918441773 0.1658229976892471
-0.1358640044927597 0.6699830293655396 0.2375310063362122
-0.0803020000457763 0.6052129864692687 0.2792960107326508
-0.0878849998116493 0.6065949797630310 0.2703210115432739
-0.1007379963994026 0.6128020286560059 0.2581360042095184
-0.1097320020198822 0.6209769845008850 0.2514289915561676
-0.1912260055541992 0.7036510109901428 0.0798529982566833
-0.1853139996528626 0.6973680257797242 0.1106719970703125
-0.1798949986696243 0.6939430236816406 0.1387989968061447
0.1723060011863708 0.6876519918441773 0.1658229976892471
0.1798969954252243 0.6939430236816406 0.1387999951839447
0.1853190064430237 0.6973419785499572 0.1106040030717850
0.1912170052528381 0.7036200165748596 0.0798600018024444
0.0803020000457763 0.6052169799804687 0.2792949974536896
-0.0712449997663498 0.5995600223541260 0.2894130051136017
-0.0765419974923133 0.6032109856605530 0.2835560142993927
-0.0621079988777637 0.5852959752082825 0.2956629991531372
-0.0665239989757537 0.5929690003395081 0.2932719886302948
0.0665260031819343 0.5929880142211914 0.2932589948177338
0.0619690008461475 0.5850579738616943 0.2957639992237091
0.0712380036711692 0.5995640158653260 0.2894040048122406
0.0765400007367134 0.6032130122184754 0.2835530042648316
0.1336070001125336 0.5578780174255371 0.1032859981060028
0.1226219981908798 0.5419269800186157 0.1231440007686615
0.1123069971799851 0.5293400287628174 0.1421270072460175
0.1059229969978332 0.5251359939575196 0.1601620018482208
0.0998390018939972 0.5243510007858276 0.1808000057935715
0.0944769978523254 0.5249950289726257 0.1999450027942658
0.0903870016336441 0.5266000032424927 0.2128739953041077
0.0856650024652481 0.5263429880142212 0.2226929962635040
0.0809009969234466 0.5289220213890076 0.2337969988584518
0.0762899965047836 0.5370180010795593 0.2469419986009598
0.0693000033497810 0.5465080142021179 0.2632879912853241
0.0660040006041526 0.5550439953804016 0.2731480002403259
0.0614259988069534 0.5623379945755005 0.2835989892482757
0.0609499998390674 0.5650910139083862 0.2854489982128143
0.0594700016081333 0.5673239827156067 0.2886640131473541
0.0574989989399910 0.5690500140190125 0.2902419865131378
0.0546750016510486 0.5698149800300598 0.2906090021133423
0.0549549981951713 0.5752959847450257 0.2932429909706116
0.0576100014150142 0.5766000151634216 0.2955749928951263
0.0594739988446235 0.5790209770202637 0.2960990071296692
-0.1336079984903336 0.5578820109367371 0.1032920032739639
-0.1226229965686798 0.5419300198554993 0.1231490001082420
-0.1123199984431267 0.5293530225753784 0.1421439945697784
-0.1059349998831749 0.5251590013504028 0.1601669937372208
-0.0998449996113777 0.5243840217590332 0.1808090060949325
-0.0944880023598671 0.5250179767608643 0.1999499946832657
-0.0903899967670440 0.5266010165214539 0.2128770053386688
-0.0856539979577064 0.5263389945030212 0.2226819992065430
-0.0809229984879493 0.5289630293846131 0.2338220030069351
-0.0762970000505447 0.5370200276374817 0.2469349950551987
-0.0693020001053810 0.5465149879455567 0.2632899880409241
-0.0660040006041526 0.5550439953804016 0.2731480002403259
-0.0614299997687339 0.5623340010643005 0.2836030125617981
-0.0609499998390674 0.5650860071182251 0.2854500114917755
-0.0595149993896484 0.5671989917755127 0.2885180115699768
-0.0574890002608299 0.5690590143203735 0.2902939915657043
-0.0547120012342929 0.5696409940719604 0.2906320095062256
-0.0551199987530708 0.5756390094757080 0.2932940125465393
-0.0575029999017715 0.5769749879837036 0.2953700125217437
-0.0589519999921321 0.5785769820213318 0.2960810065269470
