201
245
245
201
755
755
755
245
201
200
201
200
349
349
200
146
129
146
146
1321
1321
1321
146
364
364
364
349
1306
1306
1321
1319
112
1336
409
111
111
112
82
82
82
111
112
108
108
109
109
108
109
93
93
93
382
382
94
94
382
94
470
470
470
112
1306
1306
335
267
267
335
429
429
265
267
335
334
266
1347
1347
265
1347
1347
1347
1347
265
266
265
266
334
334
265
266
265
266
334
334
1347
1347
1347
1347
1347
1347
1347
1347
1347
1156
1277
1156
1156
1277
1347
1347
503
503
1277
1277
1277
1156
1276
1277
1343
257
257
1343
257
257
258
258
258
497
497
496
496
497
497
496
496
495
513
499
506
513
499
498
498
506
506
453
453
494
494
280
490
487
487
493
505
503
505
505
503
503
505
505
1156
1156
1343
1343
259
1343
259
259
259
259
259
455
259
454
455
259
259
454
454
455
454
454
495
454
454
495
454
454
455
495
495
495
495
259
1343
1343
260
260
1343
1347
1347
1347
1347
1347
1347
1347
259
1347
259
1347
1347
1347
1347
1347
1347
1347
1347
1347
1347
1347
1347
1347
1347
1347
1347
1347
1347
1347
1347
1347
1347
1347
1347
496
496
496
496
495
496
496
497
495
495
495
260
262
262
260
495
495
495
495
454
495
454
454
454
495
496
496
495
260
1343
262
262
260
1343
259
495
454
1347
1347
1347
1347
1347
266
334
265
262
263
262
263
263
263
263
264
306
264
306
261
261
1347
1347
497
1347
505
505
505
505
497
497
505
497
497
497
497
497
497
497
497
497
497
505
497
497
497
496
495
496
495
1347
1347
1347
1347
1347
1347
1347
1347
1347
1347
1347
505
1347
1347
1286
1286
1276
1275
1275
1276
1277
1277
374
374
281
455
455
455
1277
1156
1156
1277
1156
1156
504
498
498
504
503
503
503
503
1347
1347
1347
1347
1347
1347
1347
1347
1347
1347
1347
1347
1347
1347
1347
1347
1347
1347
1347
1347
1347
1347
1347
1347
1347
1347
1347
1347
1347
1347
1347
1347
1347
1275
1347
1275
1347
1347
1347
1347
1347
1347
1347
1347
1347
1347
1347
1347
1347
1347
1347
1347
1347
1347
1347
1347
1347
1347
1347
1347
1347
1347
1347
1347
1347
1347
1347
1347
1347
1347
1347
1347
1347
1347
1347
1347
1347
1347
1347
1347
1347
1347
1347
1347
491
491
492
505
497
505
505
1286
1276
1276
1286
1157
1278
430
331
332
333
449
450
451
428
270
211
707
196
203
195
192
192
167
178
176
342
343
182
312
1128
1127
344
695
191
152
175
197
181
708
173
202
217
285
212
284
284
217
286
384
385
62
384
60
61
61
62
384
28
28
388
29
48
388
387
387
389
50
386
49
49
50
413
243
237
218
228
215
366
79
80
62
61
383
384
79
80
96
80
383
383
232
213
213
232
213
213
213
213
232
382
382
94
94
93
93
13
13
14
14
27
390
879
391
392
390
879
27
393
12
392
394
5
12
3
4
396
397
395
397
233
234
244
244
233
234
755
245
245
755
201
234
243
230
231
230
216
216
172
172
183
184
171
171
183
183
184
1194
1198
1198
1194
1197
1197
1201
1204
1203
322
321
321
322
320
320
1195
1199
1137
270
333
430
155
156
156
168
1001
156
1346
989
1346
481
989
1346
9
419
480
480
481
481
480
481
1346
18
18
1133
1133
7
35
39
40
47
32
32
12
403
32
32
402
402
402
27
1286
1275
993
1275
993
993
993
990
990
989
991
990
993
994
1275
1286
1286
1275
1275
993
990
1280
1225
1144
417
1226
1220
21
25
1281
1221
1228
1283
1222
1228
309
309
309
308
310
307
340
308
442
989
989
137
137
442
137
442
442
1130
1130
1130
1130
151
76
77
76
76
4
17
272
271
273
274
330
329
273
273
276
272
274
276
269
269
104
300
418
302
300
418
90
90
106
356
100
99
99
101
436
116
99
352
355
353
352
354
116
120
88
88
89
89
102
103
119
115
115
67
67
68
358
114
357
299
433
1187
433
91
91
1209
1216
1209
1208
1215
1211
1208
1193
356
1191
1191
1196
293
293
293
293
353
353
485
159
379
379
159
169
180
180
179
227
180
169
162
159
160
427
434
507
128
142
125
125
508
507
1078
427
427
427
1079
142
279
375
375
279
278
277
376
326
324
510
435
123
432
125
121
122
431
302
104
106
315
316
104
38
38
38
28
42
54
20
19
282
282
1134
471
47
283
64
43
1274
1272
1268
1155
1268
1273
484
488
280
484
488
278
281
1157
500
500
1154
501
502
1154
1269
1269
1273
486
126
126
509
1224
1287
1230
1289
1315
1288
1229
1229
1227
1229
1131
1289
63
58
1314
44
43
42
54
54
54
42
401
28
1312
1309
1309
1312
78
1316
78
1316
1342
412
412
1342
52
52
59
55
1314
1314
1312
1309
1310
1306
77
86
86
77
336
87
78
1317
186
345
346
346
345
347
348
363
363
53
53
51
1334
1334
132
132
1339
132
78
1316
1313
443
443
1194
443
322
341
444
154
295
341
444
174
173
166
173
191
153
153
400
71
69
70
70
71
1078
1078
1078
1078
1079
1079
485
485
379
377
179
179
1077
1078
1087
1078
367
377
367
1074
1087
223
1000
1000
223
1072
1000
1000
353
353
355
355
224
224
373
1056
251
251
1061
1061
354
354
102
1063
103
102
1075
119
1075
1062
1062
1058
1051
1064
1063
1063
1064
315
301
301
315
301
301
253
256
256
253
238
251
256
253
372
253
372
371
1071
1066
1066
1068
1067
1067
381
1059
1053
1053
1054
1054
1060
1060
1052
443
293
1129
311
446
289
290
291
289
1099
291
292
452
140
288
1098
290
288
1098
1099
139
297
296
298
298
287
135
294
138
441
295
447
287
287
298
287
163
165
165
1099
151
292
290
1099
163
163
340
340
340
447
295
166
174
286
298
298
366
1100
1100
1100
1101
236
216
236
95
96
71
70
74
110
97
57
97
57
72
411
72
411
96
95
110
95
110
470
74
82
187
186
187
185
185
234
185
348
133
348
133
134
134
113
83
1307
1308
409
1307
1338
1340
1308
347
347
108
109
108
109
73
73
424
81
470
470
82
82
200
200
185
201
364
146
364
146
1321
129
349
349
1336
1336
112
112
1335
1337
112
112
112
112
112
111
81
56
410
73
1052
1050
1052
1050
1049
1049
1042
1056
373
1049
1041
372
1044
371
1046
1046
370
1055
370
1074
1074
1086
1086
1084
1084
1083
1083
1083
1080
1076
1076
1076
1071
1069
1048
1048
1057
1057
1065
1065
105
1058
1051
1058
1051
1060
1060
1043
1043
1045
1045
229
229
170
235
170
438
170
365
1073
1073
510
509
511
432
1152
1188
1187
1151
1130
76
1131
1131
1317
358
358
1185
1185
1189
66
1213
1213
1213
1186
1219
1189
1218
1186
361
1186
361
1207
1207
1206
1196
1191
1190
1192
1192
1100
1100
236
236
235
365
235
1098
1098
1098
1102
1098
1098
236
236
236
1102
1102
1102
1102
1102
1102
1102
1102
73
98
463
407
414
465
405
415
399
459
459
466
480
480
482
482
482
482
475
476
477
303
476
468
421
0
26
2
0
197
191
708
191
16
17
30
30
472
31
472
36
36
1134
37
37
37
51
268
220
1059
1054
1060
1052
1052
1052
381
381
381
355
1060
1060
1060
1060
295
151
151
151
151
292
292
362
362
362
361
1333
1340
1338
431
107
92
105
105
104
104
300
300
299
1187
1187
1222
1227
1226
1227
1224
1080
141
1081
141
1079
142
141
124
142
142
124
124
125
121
128
127
144
323
144
208
224
223
223
252
250
250
252
238
238
248
248
250
252
221
238
328
161
326
376
324
486
489
489
323
323
157
157
168
157
155
155
155
241
155
241
241
380
241
239
380
1072
380
193
193
1001
1001
193
207
240
207
240
239
207
239
359
1212
1214
1210
357
114
436
116
120
116
120
329
329
330
205
222
249
450
449
451
208
208
204
208
242
242
242
242
254
254
226
254
225
226
227
249
327
327
275
276
162
205
222
204
206
1077
1077
1077
1077
426
426
128
1069
318
318
317
317
319
107
1153
1282
1284
1279
416
24
987
206
220
1275
1275
1286
484
489
276
1275
177
440
136
442
287
442
308
198
188
198
198
213
188
437
190
189
148
187
186
346
360
360
345
186
1319
1319
1318
1341
1341
410
411
409
72
69
400
60
385
413
1347
1347
1347
1347
1347
1347
993
1347
993
989
1346
1346
990
989
993
993
1275
1275
1275
993
1275
1275
1275
993
1286
1276
1286
1276
1277
1277
1276
1275
993
1277
1277
1277
1277
1277
1156
1156
1286
1286
1276
1347
1347
1277
1275
497
497
497
497
505
505
505
497
497
505
505
505
505
505
505
1156
1156
1277
1277
1156
1277
1277
1277
1277
1156
1277
1277
1277
1277
1277
1277
1277
503
503
503
503
503
503
503
503
503
1156
1156
1156
1277
1277
1277
1156
1277
1156
1156
1156
1156
1156
1156
1156
1156
1156
1156
1156
1156
1277
1277
1156
1156
1277
1156
503
503
503
505
505
503
505
503
503
1156
1156
1156
1156
503
1156
1277
1277
1277
1277
1277
1277
1156
1156
1277
1156
1156
1156
1156
505
505
503
503
505
505
1156
1156
503
503
1277
1277
1277
1277
505
505
505
505
505
505
505
505
505
503
1156
1156
503
1156
1156
1156
1156
503
1277
1277
1277
1277
1277
1277
1286
1276
1276
1276
1276
1276
1277
1276
1276
1277
1277
1277
1277
1277
1277
1277
1277
1277
1277
1277
1277
1277
1277
1277
1277
1276
1276
1277
1286
1276
1277
1277
1277
1277
1156
1277
1156
1156
1156
503
503
503
503
503
1156
1156
503
503
503
503
505
503
503
505
505
505
505
505
505
505
505
505
505
505
505
505
505
1156
1156
503
503
503
503
503
1156
1156
1156
1156
503
503
505
505
503
503
503
503
503
503
503
503
505
505
505
505
505
503
1156
1156
1277
1277
1276
1276
1286
1286
1286
1286
1286
1286
1286
1286
1156
1156
1156
1156
503
503
503
503
503
503
503
503
503
503
503
503
503
1277
1277
503
503
503
503
1156
505
503
505
503
505
505
505
505
505
505
505
505
505
505
505
505
497
505
497
505
505
503
503
1156
1156
1277
1277
1286
1286
1276
1276
1277
1277
1277
1277
505
505
497
505
1156
1156
1277
1156
1156
1156
1277
1156
1277
1277
1277
1277
1276
1276
1276
1286
1286
1286
1286
505
505
505
505
1276
1276
1156
505
505
1276
1277
1276
1347
1347
1347
1347
229
229
231
736
229
216
1347
1347
232
213
187
187
1306
1130
1222
1218
1317
1311
337
1143
439
365
365
1102
151
164
439
439
438
408
164
164
408
363
339
137
292
338
338
150
338
149
150
308
1347
1347
1347
1347
1347
1347
1347
1347
1347
1347
1347
1347
1347
1347
1347
1347
1347
1347
1347
1347
1347
1347
1347
1347
1347
1347
1347
1347
1347
1347
1347
1347
1347
1347
1347
1347
1347
1347
1347
1347
1347
1347
1347
1347
1347
1347
1347
1347
1347
1347
399
464
456
458
464
465
466
459
458
458
458
458
458
458
458
1347
1347
1347
1347
1347
1347
1347
1347
1347
1347
1347
1347
1347
1347
1347
458
458
458
458
458
458
5
396
458
397
458
458
1347
403
12
1347
403
12
12
12
1347
469
469
464
399
469
463
464
399
458
458
399
399
481
1346
1346
481
1346
481
480
480
482
482
480
480
480
482
482
481
482
482
1346
1346
482
482
469
469
482
482
480
481
481
480
481
481
482
480
482
480
480
480
1346
1346
481
1346
481
1346
480
481
1347
1347
1347
1347
1347
1347
1347
481
480
482
482
482
469
469
469
469
463
1346
469
469
462
469
482
482
1347
1347
1347
1347
1347
1347
1347
1347
1347
1347
1347
1347
1347
1347
399
399
458
398
398
4
4
403
1347
403
1347
1347
469
463
469
469
469
398
1347
469
481
481
1347
1347
1347
1347
1347
469
469
469
469
482
1347
1347
1347
1347
1347
1347
4
5
4
395
5
395
395
1347
5
1347
1347
1347
5
4
1347
1347
1347
1347
399
482
1347
1347
1347
1347
1347
471
472
33
33
15
406
468
468
467
462
460
463
463
463
463
464
456
399
458
458
1347
1347
1347
1347
1347
1347
1347
1347
1347
1347
465
466
1347
1347
1347
1347
1347
1347
1347
1347
1347
1347
23
10
10
23
9
469
463
463
305
466
466
464
464
466
457
382
109
109
109
109
109
469
464
482
482
469
464
464
466
465
466
76
76
78
78
76
1225
1280
1225
78
77
77
78
86
78
78
1279
1279
1280
1280
991
1279
86
408
408
86
408
408
164
86
87
164
1232
1279
1280
151
76
151
164
151
151
164
164
164
439
164
439
439
164
439
184
183
438
437
989
990
990
989
990
990
990
990
989
990
933
990
990
933
989
481
1346
1346
1346
1346
1346
934
1346
466
481
200
349
200
200
201
201
1310
1311
1310
1310
1313
1313
1226
1312
1310
245
755
245
755
755
755
245
755
364
364
364
349
364
364
200
200
1310
1319
1310
201
755
201
989
990
989
989
989
989
150
201
755
755
755
338
336
1311
87
1313
1313
1226
1280
1225
1280
1225
1279
417
991
416
481
481
480
481
482
482
482
480
481
481
481
466
466
482
482
481
481
482
482
146
364
129
146
1318
1346
1346
481
24
417
417
24
1144
1144
1220
1220
1223
1223
1224
1224
1306
1306
1306
1306
21
26
26
23
9
9
44
41
1342
44
44
39
482
482
481
481
93
109
382
382
94
109
72
69
109
72
93
93
93
109
108
409
409
1314
85
1320
481
481
1320
481
481
411
1342
411
55
55
44
1223
1220
1220
40
1144
1144
21
39
45
25
25
25
1320
1320
382
94
94
382
94
382
1224
45
1223
55
75
82
108
470
109
93
94
382
24
987
1346
987
1346
1346
1346
417
1144
1220
25
21
481
1346
1346
39
59
1342
1342
1342
412
72
94
109
382
989
989
109
109
109
108
1342
988
988
988
991
994
994
994
991
481
481
481
480
482
55
59
44
44
45
464
482
466
466
465
466
464
465
482
482
464
469
469
469
469
469
482
469
469
469
469
464
464
464
465
466
465
466
420
481
481
482
482
469
469
481
482
482
469
192
195
711
711
748
748
711
748
755
755
755
711
854
854
840
840
854
662
662
662
663
841
662
648
648
648
841
841
840
1304
1305
648
1304
1123
634
606
634
633
633
634
633
604
604
604
630
629
629
630
883
883
883
629
630
382
615
615
382
615
382
631
631
631
1304
634
1304
335
335
768
768
335
768
766
767
767
334
1347
1347
826
1347
1347
1347
1347
766
826
766
334
334
826
766
826
766
334
334
826
766
1347
1347
1347
1347
1347
1347
1347
1347
1347
977
977
977
1257
976
976
1347
1347
1257
1257
977
1257
1257
1257
1258
760
760
759
759
804
804
804
759
759
980
968
968
980
967
968
968
980
980
986
986
978
974
978
978
971
971
974
930
964
964
930
965
961
961
958
931
979
979
979
976
979
979
976
976
977
977
760
760
761
760
761
761
761
761
761
761
874
761
761
874
966
966
966
967
966
966
874
966
966
874
966
966
967
967
967
967
967
760
761
760
762
762
760
1347
1347
1347
1347
1347
1347
761
1347
761
1347
1347
1347
1347
1347
1347
1347
1347
1347
1347
1347
1347
1347
1347
1347
1347
1347
1347
1347
1347
1347
1347
1347
1347
1347
968
968
968
968
980
968
968
967
967
967
967
762
762
763
763
967
967
967
967
966
966
966
967
966
968
967
968
967
760
762
762
763
763
760
761
966
967
1347
1347
1347
1347
1347
334
826
766
908
763
763
908
908
908
908
764
765
764
765
806
806
1347
1347
980
1347
979
979
979
979
980
980
980
980
980
979
980
980
980
980
980
980
980
980
979
980
968
980
968
967
967
1347
1347
1347
1347
1347
1347
1347
1347
1347
1347
1347
979
1347
1347
1258
1267
1267
1258
1254
1254
1257
1257
875
875
782
874
874
874
1257
1257
977
977
972
977
977
971
971
972
976
976
976
976
1347
1347
1347
1347
1347
1347
1347
1347
1347
1347
1347
1347
1347
1347
1347
1347
1347
1347
1347
1347
1347
1347
1347
1347
1347
1347
1347
1347
1347
1347
1347
1347
1347
1347
1254
1347
1347
1347
1254
1347
1347
1347
1347
1347
1347
1347
1347
1347
1347
1347
1347
1347
1347
1347
1347
1347
1347
1347
1347
1347
1347
1347
1347
1347
1347
1347
1347
1347
1347
1347
1347
1347
1347
1347
1347
1347
1347
1347
1347
1347
1347
1347
1347
1347
962
962
970
980
979
979
979
1267
1267
1258
1258
1256
1217
430
825
907
331
771
770
726
928
1002
703
713
682
702
702
672
689
834
833
1126
925
681
701
688
671
712
724
723
786
1107
723
580
579
580
601
601
578
885
542
564
885
564
563
565
565
884
884
863
1345
864
740
614
601
580
602
602
614
602
616
737
737
737
737
737
737
615
615
883
883
886
528
528
886
541
540
541
540
526
527
526
519
517
397
518
887
698
1122
698
1122
748
748
698
711
738
722
722
738
687
184
183
687
696
696
1171
1171
1168
1168
1184
1200
817
817
1169
1169
1205
1183
825
771
430
674
816
683
683
683
715
934
1322
934
933
953
954
524
934
933
953
953
1322
1322
934
1322
532
815
815
532
562
1136
555
551
1135
545
545
545
545
544
526
553
540
553
553
1267
1254
1255
1254
1255
1255
1255
997
997
933
996
999
1255
997
1254
1267
1254
1254
1267
997
1255
1241
797
1239
1243
798
535
1240
1250
1245
1242
1244
1235
1244
1236
809
851
809
809
652
851
832
807
808
933
933
653
653
652
653
652
652
857
857
857
857
598
598
607
598
668
887
531
774
775
777
772
779
777
777
824
741
775
774
779
773
773
626
911
895
800
627
611
611
895
800
790
621
621
789
844
621
636
622
623
848
845
844
843
862
636
609
625
625
609
639
639
638
847
624
610
585
586
610
918
635
910
794
909
909
910
1161
1162
1166
1162
1170
1163
1164
1167
1166
1172
1165
1165
790
675
675
675
675
843
843
905
691
691
956
692
693
693
706
956
734
684
706
693
660
956
902
647
646
915
646
916
641
641
644
914
902
902
902
644
658
780
780
781
781
820
821
823
778
805
983
1148
642
917
900
899
640
641
626
911
626
796
812
627
554
885
554
554
557
1323
534
571
533
803
783
783
785
562
784
575
1233
1261
1262
1260
1147
1260
960
959
960
959
931
782
805
1217
973
1150
973
975
984
1265
1150
1262
1265
969
982
645
645
1298
1252
1302
1303
1247
1251
1249
1249
1247
1124
1249
1246
576
581
557
784
559
582
571
557
571
571
885
567
1299
1299
1296
1296
1301
600
1301
600
558
558
570
570
569
569
572
577
582
582
1296
1299
1304
1293
668
668
598
787
607
607
852
837
837
838
1329
1329
839
853
838
568
568
566
1327
859
859
1327
859
1295
1301
600
1300
600
1171
846
846
817
846
924
1125
924
1125
792
673
712
1104
712
680
927
681
927
589
588
589
590
590
587
914
914
914
914
658
658
905
876
691
905
692
692
914
904
914
906
876
1019
906
1096
1019
730
730
873
873
873
873
1003
843
843
848
848
752
752
756
756
871
872
1015
845
845
1015
624
624
847
1005
638
1012
1013
1013
1012
1014
1028
1004
1004
1005
1005
812
812
795
795
795
795
867
867
758
758
867
758
756
751
867
870
869
870
1034
1009
1010
1010
1026
1026
1029
1030
1030
1016
1039
1031
1031
1017
1017
675
846
811
810
831
913
913
929
1111
656
921
669
929
1110
1112
1112
1111
1117
1110
1117
1105
912
1113
1114
1114
793
651
655
654
923
791
792
1113
1113
1113
1114
1109
1110
788
788
669
668
1110
1111
1109
1109
832
832
832
792
791
680
1107
1104
1114
1114
1108
864
1108
1103
721
1108
1103
722
617
590
589
616
594
574
591
618
574
591
573
592
573
592
616
617
618
617
631
618
604
594
852
699
699
697
697
698
697
860
839
1324
1324
860
839
632
1331
1330
605
1331
1331
1332
1330
606
853
853
629
630
629
630
603
603
1120
650
631
631
604
604
854
711
697
854
662
841
663
648
662
841
840
840
1123
1123
1328
1297
634
634
634
634
634
634
634
1120
633
597
593
603
1021
1039
1021
1020
1021
1039
1022
1020
1020
871
870
1024
869
1025
1038
1023
868
1038
868
1096
1096
1097
1097
1095
1095
1093
1094
1094
1094
1040
1040
1033
1034
1040
1011
1011
1027
1027
1007
1007
1032
1014
1028
1031
1031
1014
1028
1006
1006
1008
1008
735
739
685
735
1115
685
919
685
1036
1036
982
983
985
1149
1148
1161
1160
1146
857
1124
1124
598
599
585
585
584
1158
1159
1159
1182
1182
1158
1234
1180
1182
856
1180
1237
1180
1180
1173
1173
1174
1165
1172
1175
1177
1177
1108
1108
1103
1115
739
1103
739
1117
1117
1116
1117
1117
1117
1103
1103
1116
1103
1116
1116
1116
1116
1116
1116
1116
603
620
940
942
893
891
881
882
888
953
953
945
945
945
945
947
799
949
948
944
948
536
539
514
514
516
681
701
681
531
1140
543
543
546
547
552
547
552
1344
803
1344
1344
566
769
727
1017
1016
1031
1039
1039
1039
1029
1029
1029
848
1031
1031
1031
1031
792
668
668
669
669
850
850
856
850
1326
1326
1331
612
900
613
1032
1032
626
626
800
800
794
1161
1161
1236
1250
1246
1246
1252
657
1093
657
1035
644
658
643
657
644
644
643
643
641
640
679
957
647
679
818
752
731
730
717
753
753
750
750
751
751
757
753
750
757
751
742
733
823
821
678
820
963
963
969
818
818
676
676
816
676
674
674
674
674
745
745
745
745
744
744
743
744
1003
704
704
715
715
717
704
717
878
878
717
743
743
849
1181
1178
1179
918
635
622
636
636
862
862
824
824
749
729
728
741
928
726
731
731
714
731
746
746
746
746
747
747
747
754
734
754
732
749
822
822
776
779
684
729
728
716
714
904
904
904
904
903
903
647
1033
901
901
813
628
813
612
1264
1145
1259
1232
538
894
932
727
716
1267
1254
1254
959
963
779
1254
690
922
652
670
1113
851
652
700
198
700
737
666
665
719
686
852
699
836
837
852
838
836
1332
1305
1305
1294
1294
1291
573
597
606
592
587
578
588
579
1347
1347
1347
1347
1347
1347
1347
1255
934
934
933
1255
997
1255
1255
933
1254
1254
1255
1254
1255
1254
1254
1254
1267
1258
1267
1258
1257
1257
1258
1255
1254
1257
1257
1257
1257
1257
977
977
1267
1267
1258
1347
1347
1257
1254
980
980
980
980
980
980
979
979
979
979
979
979
979
979
979
977
1257
1257
977
1257
1257
1257
1257
977
977
1257
1257
1257
1257
1257
1257
1257
976
976
976
976
976
976
976
976
976
977
1257
1257
977
1257
1257
1257
977
977
977
977
977
977
977
977
977
977
977
977
977
1257
977
977
1257
976
976
976
977
1257
979
979
976
976
976
976
977
977
977
977
977
976
1257
1257
1257
1257
1257
977
977
1257
977
977
977
977
1257
979
979
979
979
976
976
977
977
976
976
1257
1257
1257
1257
979
979
979
979
979
979
979
979
979
976
976
977
977
976
977
977
977
977
1257
1257
1257
1257
1257
1257
1267
1258
1258
1258
1258
1258
1257
1258
1258
1257
1257
1257
1257
1257
1257
1257
1257
1257
1257
1257
1257
1257
1257
1257
1257
1257
1258
1258
1257
1258
1267
1257
1257
1257
1257
977
977
977
977
976
976
976
976
976
977
977
976
976
976
976
976
979
976
979
979
979
979
979
979
979
979
979
979
979
979
979
979
977
977
976
976
976
976
976
977
977
977
977
976
976
979
979
976
976
976
976
976
976
976
976
979
979
979
979
979
977
976
977
1257
1257
1258
1267
1267
1258
1267
1267
1267
1267
1267
1267
977
977
977
977
976
976
976
976
976
976
976
976
976
976
976
976
976
1257
1257
976
976
977
976
976
976
979
976
979
979
979
979
979
979
979
979
979
979
979
979
979
980
980
979
979
979
976
976
977
977
1257
1257
1258
1267
1267
1258
1257
1257
1257
1257
979
979
979
980
1257
977
977
977
977
977
1257
977
1257
1257
1257
1257
1258
1258
1258
1267
1267
1267
1267
979
979
979
979
1258
1258
977
979
979
1257
1258
1258
1347
1347
1347
1347
735
735
735
722
1347
1347
737
699
699
1304
1297
857
1237
1236
599
599
1292
608
828
830
1231
1115
920
1115
1116
668
787
920
920
892
919
787
892
1329
858
653
669
829
829
667
829
835
667
851
1347
1347
1347
1347
1347
1347
1347
1347
1347
1347
1347
1347
1347
1347
1347
1347
1347
1347
1347
1347
1347
1347
1347
1347
1347
1347
1347
1347
1347
1347
1347
1347
1347
1347
1347
1347
1347
1347
1347
1347
1347
1347
1347
1347
1347
1347
1347
1347
1347
1347
881
458
935
941
942
941
458
458
458
881
1347
1347
1347
1347
1347
1347
1347
1347
1347
1347
1347
1347
1347
1347
1347
458
458
458
458
519
397
458
518
1347
1347
526
544
1347
526
526
526
544
939
881
941
939
881
941
940
939
881
881
881
458
1322
1322
934
934
1322
934
953
953
953
953
945
945
953
1322
945
945
945
945
934
934
945
945
945
945
939
939
953
953
1322
1322
1322
1322
953
945
953
953
953
945
934
934
934
1322
934
1322
1322
953
1347
1347
1347
1347
1347
1347
1347
945
953
1322
945
945
939
939
940
939
939
934
939
939
938
939
945
945
1347
1347
1347
1347
1347
1347
1347
1347
1347
1347
1347
1347
1347
1347
881
880
880
881
887
880
1347
544
887
544
1347
1347
940
939
939
939
939
939
1347
880
1322
1322
1347
1347
1347
1347
1347
939
939
939
945
939
1347
1347
1347
519
887
887
519
395
519
1347
1347
519
887
1347
1347
1347
1347
881
945
1347
1347
1347
1347
1347
533
547
548
548
529
889
944
944
943
938
890
940
940
940
940
941
935
881
458
1347
1347
1347
1347
1347
1347
1347
1347
1347
1347
942
1347
1347
1347
1347
1347
1347
1347
1347
1347
537
537
525
525
802
940
940
939
524
466
941
941
466
937
466
382
109
629
629
629
629
941
939
941
939
945
945
466
941
466
942
598
600
600
598
600
1243
1241
1243
598
607
827
600
607
600
600
1232
1241
1241
1232
1232
996
827
827
892
892
787
892
892
608
827
787
1232
151
1241
1232
151
598
164
787
668
151
787
787
164
439
439
920
787
439
184
666
919
183
933
933
997
997
933
997
997
997
997
990
997
997
933
933
933
1322
934
934
934
934
934
934
934
1322
466
854
854
854
840
711
711
1293
1293
1293
1292
1293
1299
1250
1300
1300
748
755
748
755
755
755
755
748
841
840
841
841
854
854
841
841
1305
1293
1293
711
711
755
997
933
933
933
933
933
711
667
755
755
830
829
1300
608
1292
1250
1300
1243
1241
1243
1241
797
1232
894
996
1322
1322
953
1322
1322
953
945
945
945
1322
1322
945
945
466
466
1322
1322
945
945
841
662
662
663
1291
1322
934
934
538
538
797
797
1239
1239
1240
1238
1238
1240
1252
1304
1304
1252
1304
1304
535
537
539
539
524
524
556
559
555
559
559
558
945
945
1322
1322
629
883
629
615
382
382
592
592
629
587
630
629
883
883
883
606
606
596
582
523
523
1322
1322
1322
1322
558
573
559
572
572
573
1238
1136
1240
1240
560
555
535
1239
1239
798
798
523
523
798
382
382
615
615
382
615
560
1252
1238
619
572
604
631
630
883
629
615
382
934
932
538
934
934
934
932
1239
797
1240
798
535
934
1322
934
577
555
558
558
558
592
570
629
615
382
933
933
629
629
629
630
558
995
995
995
996
999
999
999
991
1322
1322
1322
953
945
572
559
577
559
560
945
941
941
942
466
466
942
466
945
945
939
939
941
939
939
939
939
939
939
945
941
939
941
941
466
942
466
942
896
1322
1322
945
939
939
945
1322
945
945
939
702
1347
1347
1347
1347
1347
1347
1347
1347
1347
1347
1347
1347
1333
1308
1335
1325
229
736
190
190
437
408
408
735
686
686
892
666
827
892
827
76
1050
1049
1050
1050
1050
1042
1042
1042
1042
1042
1041
1044
1041
1044
1055
1046
1055
1046
1046
1074
1088
1046
1086
1046
1088
1084
1084
1084
1084
1083
1076
1084
1083
1071
1057
1076
1057
1051
1051
1043
1043
1043
1043
1043
1045
1045
1043
1073
1073
1045
1051
1043
1021
1021
1020
1022
1021
1021
1022
1022
1022
1022
1024
1025
1025
1024
1023
1038
1038
1023
1096
1092
1092
1097
1095
1095
1095
1095
1094
1040
1094
1095
1034
1027
1027
1040
1014
1006
1014
1006
1006
1006
1006
1008
1006
1008
1036
1036
1014
1006