0.1397955045104030 -0.2207334935665130 -0.0108540020883088
0.1284705027937890 -0.2171634733676910 0.0076520033180709
0.1138385012745860 -0.2364344894886020 0.0115379877388473
0.0413655005395412 -0.2965084910392760 0.0198350138962265
0.0377264991402626 -0.2912755012512210 0.0388350076973434
0.0177304986864328 -0.2940674722194670 0.0419039912521835
0.1197274997830390 -0.2140044867992400 0.0197079963982101
0.1119424998760220 -0.2100674808025360 0.0291739888489242
0.0987875014543533 -0.2261044681072230 0.0340779908001419
0.1742194965481760 -0.1984715163707730 -0.0558199994266037
0.1650704964995380 -0.2001344859600070 -0.0317739956080918
0.1499854996800420 -0.2228085100650790 -0.0317649953067307
0.0351684987545013 -0.2845004796981810 0.0522310025990005
0.0322524979710579 -0.2730714976787570 0.0646909959614273
0.0155184995383024 -0.2743684947490690 0.0677339918911453
0.0843404978513718 -0.2744294703006740 0.0073400028049941
0.0785975009202957 -0.2716064751148220 0.0261480100452896
0.0585874989628792 -0.2836764752864840 0.0337940044701095
0.1044254973530770 -0.2047725021839140 0.0374370105564590
0.0972955003380775 -0.1976625025272370 0.0450369901955124
0.0854784995317458 -0.2104944884777070 0.0496869869530197
0.1666874960064890 -0.1529084742069240 0.0029879994690414
0.1531975045800210 -0.1549374759197230 0.0199980027973648
0.1490555033087730 -0.1782074868679050 0.0122510083019729
0.1973694935441020 -0.1437074840068820 -0.0489290021359925
0.1825864985585210 -0.1496424973011020 -0.0193549953401093
0.1755904927849770 -0.1763764917850490 -0.0277689956128601
0.0297074988484383 -0.2592314779758450 0.0747640021145340
0.0253045000135899 -0.2375334799289700 0.0806879885494705
0.0114024989306927 -0.2360384762287140 0.0829509980976577
0.0734454989433289 -0.2678684890270230 0.0394039936363693
0.0688375011086464 -0.2599634826183320 0.0494469888508316
0.0509124994277954 -0.2689974606037140 0.0586539991199966
0.0915294960141182 -0.2504734694957730 0.0310769863426681
0.1315514966845510 -0.1966094672679900 0.0197279937565323
0.1226414963603020 -0.1941684782505030 0.0290579982101913
0.0642734989523888 -0.2496944963932040 0.0580649860203262
0.0566025003790855 -0.2349095046520230 0.0663609988987441
0.0391254983842373 -0.2381285130977630 0.0757140107452865
0.1415184959769250 -0.1565394699573520 0.0319270081818100
0.1313404962420460 -0.1577304899692530 0.0402170009911056
0.1295304968953130 -0.1773684918880460 0.0332009978592391
0.0802884995937346 -0.1994014680385590 0.0569769926369186
0.0906805023550987 -0.1885074675083160 0.0519609935581680
0.0846645012497902 -0.1763304769992830 0.0581680126488205
0.1213324964046480 -0.1578064858913420 0.0467539913952346
0.1119564995169640 -0.1566314995288850 0.0512680001556869
0.1110064983367920 -0.1715395152568820 0.0463009960949417
0.0246524997055531 -0.2210085093975070 0.0807140059769149
0.0236984994262457 -0.2052004635334010 0.0812109895050521
0.0110114989802241 -0.2045744955539700 0.0829740054905410
0.0510035008192062 -0.2190094888210300 0.0701439864933487
0.0493904985487461 -0.1997984945774080 0.0754909999668594
0.0353614985942841 -0.2031404674053190 0.0792539902031417
0.0667565017938614 -0.2100374996662140 0.0629269964992996
0.0772425010800362 -0.1629334986209870 0.0635740049183364
0.0726024955511093 -0.1543734967708590 0.0672269947826858
0.0626844987273216 -0.1553035080432890 0.0746840126812454
0.0983384996652603 -0.1778415143489840 0.0498610027134414
0.0909665003418922 -0.1692354977130890 0.0546879954636093
0.0224664993584156 -0.1878964602947230 0.0926810093224044
0.0217224992811680 -0.1717685163021090 0.1041610129177570
0.0100174993276596 -0.1757654845714570 0.1046570129692550
0.0949514955282211 -0.1614374816417690 0.0552340038120742
0.1022514998912810 -0.1666714847087860 0.0509639866650100
0.1032634973526000 -0.1544955074787140 0.0548480041325088
0.1056184992194180 -0.0012964904308318 0.0588709898293014
0.1051824986934660 0.0153965055942537 0.0526299960911270
0.0879305005073547 0.0195005238056184 0.0559340007603164
0.0459864996373653 -0.1800074875354770 0.0885209925472732
0.0426294989883900 -0.1636354625225070 0.0950910039246078
0.0325725004076958 -0.1674954593181610 0.1008939929306500
0.0580474995076656 -0.1728974878787990 0.0815240032970901
0.0714814960956572 -0.1483764946460720 0.0698239989578720
0.0618885010480881 -0.1485294997692110 0.0761600024998183
0.0810725018382072 -0.1537325084209440 0.0616010017693039
0.0776214972138405 -0.0635984838008879 0.0729679949581619
0.0753265023231505 -0.0745084583759307 0.0756379850208754
0.0885434970259666 -0.0915375053882598 0.0739309974014755
0.0208324994891882 -0.1558375060558320 0.1030610091984270
0.0093514993786811 -0.1576994955539700 0.1051069982349870
0.0713834986090660 -0.1453394591808320 0.0692439861595626
0.0619914978742599 -0.1452024877071380 0.0758100040256973
0.0868624970316887 -0.1473084986209870 0.0612079985439773
0.0851275026798248 -0.1517024934291840 0.0605640001595015
0.0893104970455169 -0.1559294760227200 0.0589809902012344
0.0724795013666153 -0.0865024626255034 0.0802810080349441
0.0848205015063286 -0.1018374860286710 0.0778700001537796
0.1042684987187390 0.0287015140056611 0.0506169982254501
0.0904835015535355 0.0312044918537141 0.0528240092098709
0.1540944948792460 0.0181275308132173 0.0350569970905777
0.1643644943833350 -0.0029754936695097 0.0357279963791366
0.1804764941334720 0.0044704973697663 0.0209649987518783
0.0217494983226061 -0.1450655162334440 0.0976909883320327
0.0099324993789195 -0.1459355056285860 0.1010540015995500
0.0420514978468418 -0.1516725122928620 0.0921969898045058
0.0310064982622862 -0.1537325084209440 0.0993240065872665
0.0532054975628853 -0.1587375104427340 0.0848649926483627
0.0789864957332610 -0.1484985053539270 0.0646639950573440
0.0518785007297993 0.0475614964962007 0.0607339926064010
0.0491404980421066 0.0360265076160432 0.0714050121605392
0.0596744976937771 0.0245365202426912 0.0684400089085098
0.1032335013151170 0.0454255044460298 0.0526099987328048
0.0920244976878166 0.0467685163021089 0.0533339865505690
0.1191224977374080 0.0274355113506318 0.0472710020840164
0.1145695000886920 0.0445705354213716 0.0503849871456619
0.1433214917778970 0.0316314995288850 0.0366969890892502
0.1665265038609500 0.0246585309505464 0.0249180085957046
0.0420764982700348 -0.1448664963245390 0.0876249857246872
0.0315724983811378 -0.1446684896945950 0.0935079939663406
0.0517074987292290 -0.1501614749431610 0.0848210044205185
0.0778964981436729 -0.1454004943370820 0.0641110129654403
0.0848075002431870 -0.1466675102710720 0.0610769875347610
0.0829045027494431 -0.1481014788150790 0.0616449899971481
0.0739355012774467 0.0261994898319246 0.0582710094749923
0.0778144970536231 0.0357365310192109 0.0535640008747574
0.0665254965424538 0.0440365374088288 0.0536669977009292
0.0831955000758170 -0.1464385092258450 0.0602669902145858
0.0820154994726181 -0.1462095081806180 0.0609780140221115
0.0813864991068840 0.0494995415210725 0.0527079887688156
0.0721144974231719 0.0544284880161287 0.0518250055611129
0.1811235025525090 0.0426945388317109 0.0043289847671981
0.1982204988598820 0.0279234945774079 -0.0072399936616424
0.2002504989504810 0.0416714847087861 -0.0158169977366928
0.1645225062966350 0.0544284880161287 0.0153280086815353
0.1837025061249730 0.0532985031604768 -0.0025359950959686
0.2005624994635580 0.0706324875354768 -0.0218670032918457
0.1965075060725210 0.0856625139713288 -0.0138689987361435
0.1815165057778360 0.0841365158557893 0.0040700025856490
0.0716634988784790 -0.1448664963245390 0.0596409924328323
0.0714174956083298 -0.1511684954166410 0.0624770112335678
0.0773205012083054 -0.1505734622478480 0.0598949976265426
0.0665004998445511 -0.1385655105113980 0.0821879990398879
0.0620195008814335 -0.1451725065708160 0.0757680125534530
0.0713915005326271 -0.1452634632587430 0.0692509897053238
0.0576315000653267 -0.0321044623851775 0.0986440069973465
0.0610604993999004 -0.0386354625225066 0.0880539901554580
0.0624634996056556 -0.0412295162677764 0.0798779912292953
0.0511415004730225 -0.0300295054912566 0.1164449937641620
0.0515755005180836 -0.0400694906711577 0.1189780123531810
0.0572664998471737 -0.0436094701290130 0.1064709909260270
0.1512425020337100 0.0658265054225923 0.0294169969856735
0.1676555052399640 0.0637975037097932 0.0111209936439987
0.1920165047049520 0.0979615151882173 -0.0019260011613373
0.1873875036835670 0.1089325249195100 0.0114680118858810
0.1742965057492260 0.1000365316867830 0.0233769901096817
0.0634284988045692 -0.1446684896945950 0.0628040023148055
0.0628554970026016 -0.1502074897289270 0.0651450045406814
0.0410754978656769 -0.1226654946804050 0.1068009920418260
0.0492995008826256 -0.1253055036067960 0.1012810058891770
0.0540255010128021 -0.1113735139369960 0.0984110124409195
0.0609975010156631 -0.0588984787464141 0.0761380083858962
0.0237214993685484 -0.0148014724254607 0.1485510058701030
0.0339014977216721 -0.0193634927272796 0.1389509923756120
0.0335304997861385 -0.0093074738979338 0.1314310021698470
0.0394284985959530 0.0862574875354768 0.0634080059826370
0.0333145000040531 0.1056975424289700 0.0802439935505386
0.0268714986741543 0.0805355012416841 0.0780439861118789
0.1612915024161340 0.0959015190601350 0.0351279862225052
0.1653284952044490 0.0903014838695526 0.0271040089428421
0.1783015057444570 0.0923915207386017 0.0133539922535415
0.1818775013089180 0.1194615066051480 0.0240569896996017
0.1662934944033620 0.1074984967708590 0.0357279963791366
0.0452654995024204 -0.0666044652462004 0.0904450006783004
0.0572604984045029 -0.0711365044116973 0.0799609906971450
0.0561245009303093 -0.0621944963932036 0.0832669921219345
0.0342535004019737 -0.0326695144176482 0.1423739977180950
0.0232214983552694 0.1138915121555330 0.0902309902012344
0.0198054984211922 0.0859685242176057 0.0863169915974136
0.1554565057158470 0.1001585423946380 0.0421509929001327
0.0273134987801313 -0.0837095081806182 0.1071979887783520
0.0126314992085099 -0.0844424664974212 0.1113980002701280
0.0181914996355772 -0.1007075011730190 0.1126710064709180
0.0211634989827871 -0.0416714847087859 0.1516770012676710
0.0311014987528324 -0.0420984923839568 0.1426679976284500
0.0120704993605614 -0.0124965012073516 0.1543449945747850
0.0243334993720055 -0.0034634768962859 0.1398540027439590
0.0507414974272251 0.1265254914760590 0.0878910012543197
0.0373874977231026 0.1304624974727630 0.0929840095341201
0.1457344964146610 0.0935365259647370 0.0478010065853592
0.1472735032439230 0.1052245199680330 0.0500979907810684
0.0000044991888898 -0.0122074782848357 0.1564269848167890
0.0132344989106059 0.0003055036067963 0.1458470113575450
0.0000014991888974 -0.0840754806995391 0.1118149943649760
0.0000004991888999 -0.1009365022182460 0.1127340085804460
0.0315764993429184 -0.1446684896945950 0.0935009904205794
0.0365884974598885 -0.1333005130290980 0.1039009876549240
0.0286084990948439 -0.1315005123615260 0.1090150065720080
0.0236114989966154 -0.1159364879131320 0.1145949847996230
0.0339225009083748 -0.1188354790210720 0.1109709925949570
0.0318094976246357 -0.1010744869709010 0.1089950092136860
0.0237534996122122 -0.0299074947834014 0.1525170095264910
0.0133004989475012 0.0903325378894807 0.0899880118668074
0.0491054989397526 0.0989384949207307 0.0629069991409774
0.1391934975981710 0.0964355170726777 0.0528240092098709
0.0000054991887736 0.0916295349597932 0.0931210108101364
0.0156184993684292 0.1164245307445530 0.0933909900486465
0.0121684996411204 -0.0285334885120391 0.1585509963333600
0.0000004991888999 -0.1169284880161280 0.1166140027344220
0.0307895001024008 -0.1488644778728480 0.0819579847156997
0.0307124983519316 -0.1429744660854340 0.0783409960567947
0.0207914989441633 -0.1430355012416840 0.0822110064327712
0.0111214993521571 -0.0411984622478484 0.1566969938576220
0.0238684993237257 0.1313625276088720 0.0956950075924391
0.0730964988470078 0.1163335144519810 0.0703570134937759
0.0747435018420219 0.1347045004367830 0.0866350121796127
0.0610115006566048 0.1302035152912140 0.0870639868080612
0.0670275017619133 0.1000975072383880 0.0576909966766830
0.0759005025029182 0.1064605414867400 0.0612240023910994
0.1675064936280250 0.1299284994602200 0.0433939881622787
0.1558885052800180 0.1149295270442960 0.0477439947426315
0.0000064991891122 0.1325984895229340 0.0979840047657486
0.0000034991890061 -0.0410304963588713 0.1582040078938000
0.0161015000194311 -0.1310724914073940 0.1126109845936290
0.0151434987783432 -0.0592955052852630 0.1295139975845810
0.0119294989854097 -0.0612334907054900 0.1305769868195050
0.0138154989108443 -0.0639034807682036 0.1179639883339400
0.0088654989376664 -0.0518644750118255 0.1513070054352280
0.0070924991741776 -0.0593715012073516 0.1426010020077220
0.0139814987778664 -0.0574955046176909 0.1398039944469920
0.0687234997749329 0.1544645130634310 0.0941609926521774
0.0867004990577698 0.1210935413837430 0.0712039954960342
0.0917704999446869 0.1381374895572660 0.0831639952957626
0.0698034986853599 0.0947265326976777 0.0554239936172958
0.0787964984774590 0.0996244847774507 0.0586810000240799
0.1350835040211680 0.1479035317897800 0.0672339983284469
0.1255734935402870 0.1269685328006750 0.0665509887039657
0.1429064944386480 0.1221615374088290 0.0580469854176040
0.0000024991888949 -0.0594024956226348 0.1434570141136640
0.0095304995775222 -0.0726315081119536 0.1141709871590130
0.0067274994216859 -0.0659334957599639 0.1198240108788010
0.0000014991888974 -0.0671694576740264 0.1192979998886580
0.0000004991888999 -0.1311955153942110 0.1149450130760670
0.0099534988403320 -0.1459355056285860 0.1010410077869890
0.0217534992843866 -0.1450344622135160 0.0976770110428329
0.0218914989382029 -0.0710295140743255 0.1100270040333270
0.0240674987435341 -0.0646364986896514 0.1091509945690630
0.0058164992369711 -0.0631714761257170 0.1321569867432110
0.0882844999432564 0.1116335093975070 0.0646369941532608
0.0624684989452362 0.0881955325603486 0.0526679940521713
0.0573104992508887 0.0910334885120393 0.0534540005028244
0.0502435006201267 0.0789335072040559 0.0519679971039291
0.1276744976639750 0.1006315052509310 0.0591240115463730
0.0000024991888949 -0.0636744797229766 0.1325609870254990
-0.0000005008110974 -0.1460414826869960 0.1023450084030620
0.0093854991719126 -0.1437684595584870 0.0849639959633345
0.0092424992471933 -0.1495364606380460 0.0890979953110214
0.0208554994314909 -0.1490024626255030 0.0860179848968978
0.1051165014505390 0.1248625218868260 0.0708480067551132
0.1134674996137620 0.1440275013446810 0.0778050012886520
0.1018704995512960 0.1141054928302770 0.0657209940254683
0.0889765024185180 0.1026615202426910 0.0617169924080368
0.1177095025777820 0.1137234866619110 0.0642439909279342
0.1132185012102130 0.1033634841442110 0.0634040124714369
0.1351945027709010 0.1101684868335720 0.0579939968883987
-0.0000005008110974 -0.1495054662227630 0.0900640077888961
0.0996244996786118 0.1044004857540130 0.0637009926140304
0.1448504999279980 0.2525024712085730 0.0276670046150680
0.1708445027470590 0.2366335690021520 0.0011899955570693
0.1767754927277570 0.2627255022525790 -0.0199969969689850
0.1246204972267150 0.2959904968738560 0.0216680057346817
0.1191015020012860 0.2624664604663850 0.0472209937870498
0.0992235019803047 0.3064275085926060 0.0349979884922500
0.0748964995145798 0.3141025602817540 0.0437410064041610
0.0706605017185211 0.2736965715885160 0.0707610137760635
0.0502435006201267 0.3187254965305330 0.0501109845936294
0.0250254999846220 0.3206634819507600 0.0547239966690536
0.0235984995961189 0.2769924700260160 0.0808279998600479
0.0723704993724823 0.1910245120525360 0.0934710092842575
0.0693264976143836 0.2305605709552770 0.0846210010349745
0.0464775003492832 0.2316584885120390 0.0892709977924820
0.0943264961242676 0.1925354897975920 0.0813479907810684
0.0919435024261475 0.2295685112476350 0.0769980140030380
0.1151354983448980 0.1922304928302770 0.0694810040295120
0.1140324994921680 0.2273714840412140 0.0641170032322403
0.1358545050024990 0.1894375383853910 0.0580940134823318
0.1381664946675300 0.2206574976444250 0.0470240004360672
0.1597174927592280 0.1792605221271520 0.0400009937584396
0.1654934957623480 0.2079015076160430 0.0228409953415390
0.1962934955954550 0.1589055359363560 -0.0098250024020676
0.2020135000348090 0.1788025200366980 -0.0239459984004502
0.1865474954247470 0.1959384977817540 -0.0022820048034195
0.0723204985260963 -0.2230375111103060 0.0568039901554580
0.1059694960713390 -0.1849364936351780 0.0438870079815384
0.0000034991890061 -0.0518034994602202 0.1525950022041790
0.0176764987409115 -0.0510714948177337 0.1469769962131970
0.0248524993658066 -0.0492704808712004 0.1419109888374800
0.0446725003421307 -0.0508724749088286 0.1169269867241380
0.0510924980044365 -0.0549624860286712 0.1046680100262160
0.0559924989938736 -0.0512695014476775 0.1059209890663620
0.0512454994022846 -0.0580295026302337 0.0977570004761215
0.0574664995074272 -0.0556645095348357 0.0940439887344833
0.0618444979190826 -0.0521694719791410 0.0833740122616287
0.0389824993908405 0.0621645152568817 0.0650510080158706
0.0507704988121986 -0.0244294703006743 0.1103170104324810
0.0413105003535748 -0.0166625082492827 0.1216150112450120
0.0421204976737499 -0.0356294810771941 0.1322309859097000
0.0497144982218742 -0.0469054877758025 0.1190779991447920
0.0368374995887279 -0.0477754771709441 0.1289409883320330
0.1262054964900020 -0.0053714811801909 0.0539469905197616
0.1229294985532760 0.0135345160961152 0.0488209910690780
0.1254465058445930 0.0456695258617402 0.0467840023338791
0.1319165006279950 0.0287325084209443 0.0424199886620041
0.1322005018591880 -0.2436985075473780 -0.0291289947927002
0.1531145051121710 -0.1998294889926910 -0.0106070004403595
0.1408024951815610 -0.1983945071697230 0.0079310126602645
0.0945895016193390 0.2680964767932890 0.0611840076744551
0.0475394986569881 -0.0111384689807891 0.0980940051376815
0.0566984973847866 -0.0236965119838714 0.0871609933674331
0.0569064989686012 -0.0164034664630889 0.0835510082542892
0.0475184991955757 -0.0034634768962859 0.0938669927418228
0.0389265008270740 0.0075685083866120 0.1030810065567490
0.0229354985058308 0.0153655111789704 0.1252240128815170
0.0226824991405010 0.0233615338802339 0.1193239875137800
0.0126684987917542 0.0284275114536286 0.1254910118877880
0.1417204961180690 0.0533905327320100 0.0379170067608351
0.1343074962496760 0.0487975180149079 0.0425580032169815
0.1604024991393090 0.0462954938411714 0.0217639990150924
0.1476454958319660 0.0597384870052339 0.0330810137093063
0.1527814939618110 0.0377965271472932 0.0296350009739395
0.0000044991888898 0.0735625326633454 0.0988510139286513
0.0117994993925095 0.0718995034694673 0.0967939980328079
0.0200234986841679 0.0686955153942108 0.0917009897530075
0.2053054943680760 0.1079255044460300 -0.0239479951560501
0.1967495009303090 0.1228944957256320 -0.0071610026061539
0.1872785016894340 0.1358945071697240 0.0092570073902602
0.1725134924054150 0.1464234888553620 0.0308340080082412
0.1342215016484260 0.1631315052509310 0.0649070031940933
0.1508845016360280 0.1384275257587430 0.0580010004341598
0.1126125007867810 0.1640625298023220 0.0772040076553817
0.0885104984045029 0.1613005101680760 0.0889339931309219
0.0000074991889960 0.1866914927959440 0.0989610143005844
0.0253984984010458 0.1874234974384310 0.0995409972965713
0.0237604994326830 0.2320704758167270 0.0923609919846054
0.0000094991892183 0.3209384977817540 0.0572309978306289
0.0000094991892183 0.2774964869022370 0.0821809954941269
0.0709014981985092 -0.1017765104770660 0.0857970006763931
0.0806214958429337 -0.1132964789867400 0.0810109861195083
0.0650594979524612 -0.1173705160617830 0.0914209969341751
0.0751345008611679 -0.1246944963932040 0.0828010030090805
0.0487434975802898 -0.0178984701633452 0.1041439957916730
0.0324054993689060 -0.0001374781131743 0.1241609938442700
0.0236724987626076 0.0059665143489838 0.1321749873459340
0.0131804989650846 0.0104375183582307 0.1380180008709430
0.0000044991888898 0.0132595002651216 0.1397310085594650
0.0455744974315166 -0.1345674693584440 0.0987470038235183
0.0552604980766773 -0.1360324919223780 0.0919969864189621
0.0420725010335445 -0.1448664963245390 0.0876209922134871
0.0524394996464252 -0.1450655162334440 0.0821210034191604
0.0419244989752769 -0.1434324681758880 0.0729310102760788
0.0419034995138645 -0.1488344967365260 0.0759970135986800
0.0530034974217415 -0.1495665013790130 0.0708610005676742
0.0578804984688759 0.0554045140743257 0.0537910051643844
0.0493314974009991 0.0657655298709870 0.0518340058624740
0.0640325024724007 0.0630035102367402 0.0503539927303787
0.0581904985010624 0.0695345103740693 0.0480399914085861
0.0383584983646870 0.0487365424633027 0.0759340114891525
0.0714095011353493 0.0139925181865693 0.0655909962952133
0.0866174995899200 0.0054934918880463 0.0624570138752455
0.0687754973769188 -0.0303035080432891 0.0750140137970443
0.0589634999632834 -0.1298064887523650 0.0929149873554702
0.0858915001153946 -0.0462344586849212 0.0728909857571121
0.0658444985747337 -0.0374294817447661 0.0760239847004409
0.0692534968256950 -0.1341395080089570 0.0830950029194351
0.0532064996659756 -0.1440424621105190 0.0681170113384719
0.0355864986777306 -0.0674745142459868 0.0985079891979690
0.0177104994654655 -0.0557095110416410 0.1371549852192400
0.1377575024962430 0.0895995199680329 0.0502380020916458
0.1422884985804560 0.0868684947490693 0.0453410036861892
0.1324115023016930 0.0915684998035432 0.0539410002529617
0.1214144974946980 0.0953365266323090 0.0588509924709793
0.1097244992852210 0.0984345376491548 0.0617169924080368
0.0984234958887099 0.0987705290317537 0.0619349963963028
0.0790594965219498 0.0942685306072235 0.0572839863598343
0.1913545057177540 0.2192685306072240 -0.0212719999253754
0.1809904947876930 0.1692045032978060 0.0121840126812454
0.1540165022015570 0.1562955081462860 0.0506409890949722
0.1460584923624990 0.0844574868679048 0.0404940135776992
0.1531905010342600 0.0866695344448091 0.0361109860241409
0.1507535055279730 0.0910334885120393 0.0418980009853836
0.0580684989690780 0.0785985291004182 0.0500039942562576
0.0632525011897087 0.0789035260677339 0.0482450015842910
-0.0000005008110974 -0.1462405025959010 0.1022440083324910
-0.0000005008110974 -0.1582644879817960 0.1055779941380020
-0.0000015008110949 -0.1772004663944240 0.1042309887707230
0.0102364988997579 -0.1891324818134310 0.0926209874451156
-0.0000025008112061 -0.2042994797229770 0.0835040099918838
-0.0000025008112061 -0.2194065153598780 0.0839509852230545
0.0120644988492131 -0.2201384603977200 0.0832469947636123
-0.0000035008110899 -0.2353974878787990 0.0835100002586837
0.0138364993035793 -0.2601315081119540 0.0774440057575699
-0.0000045008109736 -0.2745364606380460 0.0690010078251358
-0.0000055008113122 -0.2874754965305330 0.0562040098011490
0.0166494995355606 -0.2868654727935790 0.0555440075695511
-0.0000055008113122 -0.2945095002651210 0.0424069948494430
-0.0000065008111960 -0.3007654845714570 0.0232210047543045
0.0205175001174211 -0.2996064722537990 0.0228640027344223
-0.0000075008110798 -0.3052674829959870 -0.0003150068223480
0.0228604990988970 -0.3038325011730190 -0.0010749958455566
0.0245184991508722 -0.3098294734954830 -0.0295149944722657
0.0339944995939732 -0.1853635013103480 0.0916240103542801
0.0365204997360706 -0.2211764752864840 0.0767440088093277
0.0465945005416870 -0.2570644915103910 0.0678940005600448
0.0548024997115135 -0.2786404788494110 0.0473669953644271
0.0625365003943443 -0.2880704998970030 0.0150110013782974
0.0673594996333121 -0.2908324897289270 -0.0096390061080459
0.0895584970712662 -0.2772064805030820 -0.0172020010650162
0.0715385004878044 -0.2937014997005460 -0.0375219993293290
0.0571704991161823 -0.0916744768619536 0.0906109996139999
0.0909335017204284 -0.1493074595928190 0.0597509928047653
0.0851304978132248 -0.1601714789867400 0.0590970106422897
0.0689304992556571 -0.1668094694614410 0.0714869983494278
0.0618124976754189 -0.1944734752178190 0.0707740075886245
-0.0000015008110949 -0.1894374787807460 0.0923040099442001
0.0472114980220795 -0.3044734895229340 -0.0334269963204865
0.0444885008037090 -0.2998654842376710 -0.0051840059459213
0.1999525055289270 -0.1147305071353910 -0.0378819964826111
0.1854724958539010 -0.1203005015850070 -0.0095760039985184
0.1393774971365930 0.0145564973354341 0.0430709905922409
0.1636824980378150 -0.2190394699573520 -0.0827310048043732
0.1815214976668360 -0.1940765082836150 -0.0850480012595658
0.1616434976458550 -0.1778714954853060 -0.0052480064332489
0.0829425007104874 -0.1464994847774500 0.0594209916889663
0.0815394967794418 -0.1455684602260590 0.0578080005943771
0.0814974978566170 -0.1493984758853910 0.0579140074551100
0.1756685003638270 0.0333255231380464 0.0135609991848465
0.1675005033612250 0.0838015377521516 0.0193839855492111
0.1687524989247320 0.0774684846401216 0.0134970135986801
0.0484635010361671 0.1889955103397370 0.0985839851200576
0.0472864992916584 0.2756954729557040 0.0775009877979750
0.0000084991888797 0.2321014702320100 0.0941209979355330
0.1921835020184520 0.0154264867305757 0.0052670128643508
0.2133054956793780 0.0146634876728059 -0.0276810042560105
0.1461545005440710 -0.0058744847774504 0.0465879924595352
0.1691815033555030 0.0709685385227204 0.0102639980614181
0.2007065042853360 0.0556944906711579 -0.0201870016753678
0.0620594993233681 0.0365295112133027 0.0594580061733719
0.0430174991488457 -0.1061094701290130 0.1042140014469620
0.0416974984109402 -0.0873714983463286 0.0988410003483291
0.0403244979679585 -0.0749354660511016 0.0950409956276413
0.0606294982135296 -0.0411684811115264 0.0957350023090834
0.0574424974620342 -0.0352635085582732 0.1053340025246140
0.0580355003476143 -0.0300295054912566 0.0919879861176010
0.0276905000209808 0.0616604983806611 0.0842879898846145
0.0313974991440773 0.0085904896259309 0.1174749918282030
0.0308114998042583 0.0167995393276216 0.1116439886391160
0.0405764989554882 -0.0086974799633025 0.1145639903843400
0.0411454997956753 -0.0242305099964141 0.1295399852097030
0.0407705008983612 -0.0430754721164702 0.1314139850437640
0.0000064991891122 0.1473695337772370 0.0984710045158859
0.0289535000920296 0.1467595398426060 0.0976970084011551
0.0486554987728596 0.1468355357646940 0.0959580130875106
0.0607464984059334 -0.0492095053195952 0.0928679890930648
0.2085474953055380 0.1976315081119540 -0.0430069975554946
0.2139255031943320 0.2178955376148220 -0.0673710070550446
0.1966964974999430 0.2408604919910430 -0.0439140014350418
0.0256354995071888 -0.3135984838008880 -0.0525090061128144
0.0501664988696575 -0.3072664737701420 -0.0570780001580719
-0.0000075008110798 -0.3113094866275790 -0.0287560038268570
-0.0000085008114183 -0.3152314722537990 -0.0508310012519364
0.0941864997148513 -0.2791744768619540 -0.0426489971578125
0.0739554986357689 -0.2964624762535090 -0.0630580000579361
0.0965844988822937 -0.2815094888210300 -0.0683329962193969
0.0755985006690025 -0.2996674776077270 -0.0853799991309647
0.0516925007104874 -0.3116764724254610 -0.0786640010774140
0.0269384998828173 -0.3189694881439210 -0.0735139958560471
-0.0000095008108473 -0.3209384977817530 -0.0712660066783431
0.1173544973134990 -0.2621304690837860 -0.0469219945371155
0.1212695017457010 -0.2623744904994960 -0.0735550038516526
0.1000085026025770 -0.2828974723815920 -0.0935109965503220
0.0524554997682571 -0.1450655162334440 0.0821080096065994
0.0918964967131615 -0.2192684710025790 0.0422370024025436
0.0851754993200302 -0.2434084713459010 0.0404839999973770
0.1057474985718730 -0.2313995063304900 0.0241800136864181
0.0975105017423630 -0.2545014917850490 0.0178669877350326
0.1047025024890900 -0.2585295140743250 -0.0019350014626984
0.1120494976639750 -0.2612765133380890 -0.0247099958360199
0.1387894973158840 -0.2439424693584440 -0.0511019937694077
0.1584184989333150 -0.2221985161304470 -0.0544169954955582
0.1436404958367350 -0.2420344650745390 -0.0787569992244248
0.1474745050072670 -0.2405394613742830 -0.1091909967362880
0.1682005003094670 -0.2163085043430330 -0.1147250048816210
0.1244945004582410 -0.2629394829273220 -0.1020050011575230
0.1234174966812130 -0.2411654889583590 -0.0081549994647507
0.2074575051665310 0.1423344910144810 -0.0290890000760559
0.1550294980406760 0.0829925239086151 0.0308610089123245
0.2107455059885980 0.0898285210132599 -0.0363659970462326
0.2233695015311240 0.1329955160617830 -0.0658269934356217
0.2155605033040050 0.1231684982776640 -0.0470990054309372
0.2216785028576850 0.0975955426692964 -0.0613380037248139
0.2145495042204860 0.1568605005741120 -0.0452640019357209
0.2288214936852460 0.1038365066051480 -0.0812659971416001
0.2361874952912330 0.1098935306072240 -0.1046960018575200
0.2313084974884990 0.1427915394306180 -0.0874749980866913
0.2227085009217260 0.1723935306072240 -0.0660169981420044
0.2286354973912240 0.1895594894886020 -0.0948249958455567
0.2395255044102670 0.1524045169353490 -0.1172240041196350
0.2430885061621670 0.1143034994602200 -0.1362689994275570
0.2401235029101370 0.0462954938411714 -0.1207929961383350
0.2355835065245630 0.0471645295619966 -0.0915960036218170
0.2347634956240650 0.0209965407848359 -0.0915700010955338
0.2281214967370030 0.0480045378208162 -0.0654150061309342
0.2271435037255290 0.0252685248851777 -0.0619640015065674
0.2418654933571820 0.0448605120182038 -0.1526709981262690
0.2386324927210810 0.0179595053195954 -0.1236740015447140
0.2425485029816630 0.0775904953479767 -0.1460690014064320
0.2408824935555460 0.0764315426349641 -0.1156000010669240
0.1835835054516790 0.0745694935321809 -0.0028399936854843
0.1844704970717430 0.0639035403728485 -0.0048389993608002
0.2158815041184430 0.0501255095005036 -0.0410139970481400
0.2154564931988720 0.0316624939441682 -0.0364389978349213
0.2269544973969460 0.0717315375804902 -0.0678189955651764
0.2152874991297720 0.0686345398426057 -0.0435299985110764
0.2343114987015720 0.0744325220584871 -0.0897240005433564
-0.1398065015673640 -0.2207334935665130 -0.0108460001647477
-0.1234285011887550 -0.2411654889583590 -0.0081479959189896
-0.1138484999537470 -0.2364045083522800 0.0115440078079696
-0.0413774996995926 -0.2965084910392760 0.0198350138962265
-0.0205305013805628 -0.2996064722537990 0.0228640027344223
-0.0177415013313293 -0.2940674722194670 0.0419039912521835
-0.1197355017066000 -0.2140044867992400 0.0197139866650100
-0.1057564988732340 -0.2313995063304900 0.0241840071976181
-0.0987965017557144 -0.2261044681072230 0.0340840108692642
-0.1871084943413730 -0.1722714602947230 -0.0535580031573777
-0.1742315068840980 -0.1984404623508450 -0.0558119975030426
-0.1650814935564990 -0.2001034915447230 -0.0317649953067307
-0.0351785011589527 -0.2845004796981810 0.0522349961102005
-0.0166595000773668 -0.2868654727935790 0.0555440075695511
-0.0155275007709861 -0.2743684947490690 0.0677339918911453
-0.0843525007367134 -0.2744294703006740 0.0073430128395553
-0.0625495016574860 -0.2880404889583590 0.0150149948894973
-0.0585984997451305 -0.2836764752864840 0.0337969847023483
-0.1044334992766380 -0.2047725021839140 0.0374440141022201
-0.0919035002589226 -0.2192684710025790 0.0422440059483047
-0.0854855030775070 -0.2104645073413850 0.0496939904987808
-0.1666944995522500 -0.1529084742069240 0.0029959864914413
-0.1616505011916160 -0.1778415143489840 -0.0052400045096878
-0.1490625068545340 -0.1782074868679050 0.0122580118477340
-0.1973784938454630 -0.1437074840068820 -0.0489190034568314
-0.1755995079874990 -0.1763304769992830 -0.0277599953114991
-0.0297155007719994 -0.2592314779758450 0.0747640021145340
-0.0138435009866953 -0.2601315081119540 0.0774440057575699
-0.0114085003733635 -0.2360384762287140 0.0829509980976577
-0.0734554976224899 -0.2678684890270230 0.0394109971821304
-0.0548125021159649 -0.2786404788494110 0.0473709888756271
-0.0509214997291565 -0.2689974606037140 0.0586579926311966
-0.0688465014100075 -0.2599634826183320 0.0494510121643539
-0.0851844996213913 -0.2434084713459010 0.0404870100319381
-0.0915395021438599 -0.2504734694957730 0.0310839898884292
-0.1387415006756780 -0.1781004965305330 0.0243979878723617
-0.1315594986081120 -0.1966094672679900 0.0197340138256546
-0.1226484999060630 -0.1941374838352200 0.0290639884769912
-0.0642824992537498 -0.2496944963932040 0.0580670125782486
-0.0466025024652481 -0.2570644915103910 0.0678979940712448
-0.0391325019299984 -0.2381285130977630 0.0757180042564865
-0.1415235027670860 -0.1565394699573520 0.0319340117275711
-0.1295365020632740 -0.1773374974727630 0.0332080014050003
-0.0802944973111153 -0.1994014680385590 0.0569809861481186
-0.0746174976229668 -0.1855014860630030 0.0645410008728500
-0.0846695005893707 -0.1763304769992830 0.0581709928810592
-0.1213364973664280 -0.1578064858913420 0.0467609949409958
-0.1201504990458490 -0.1750034987926480 0.0403669960796829
-0.1110114976763730 -0.1715395152568820 0.0463079996407028
-0.0246585011482239 -0.2210085093975070 0.0807169862091537
-0.0120705012232065 -0.2201384603977200 0.0832469947636123
-0.0110155008733273 -0.2045744955539700 0.0829740054905410
-0.0510095022618771 -0.2190094888210300 0.0701480098068710
-0.0365265011787415 -0.2211764752864840 0.0767480023205276
-0.0353665016591549 -0.2031404674053190 0.0792539902031417
-0.0493955016136169 -0.1997984945774080 0.0754909999668594
-0.0618175007402897 -0.1944734752178190 0.0707780010998245
-0.0667624995112418 -0.2100374996662140 0.0629309900104994
-0.0772465020418166 -0.1629334986209870 0.0635779984295364
-0.0689335018396378 -0.1667635142803190 0.0714909918606277
-0.0626875013113022 -0.1553035080432890 0.0746880061924453
-0.1022564992308620 -0.1666714847087860 0.0509669966995712
-0.0983434990048407 -0.1778415143489840 0.0498640127480026
-0.0909714996814728 -0.1692354977130890 0.0546910054981704
-0.0224705003201962 -0.1878964602947230 0.0926810093224044
-0.0102395005524158 -0.1891324818134310 0.0926239974796768
-0.0100205009803176 -0.1757654845714570 0.1046570129692550
-0.0949555039405823 -0.1614374816417690 0.0552410073578354
-0.0963535010814667 -0.1522974669933320 0.0577970035374160
-0.1032674983143810 -0.1544955074787140 0.0548510141670700
-0.1056144982576370 -0.0012964904308318 0.0588739998638626
-0.0866125002503394 0.0054934918880463 0.0624639876186844
-0.0879255011677742 0.0195005238056184 0.0559379942715164
-0.0459895022213459 -0.1800074875354770 0.0885240025818344
-0.0339985005557537 -0.1853635013103480 0.0916240103542801
-0.0325745008885860 -0.1674654781818390 0.1008979864418500
-0.0426314994692802 -0.1636354625225070 0.0950910039246078
-0.0532075017690659 -0.1587375104427340 0.0848680026829238
-0.0580505020916462 -0.1728974878787990 0.0815279968082901
-0.0726054981350899 -0.1543734967708590 0.0672309882938858
-0.0618905015289783 -0.1485294997692110 0.0761639960110182
-0.0851315036416054 -0.1517024934291840 0.0605679936707015
-0.0893144980072975 -0.1559294760227200 0.0589879937469955
-0.0851335003972053 -0.1601714789867400 0.0591010041534897
-0.0776204988360405 -0.0635685026645659 0.0729699917137618
-0.0929495021700858 -0.0824435055255889 0.0717770047485824
-0.0885435044765472 -0.0915375053882598 0.0739349909126754
-0.0217245016247034 -0.1717685163021090 0.1041610129177570
-0.0093535007908940 -0.1576994955539700 0.1051069982349870
-0.0714844986796379 -0.1483764946460720 0.0698270089924331
-0.0619935020804405 -0.1452024877071380 0.0758139975368972
-0.0868654996156692 -0.1473084986209870 0.0612110085785385
-0.0909365043044090 -0.1493074595928190 0.0597540028393264
-0.0753255039453506 -0.0745084583759307 0.0756409950554367
-0.0848205015063286 -0.1018374860286710 0.0778770036995407
-0.1042634993791580 0.0287015140056611 0.0506240017712112
-0.1051784977316860 0.0154264867305757 0.0526339896023269
-0.1540905013680460 0.0181275308132173 0.0350640006363388
-0.1665224954485890 0.0246585309505464 0.0249270088970657
-0.1804744973778720 0.0044704973697663 0.0209739990532394
-0.0208335015922785 -0.1558375060558320 0.1030650027096270
-0.0099335005506873 -0.1459355056285860 0.1010540015995500
-0.0310075003653765 -0.1537325084209440 0.0993240065872665
-0.0420524999499321 -0.1516725122928620 0.0921969898045058
-0.0517094992101192 -0.1501614749431610 0.0848249979317184
-0.0810765027999878 -0.1537325084209440 0.0616049952805038
-0.0789894983172417 -0.1484985053539270 0.0646679885685440
-0.0518724992871284 0.0475614964962007 0.0607379861176010
-0.0620535016059874 0.0365295112133027 0.0594609864056106
-0.0596684999763966 0.0245365202426912 0.0684440024197097
-0.1032275035977360 0.0454715192317964 0.0526139922440048
-0.0904775038361548 0.0312044918537141 0.0528280027210708
-0.1191174983978270 0.0274654924869538 0.0472749955952163
-0.1433164998888970 0.0316314995288850 0.0367039926350113
-0.1527765020728110 0.0377965271472932 0.0296409912407394
-0.0315745025873184 -0.1446684896945950 0.0935079939663406
-0.0420785024762154 -0.1448664963245390 0.0876270122826095
-0.0524575002491474 -0.1450655162334440 0.0821100063621994
-0.0829074978828430 -0.1481014788150790 0.0616510100662704
-0.0778995007276535 -0.1454004943370820 0.0641150064766402
-0.0848115012049675 -0.1466675102710720 0.0610810108482834
-0.0739305019378662 0.0261994898319246 0.0582739897072311
-0.0665194988250732 0.0440365374088288 0.0536709912121292
-0.0831985026597977 -0.1464084684848780 0.0602710135281082
-0.0813805013895035 0.0494995415210725 0.0527109988033767
-0.0778084993362427 0.0357365310192109 0.0535679943859573
-0.1811205074191090 0.0426945388317109 0.0043379850685592
-0.1836984977126120 0.0532985031604768 -0.0025259964168075
-0.2002485021948810 0.0416714847087861 -0.0158060006797318
-0.1645174995064740 0.0544284880161287 0.0153379924595352
-0.1676504984498020 0.0637975037097932 0.0111310072243209
-0.2005585059523580 0.0706324875354768 -0.0218570046126847
-0.1835784986615180 0.0745694935321809 -0.0028309933841232
-0.1815105006098750 0.0841365158557893 0.0040799863636489
-0.0776035040616989 -0.1450044810771940 0.0580469854176040
-0.0815424993634224 -0.1455384790897370 0.0578110106289383
-0.0815005004405975 -0.1493984758853910 0.0579180009663100
-0.0576265007257462 -0.0320734679698943 0.0986469872295852
-0.0580314993858337 -0.0300295054912566 0.0919909961521621
-0.0624595023691654 -0.0411984622478484 0.0798810012638565
-0.0511365011334418 -0.0300295054912566 0.1164449937641620
-0.0574375018477440 -0.0352635085582732 0.1053370125591750
-0.0572615005075932 -0.0436094701290130 0.1064740009605880
-0.1512364968657490 0.0658265054225923 0.0294240005314346
-0.1544614955782890 0.0704345405101776 0.0264670141041275
-0.1920104995369910 0.0979615151882173 -0.0019160024821762
-0.1782955005764960 0.0923915207386017 0.0133609957993026
-0.1742895022034650 0.1000365316867830 0.0233879871666427
-0.0634315013885498 -0.1446684896945950 0.0628070123493666
-0.0716674998402596 -0.1448664963245390 0.0596440024673935
-0.0714204981923103 -0.1511684954166410 0.0624810047447676
-0.0410755015909672 -0.1226654946804050 0.1068040020763870
-0.0430165007710457 -0.1061094701290130 0.1042179949581620
-0.0540245026350021 -0.1113735139369960 0.0984110124409195
-0.0609955005347729 -0.0588984787464141 0.0761400051414962
-0.0618414990603924 -0.0521694719791410 0.0833780057728286
-0.0610575005412102 -0.0386354625225066 0.0880580134689804
-0.0237145014107227 -0.0148014724254607 0.1485539861023420
-0.0243255011737347 -0.0034634768962859 0.1398540027439590
-0.0335234999656677 -0.0093074738979338 0.1314310021698470
-0.0394195020198822 0.0862574875354768 0.0634109862148758
-0.0389745011925697 0.0621944963932038 0.0650539882481094
-0.0268635004758835 0.0805664956569673 0.0780480094254012
-0.1612835004925730 0.0959015190601350 0.0351369865238662
-0.1818694993853570 0.1194615066051480 0.0240679867565628
-0.1873805001378060 0.1089325249195100 0.0114779956638809
-0.0342465005815029 -0.0326695144176482 0.1423739977180950
-0.0237465016543865 -0.0299074947834014 0.1525170095264910
-0.0232095010578632 0.1138915121555330 0.0902309902012344
-0.0333045013248920 0.1056975424289700 0.0802439935505386
-0.1662855073809620 0.1074984967708590 0.0357369966804977
-0.0273115001618862 -0.0837095081806182 0.1071979887783520
-0.0318075008690357 -0.1010744869709010 0.1089970059692860
-0.0181895010173321 -0.1007075011730190 0.1126710064709180
-0.0120625011622906 -0.0124965012073516 0.1543449945747850
-0.0132265007123351 0.0003055036067963 0.1458470113575450
-0.0507295019924641 0.1265254914760590 0.0878910012543197
-0.1507455036044120 0.0910334885120393 0.0419039912521835
-0.1457264944911000 0.0935365259647370 0.0478080101311203
-0.1472645029425620 0.1052245199680330 0.0501040108501907
-0.1558785066008570 0.1149595081806180 0.0477509982883926
0.0000044991888898 0.0020295083522797 0.1480579860508440
-0.0126285003498197 -0.0844424664974212 0.1113980002701280
-0.0315784998238087 -0.1446684896945950 0.0935009904205794
-0.0217545013874769 -0.1450344622135160 0.0976770110428329
-0.0286085009574890 -0.1315005123615260 0.1090150065720080
-0.0236095003783703 -0.1159364879131320 0.1145949847996230
-0.0121605005115271 -0.0285334885120391 0.1585509963333600
-0.0132905011996627 0.0903325378894807 0.0899880118668074
-0.0156065011397004 0.1164245307445530 0.0933909900486465
-0.0490965023636818 0.0989384949207307 0.0629109926521774
-0.1391844972968100 0.0964355170726777 0.0528310127556320
-0.1554485037922860 0.1002044975757600 0.0421610064804550
0.0000054991887736 0.1182254850864410 0.0950379855930801
0.0000034991890061 -0.0278324782848357 0.1602679975330830
-0.0307925008237362 -0.1488644778728480 0.0819579847156997
-0.0208574999123812 -0.1490024626255030 0.0860209949314590
-0.0207935012876987 -0.1430355012416840 0.0822139866650100
-0.0211575012654066 -0.0416714847087859 0.1516770012676710
-0.0373755022883415 0.1304934918880460 0.0929869897663589
-0.0730865001678466 0.1163335144519810 0.0703610070049759
-0.0616055019199847 0.1118015348911290 0.0688640065491195
-0.0609995014965534 0.1302035152912140 0.0870680101215835
-0.0670185014605522 0.1000975072383880 0.0576940067112442
-0.1674964949488640 0.1299594938755040 0.0434049852192398
-0.0339215025305748 -0.1188354790210720 0.1109740026295180
-0.0151385003700852 -0.0592955052852630 0.1295179910957810
-0.0165395010262728 -0.0612644851207732 0.1188149936497210
-0.0138115007430315 -0.0639034807682036 0.1179639883339400
-0.0088595012202858 -0.0518644750118255 0.1513070054352280
-0.0176705010235310 -0.0510714948177337 0.1469769962131970
-0.0139765003696084 -0.0574955046176909 0.1398039944469920
-0.0486425012350082 0.1468355357646940 0.0959609933197494
-0.0687104985117912 0.1544645130634310 0.0941640026867385
-0.0747314989566802 0.1347045004367830 0.0866379924118514
-0.0917585045099258 0.1381684839725500 0.0831670053303238
-0.0697955042123794 0.0947575271129609 0.0554279871284958
-0.0758905038237572 0.1064605414867400 0.0612279959022994
-0.1350714936852460 0.1479035317897800 0.0672410018742080
-0.1508735045790670 0.1384275257587430 0.0580069907009597
-0.1428964957594870 0.1221615374088290 0.0580539889633650
-0.0095275007188320 -0.0726315081119536 0.1141709871590130
0.0000014991888974 -0.0731655061244962 0.1141109950840470
-0.0161015000194311 -0.1310724914073940 0.1126109845936290
-0.0067235007882118 -0.0659334957599639 0.1198240108788010
-0.0218885000795126 -0.0710295140743255 0.1100270040333270
-0.0119245005771518 -0.0612334907054900 0.1305769868195050
-0.0884964987635613 0.1613005101680760 0.0889379866421218
-0.0866895020008087 0.1210935413837430 0.0712070055305954
-0.0624605007469654 0.0881955325603486 0.0526710040867324
-0.0580605007708073 0.0786285102367402 0.0500079877674575
-0.0502355024218559 0.0789335072040559 0.0519710071384903
-0.1276654973626140 0.1006315052509310 0.0591309852898117
-0.1351855024695400 0.1101985275745390 0.0580010004341598
-0.0093875005841255 -0.1437684595584870 0.0849639959633345
-0.1134555041790010 0.1440584957599640 0.0778109915554519
-0.1018605008721350 0.1141054928302770 0.0657240040600295
-0.0882745012640953 0.1116335093975070 0.0646409876644607
-0.0787874981760978 0.0996704995632173 0.0586840100586410
-0.1176995038986210 0.1137234866619110 0.0642509944736953
-0.1255624964833260 0.1269985139369970 0.0665579922497268
-0.0000005008110974 -0.1439974606037140 0.0857970006763931
-0.0889675021171569 0.1026615202426910 0.0617209859192367
-0.1051055043935780 0.1248625218868260 0.0708500035107132
-0.0996154993772507 0.1044004857540130 0.0637070126831526
-0.1448354944586750 0.2525325119495390 0.0276780016720291
-0.1510935053229330 0.2816314995288850 0.0043379850685592
-0.1767624989151950 0.2627255022525790 -0.0199869982898239
-0.1246045008301730 0.2959904968738560 0.0216739960014816
-0.0992055013775826 0.3064575493335720 0.0350009985268112
-0.0945715010166167 0.2680964767932890 0.0611880011856551
-0.0706425011157990 0.2736965715885160 0.0707650072872634
-0.0502234995365143 0.3187254965305330 0.0501150079071518
-0.0472685024142265 0.2756954729557040 0.0775009877979750
-0.0235795006155968 0.2770384848117830 0.0808310098946090
-0.0723545029759407 0.1910245120525360 0.0934739895164962
-0.0484484992921352 0.1889955103397370 0.0985839851200576
-0.0464605018496513 0.2316584885120390 0.0892740078270431
-0.0943114981055260 0.1925354897975920 0.0813510008156295
-0.0693095028400421 0.2305605709552770 0.0846240110695358
-0.0919274985790252 0.2295685112476350 0.0770009942352768
-0.1140175014734270 0.2273714840412140 0.0641240067780014
-0.1358414962887760 0.1894375383853910 0.0581009872257705
-0.1151214987039570 0.1922304928302770 0.0694880075752731
-0.1597054973244670 0.1792605221271520 0.0400079973042007
-0.1381525024771690 0.2206574976444250 0.0470299907028671
-0.1962854936718940 0.1589055359363560 -0.0098150037229065
-0.1809804961085320 0.1692045032978060 0.0121950097382064
-0.1865364983677860 0.1959384977817540 -0.0022730045020584
-0.0723275020718574 -0.2230375111103060 0.0568080134689804
-0.0906855016946793 -0.1885074675083160 0.0519640035927292
-0.1059755012393000 -0.1849364936351780 0.0438940115272995
-0.0111145004630089 -0.0411984622478484 0.1566969938576220
-0.0572585016489029 -0.0711365044116973 0.0799650140106674
-0.0561225004494190 -0.0621944963932036 0.0832709856331344
-0.0491335019469261 0.0360265076160432 0.0714070089161392
-0.0383505001664162 0.0487365424633027 0.0759340114891525
-0.0411395020782948 -0.0242305099964141 0.1295440085232250
-0.0413045026361942 -0.0166324675083159 0.1216170080006120
-0.0421144999563694 -0.0356294810771941 0.1322350092232220
-0.1262025013566020 -0.0053404867649077 0.0539539940655226
-0.1254405006766320 0.0456695258617402 0.0467910058796402
-0.1343025043606760 0.0487975180149079 0.0425639934837814
-0.1854775026440620 -0.1203005015850070 -0.0095660053193573
-0.1825935021042820 -0.1496424973011020 -0.0193449966609482
-0.1322124972939490 -0.2436675131320950 -0.0291220061481003
-0.1229244992136960 0.0135345160961152 0.0488240011036392
-0.1531245037913320 -0.1997984945774080 -0.0105989985167984
-0.1408104971051220 -0.1983644664287570 0.0079370029270644
-0.0786354988813399 -0.2345424592494960 0.0490609891712661
-0.1708314940333370 0.2366335690021520 0.0011989958584304
-0.1654805019497870 0.2079314887523650 0.0228510089218612
-0.1190854981541630 0.2624965012073520 0.0472240038216110
-0.0475344993174076 -0.0111384689807891 0.0980940051376815
-0.0475125014781952 -0.0034634768962859 0.0938709862530227
-0.0569025017321110 -0.0164034664630889 0.0835539884865280
-0.0393275022506714 -0.0005954802036284 0.1083910055458540
-0.0389195010066032 0.0075685083866120 0.1030810065567490
-0.1417155042290690 0.0533905327320100 0.0379240103065963
-0.1603985056281090 0.0463255345821382 0.0217740125954147
-0.1756645068526270 0.0333255231380464 0.0135710127651687
-0.1139745041728020 -0.1903384625911710 0.0371279902756210
-0.0197955016046762 0.0859685242176057 0.0863169915974136
-0.0200145002454519 0.0686955153942108 0.0917039997875686
-0.2053005024790760 0.1079255044460300 -0.0239369980990891
-0.1872704997658730 0.1359255015850070 0.0092680044472213
-0.1967424973845480 0.1228944957256320 -0.0071510039269928
-0.1725034937262540 0.1464695036411290 0.0308410115540023
-0.1342095062136650 0.1631315052509310 0.0649180002510543
-0.1540055051445960 0.1563265025615690 0.0506479926407333
-0.1125994995236400 0.1640625298023220 0.0772080011665817
-0.0237435009330511 0.2320704758167270 0.0923609919846054
-0.0250055007636547 0.3206634819507600 0.0547239966690536
-0.0724795013666153 -0.0865024626255034 0.0802839882671829
-0.0806215032935142 -0.1132964789867400 0.0810179896652693
-0.0650594979524612 -0.1173705160617830 0.0914240069687362
-0.0709004998207092 -0.1017765104770660 0.0858009941875930
-0.0405705012381077 -0.0086974799633025 0.1145639903843400
-0.0487374998629093 -0.0178984701633452 0.1041479893028730
-0.0236645005643368 0.0059665143489838 0.1321770139038560
-0.0131725007668138 0.0104375183582307 0.1380180008709430
-0.0492995008826256 -0.1253055036067960 0.1012839861214160
-0.0589645020663738 -0.1298064887523650 0.0929170139133926
-0.0552615001797676 -0.1360324919223780 0.0920010097324844
-0.0455754995346069 -0.1345674693584440 0.0987509973347183
-0.0524415001273155 -0.1450655162334440 0.0821240134537216
-0.0419275015592575 -0.1434324681758880 0.0729310102760788
-0.0532085001468658 -0.1440424621105190 0.0681170113384719
-0.0530065000057220 -0.1495665013790130 0.0708640106022354
-0.0493245013058186 0.0657655298709870 0.0518379993736740
-0.0578735023736954 0.0554045140743257 0.0537910051643844
-0.0640254989266396 0.0630035102367402 0.0503579862415786
-0.0276824999600649 0.0616604983806611 0.0842879898846145
-0.0920184999704361 0.0467685163021089 0.0533369965851303
-0.0581835024058819 0.0695345103740693 0.0480399914085861
-0.0687725022435188 -0.0302734673023223 0.0750180073082443
-0.0658415034413338 -0.0374294817447661 0.0760280080139633
-0.0566945001482964 -0.0236965119838714 0.0871640034019943
-0.0365894995629787 -0.1333005130290980 0.1039039976894850
-0.0420745015144348 -0.1448664963245390 0.0876249857246872
-0.0307145006954670 -0.1429744660854340 0.0783440060913559
-0.0419054999947548 -0.1488344967365260 0.0760010071098800
-0.0858884975314140 -0.0462034642696380 0.0728939957916732
-0.0817214995622635 -0.0550074875354766 0.0720980055630203
-0.0751354992389679 -0.1246944963932040 0.0828040130436416
-0.0665025040507317 -0.1385655105113980 0.0821910090744491
-0.0620224997401238 -0.1451725065708160 0.0757700093090530
-0.0628584995865822 -0.1502074897289270 0.0651470012962814
-0.0721084997057915 0.0544284880161287 0.0518270023167129
-0.0070875007659196 -0.0593715012073516 0.1426010020077220
-0.0177055001258850 -0.0557095110416410 0.1371549852192400
-0.1422814950346950 0.0868684947490693 0.0453469939529892
-0.1324035003781320 0.0915684998035432 0.0539469905197616
-0.1132095009088520 0.1033634841442110 0.0634109862148758
-0.1214054971933360 0.0953365266323090 0.0588579960167404
-0.1097154989838600 0.0984345376491548 0.0617239959537979
-0.0984145030379295 0.0988005101680757 0.0619409866631027
-0.0880824998021125 0.0972904860973359 0.0600409992039199
-0.0790515020489692 0.0942685306072235 0.0572869963943954
-0.0711935013532639 0.0890965163707734 0.0536439903080458
-0.1966855004429820 0.2408604919910430 -0.0439030043780808
-0.1913445070385930 0.2192995250225070 -0.0212620012462143
-0.1460515037178990 0.0844574868679048 0.0405050106346602
-0.1531834974884990 0.0866695344448091 0.0361179895699020
-0.0573014989495277 0.0910645425319673 0.0534570105373855
-0.0000035008110899 -0.2600704729557040 0.0784540064632888
-0.0228745006024838 -0.3038325011730190 -0.0010739974677566
-0.0245345011353493 -0.3098294734954830 -0.0295139960944657
-0.0445025004446506 -0.2998654842376710 -0.0051809959113602
-0.0217505004256964 -0.1450655162334440 0.0976909883320327
-0.0237035006284714 -0.2052004635334010 0.0812109895050521
-0.0253115016967058 -0.2375334799289700 0.0806879885494705
-0.0322625003755093 -0.2730714976787570 0.0646940059959884
-0.0377374999225140 -0.2912755012512210 0.0388370044529434
-0.0673725008964539 -0.2908324897289270 -0.0096359960734848
-0.0895725041627884 -0.2772064805030820 -0.0171990059316162
-0.0942014977335930 -0.2791744768619540 -0.0426440052688126
-0.0715534985065460 -0.2937014997005460 -0.0375190041959290
-0.0571695007383823 -0.0916744768619536 0.0906140096485611
-0.0472275018692017 -0.3044734895229340 -0.0334240011870865
-0.1999594941735270 -0.1147004663944240 -0.0378709994256501
-0.1393735036253930 0.0145564973354341 0.0430779941380020
-0.1815345063805580 -0.1940765082836150 -0.0850390009582047
-0.1119605004787450 -0.1566314995288850 0.0512710101902481
-0.0829455032944679 -0.1464994847774500 0.0594240017235275
-0.1982185021042820 0.0279234945774079 -0.0072299949824814
-0.1921815052628520 0.0154575407505037 0.0052769966423507
-0.1476395055651660 0.0597384870052339 0.0330879874527450
-0.1687464937567710 0.0774684846401216 0.0135080106556411
-0.1674944981932640 0.0838015377521516 0.0193909890949722
-0.1559114977717400 0.0785985291004182 0.0270979888737198
-0.1550224944949150 0.0829925239086151 0.0308700092136856
-0.1483495011925700 0.0791935026645662 0.0342669971287246
-0.0253825001418591 0.1874234974384310 0.0995409972965713
-0.0748775005340576 0.3141324818134310 0.0437439866363998
-0.1643614992499350 -0.0029294788837431 0.0357369966804977
-0.1461515054106710 -0.0058744847774504 0.0465949960052963
-0.1319114938378330 0.0287325084209443 0.0424269922077652
-0.0515705011785030 -0.0400694906711577 0.1189800091087810
-0.0559885017573833 -0.0512695014476775 0.1059250123798840
-0.1560204997658730 0.0748595297336579 0.0258940048515793
-0.1691764965653420 0.0709995329380036 0.0102740116417404
-0.1844675019383430 0.0639035403728485 -0.0048290006816391
-0.2007034942507740 0.0556944906711579 -0.0201770029962067
-0.0714045017957686 0.0139925181865693 0.0655979998409744
-0.0416965000331402 -0.0873714983463286 0.0988449938595291
-0.0403225012123585 -0.0749354660511016 0.0950440056622024
-0.0607434995472431 -0.0492095053195952 0.0928709991276260
-0.0606255009770393 -0.0411684811115264 0.0957380123436447
-0.0507654994726181 -0.0244294703006743 0.1103210039436810
-0.0313904993236065 0.0085904896259309 0.1174749918282030
-0.0229275003075600 0.0153655111789704 0.1252280063927170
-0.0226735007017851 0.0233615338802339 0.1193239875137800
-0.0338945016264915 -0.0193634927272796 0.1389540024101730
-0.0289405006915331 0.1467595398426060 0.0976970084011551
-0.0574635006487370 -0.0556645095348357 0.0940480120480055
-0.2085384950041770 0.1976625025272370 -0.0429960004985337
-0.2020054981112480 0.1788025200366980 -0.0239350013434891
-0.1967315003275870 -0.1664424836635590 -0.0860570035874848
-0.2012475058436390 -0.1630094945430750 -0.1214469932019710
-0.1861714944243430 -0.1903074681758880 -0.1186339966952800
-0.0256535001099110 -0.3135984838008880 -0.0525080077350144
-0.0739725008606911 -0.2964324951171870 -0.0630550049245361
-0.0501835010945797 -0.3072664737701420 -0.0570760034024720
-0.0966015011072159 -0.2815094888210300 -0.0683270059525970
-0.1000265032052990 -0.2828974723815920 -0.0935050062835221
-0.0756165012717247 -0.2996674776077270 -0.0853760056197647
-0.0517105013132095 -0.3116764724254610 -0.0786620043218140
-0.0269565004855394 -0.3189694881439210 -0.0735129974782471
-0.1173685044050220 -0.2621304690837860 -0.0469160042703156
-0.1212854981422420 -0.2623744904994960 -0.0735489986836914
-0.1245115026831630 -0.2629394829273220 -0.1019989959895620
-0.0975205004215240 -0.2544704973697660 0.0178739912807937
-0.1047144979238510 -0.2584994733333590 -0.0019299946725372
-0.1120624989271160 -0.2612304985523220 -0.0247050039470200
-0.1388025060296060 -0.2439424693584440 -0.0510950051248078
-0.1499974951148030 -0.2228085100650790 -0.0317569933831696
-0.1436555013060570 -0.2420344650745390 -0.0787499956786636
-0.1584315076470380 -0.2221985161304470 -0.0544089935719971
-0.1474915072321890 -0.2405394613742830 -0.1091829948127270
-0.1636965051293370 -0.2190394699573520 -0.0827230028808121
-0.1484254971146580 0.0816344916820527 0.0360810048878189
-0.1653215065598490 0.0903014838695526 0.0271110124886032
-0.1965024992823600 0.0856935083866119 -0.0138599984347824
-0.2145434990525250 0.1568905413150790 -0.0452530048787598
-0.2074514999985700 0.1423645317554480 -0.0290780030190949
-0.2155564948916440 0.1231684982776640 -0.0470890067517762
-0.2233644947409630 0.1329955160617830 -0.0658159963786606
-0.2288194969296460 0.1038664877414700 -0.0812550000846390
-0.2216765061020850 0.0975955426692964 -0.0613259933888916
-0.2227024957537650 0.1723935306072240 -0.0660050027072433
-0.2313055023550990 0.1427915394306180 -0.0874630026519303
-0.2139175012707710 0.2178955376148220 -0.0673599950969222
-0.2286305055022240 0.1895904839038850 -0.0948139987885956
-0.2395224943757060 0.1524355113506320 -0.1172109954059130
-0.2107414975762370 0.0898285210132599 -0.0363549999892716
-0.2361864969134330 0.1098935306072240 -0.1046840064227590
-0.2401264980435370 0.0463255345821382 -0.1207800023257740
-0.2386365011334420 0.0179904997348786 -0.1236619986593730
-0.2347655072808270 0.0210265219211579 -0.0915580056607727
-0.2355845049023630 0.0471645295619966 -0.0915829949080948
-0.2271445021033290 0.0252685248851777 -0.0619520060718064
-0.2418695017695430 0.0448605120182038 -0.1526590026915080
-0.2400405034422870 0.0144655406475068 -0.1584259979426860
-0.2408835068345070 0.0764315426349641 -0.1155870072543630
-0.2425504997372630 0.0776365101337434 -0.1460569985210900
-0.2430885061621670 0.1143034994602200 -0.1362559981644160
-0.2152855023741720 0.0686345398426057 -0.0435190014541153
-0.2158805057406430 0.0501705110073091 -0.0410020016133789
-0.2154554948210720 0.0316624939441682 -0.0364270024001602
-0.2281214967370030 0.0480045378208162 -0.0654039941728118
-0.2269534990191460 0.0717625319957734 -0.0678079985082154
-0.2343124970793720 0.0744325220584871 -0.0897120051085953
0.1967195048928260 -0.1664424836635590 -0.0860670022666458
0.2111795023083690 -0.1323085129261020 -0.0861069969832901
0.2012344971299170 -0.1630094945430750 -0.1214570067822940
0.2142894938588140 -0.1338954865932460 -0.1265580020844940
0.2123044952750210 -0.1076044738292690 -0.0663000009953980
0.2187565043568610 -0.0966334640979766 -0.0858599953353409
0.2213224992156030 -0.1062014997005460 -0.1392540000379090
0.2206495031714440 -0.1038974821567530 -0.1062879972159870
-0.2111895009875300 -0.1323085129261020 -0.0860959999263291
-0.2123124971985820 -0.1076044738292690 -0.0662890039384369
-0.2143025025725360 -0.1338954865932460 -0.1265469975769520
-0.2187645062804220 -0.0966334640979766 -0.0858489982783799
-0.2206595018506050 -0.1038974821567530 -0.1062770001590260
0.0712014958262443 0.0890655219554902 0.0536399967968460
0.0616155005991459 0.1117705404758450 0.0688609965145584
-0.0238554999232292 0.1313935220241550 0.0956970043480391
-0.0658705011010170 0.0839234888553620 0.0502110011875625
-0.1010484993457790 0.0603025257587434 0.0533639974892135
-0.0919295027852058 0.0609284937381745 0.0531870014965530
-0.0908624976873398 0.0681305229663850 0.0503210015594955
-0.1102994978427890 0.0592955052852632 0.0520079918205734
-0.0997534990310668 0.0672304928302766 0.0506439991295334
-0.1342444941401480 0.0635984838008882 0.0435210056602951
-0.1275855079293250 0.0613255202770234 0.0467669852077957
-0.1259425058960910 0.0663914978504182 0.0456569977104660
-0.0826715007424354 0.0623935163021089 0.0521910078823562
-0.0748435035347938 0.0666964948177339 0.0502470023930069
-0.0754105001688004 0.0699315369129182 0.0472510047256942
-0.0683495029807091 0.0717315375804902 0.0473909862339492
-0.0637295022606849 0.0740354955196382 0.0474980063736435
-0.0655585005879402 0.0756985247135164 0.0450769849121566
-0.1285505071282390 0.0881654918193818 0.0519240088760849
-0.1377495005726810 0.0895995199680329 0.0502470023930069
-0.0797905027866363 0.0896604955196382 0.0538509972393509
-0.0723334997892380 0.0854335129261018 0.0508600063621994
-0.0879465043544769 0.0918575227260591 0.0563770122826095
-0.1191534996032710 0.0911715328693391 0.0557579882442946
-0.0975915044546127 0.0938265025615692 0.0583279915153976
-0.1082795038819310 0.0938265025615692 0.0581070072948929
-0.1197255030274390 0.0597384870052339 0.0497580058872696
-0.1182164996862410 0.0657044947147370 0.0483379848301407
-0.0829775035381317 0.0683595240116119 0.0491970069706436
-0.0632444992661476 0.0789035260677339 0.0482469983398910
-0.0647704973816872 0.0784915387630464 0.0456139929592605
-0.0687365010380745 0.0738374888896943 0.0456910021603103
-0.1145645007491110 0.0446015298366548 0.0503870137035843
-0.1392545029520990 0.0668335258960725 0.0407740063965316
-0.1322065070271490 0.0674284994602204 0.0429139919579025
-0.1435654982924460 0.0708005130290986 0.0377580113708969
-0.1089745014905930 0.0654295384883882 0.0501910038292404
-0.1394465044140820 0.0843045413494111 0.0446140058338638
-0.1340755000710490 0.0865025222301484 0.0490249879658218
-0.0669595003128052 0.0814364850521089 0.0476809926331039
-0.1374834999442100 0.0696255266666413 0.0402549989521499
0.0976004973053932 0.0938265025615692 0.0583209879696365
0.0879554972052574 0.0918575227260591 0.0563749857246872
0.0908695012331009 0.0681305229663850 0.0503179915249344
0.1082874983549120 0.0938265025615692 0.0581009872257705
0.0997605025768280 0.0672304928302766 0.0506409890949722
0.1340825036168100 0.0865025222301484 0.0490180142223831
0.1285584941506390 0.0881654918193818 0.0519170053303238
0.1259484961628910 0.0663914978504182 0.0456510074436660
0.0797984972596169 0.0896305143833161 0.0538470037281509
0.0723415017127991 0.0854335129261018 0.0508580096065994
0.0754174962639808 0.0699315369129182 0.0472479946911330
0.0669675022363663 0.0814364850521089 0.0476769991219040
0.0647784993052483 0.0784915387630464 0.0456099994480606
0.0655654966831207 0.0756985247135164 0.0450749881565567
0.1191624999046330 0.0911255180835724 0.0557509846985336
0.0880915001034737 0.0972904860973359 0.0600379891693588
0.1182234957814220 0.0657044947147370 0.0483339913189407
0.0829844996333121 0.0683285295963288 0.0491909869015213
0.0637374967336655 0.0740354955196382 0.0474940128624435
0.0687434971332550 0.0738374888896943 0.0456879921257492
0.0683564990758896 0.0717014968395234 0.0473869927227493
0.0748504996299744 0.0666964948177339 0.0502410121262069
0.0919364988803863 0.0609284937381745 0.0531850047409530
0.1010555028915410 0.0603025257587434 0.0533569939434524
0.1103054955601690 0.0592955052852632 0.0520039983093734
0.1275914981961250 0.0612945258617402 0.0467609949409958
0.1197315007448200 0.0597384870052339 0.0497510023415084
0.1342514976859090 0.0635984838008882 0.0435140021145340
0.1392604932188990 0.0668025314807893 0.0407679863274093
0.1394534930586810 0.0843045413494111 0.0446070022881027
0.1322124972939490 0.0674284994602204 0.0429080016911026
0.0658784955739974 0.0839234888553620 0.0502070076763626
0.1089814975857730 0.0654295384883882 0.0501870103180404
0.1432734951376920 0.0821994841098787 0.0400279946625229
0.0826784968376160 0.0623935163021089 0.0521879978477951
0.1374905034899710 0.0696255266666413 0.0402479954063888
0.1559175029397010 0.0785985291004182 0.0270909853279586
0.1560265049338340 0.0748294889926911 0.0258879847824569
0.1544665023684500 0.0704345405101776 0.0264580138027664
0.1468585059046750 0.0742345154285432 0.0350899882614608
0.1435725018382070 0.0708005130290986 0.0377510078251358
0.1480944976210590 0.0769045054912567 0.0344309993088241
0.1422274932265280 0.0725255310535432 0.0370010025799270
0.1451705023646350 0.0755614936351776 0.0346349962055679
0.1484325006604190 0.0816344916820527 0.0360709913074966
0.1450354978442190 0.0803985297679902 0.0361640043556686
0.1483555063605310 0.0791935026645662 0.0342610068619247
0.1461764946579930 0.0787965357303620 0.0340739972889419
0.1463314965367320 0.0775605142116548 0.0338640101253982
-0.1480874940752980 0.0769045054912567 0.0344410128891464
-0.1463245078921320 0.0775605142116548 0.0338710136711593
-0.1461705043911930 0.0787965357303620 0.0340840108692642
-0.1468515023589130 0.0742644965648651 0.0350969918072220
-0.1422205045819280 0.0725255310535432 0.0370109863579269
-0.1451634988188740 0.0755614936351776 0.0346409864723678
-0.1432665064930920 0.0821994841098787 0.0400339849293228
-0.1450284942984580 0.0803985297679902 0.0361710079014297
0.0423984974622726 -0.0590364634990691 0.1019709892570970
0.0506135001778603 -0.0613704621791838 0.0873510129749771
0.0206955000758171 -0.0560764968395232 0.1254469938576220
0.0165434982627630 -0.0612644851207732 0.1188110001385210
0.0303704999387264 -0.0547024905681609 0.1141439862549300
-0.0240644998848438 -0.0646364986896514 0.1091509945690630
-0.0310955010354519 -0.0420984923839568 0.1426710076630110
-0.0497095026075840 -0.0469054877758025 0.1190810091793530
-0.0407655015587807 -0.0430754721164702 0.1314139850437640
-0.0248465016484261 -0.0492704808712004 0.1419109888374800
-0.0206905007362366 -0.0560764968395232 0.1254509873688220
-0.0452634990215302 -0.0666044652462004 0.0904450006783004
-0.0506105013191700 -0.0613704621791838 0.0873539932072158
-0.0512425005435944 -0.0580295026302337 0.0977609939873214
-0.0510894991457462 -0.0549624860286712 0.1046709902584550
-0.0446684993803501 -0.0508724749088286 0.1169310100376600
-0.0368325002491474 -0.0477754771709441 0.1289439983665940
-0.0355845019221306 -0.0674745142459868 0.0985109992325302
-0.0303655005991459 -0.0546725094318389 0.1141439862549300
-0.0423955023288727 -0.0590364634990691 0.1019709892570970
-0.0773235037922859 -0.1505734622478480 0.0598969943821425
-0.0820185020565987 -0.1462095081806180 0.0609809942543502
-0.0713865011930465 -0.1453394591808320 0.0692469961941238
-0.0092445006594061 -0.1495364606380460 0.0890979953110214
-0.0099545009434223 -0.1459355056285860 0.1010410077869890
-0.0822115018963814 -0.1458285152912140 0.0614440031349655
-0.0985265001654624 -0.0739744603633880 0.0708140023052688
-0.0323984995484352 -0.0001374781131743 0.1241649873554700
-0.0129315005615354 0.0200954973697663 0.1309110112488270
0.0000044991888898 0.0227055251598359 0.1329910047352310
0.0129394987598062 0.0200954973697663 0.1309069879353040
0.0393344983458519 -0.0005954802036284 0.1083879955112930
0.0817234963178635 -0.0550074875354766 0.0720910020172592
0.0985274985432624 -0.0739744603633880 0.0708109922707077
0.1201454997062680 -0.1750034987926480 0.0403639860451217
0.1139684990048410 -0.1903685033321380 0.0371209867298599
0.0786274969577789 -0.2345424592494960 0.0490580089390274
-0.1119505017995830 -0.2100674808025360 0.0291809923946853
-0.1313455030322070 -0.1577304899692530 0.0402240045368667
0.0000044991888898 0.0303955376148225 0.1275910027325150
-0.0126595003530383 0.0284275114536286 0.1254910118877880
0.1387354955077170 -0.1781004965305330 0.0243910141289230
-0.0786095038056374 -0.2716064751148220 0.0261509902775283
-0.1284795030951500 -0.2171634733676910 0.0076590068638320
-0.1532024964690210 -0.1549374759197230 0.0200039930641647
0.1044605001807210 -0.0639955103397367 0.0701970048248763
0.1691954955458640 -0.1253354847431180 0.0132770128548141
-0.1929275020956990 -0.0147394835948943 0.0089610107243056
-0.1746355071663860 -0.0229335129261016 0.0293309874832626
-0.2326424941420560 -0.0039674937725066 -0.0885599963366989
-0.2133054956793780 0.0146945416927339 -0.0276710055768494
-0.2067035064101220 -0.0028074681758879 -0.0132420025765900
-0.2247985079884530 0.0023654997348786 -0.0546079985797409
0.1746365055441860 -0.0229335129261016 0.0293210037052627
0.2067035064101220 -0.0028074681758879 -0.0132520012557511
0.1929285004734990 -0.0147394835948943 0.0089509971439834
0.2247964963316920 0.0023654997348786 -0.0546189956367020
0.2326385006308560 -0.0039974749088286 -0.0885709933936599
0.2400344982743260 0.0144655406475068 -0.1584380008280280
0.2360954955220220 -0.0086974799633025 -0.1237769983708860
-0.1090075001120570 -0.0168764889240264 0.0634640045464034
-0.0882975012063979 -0.0079955160617827 0.0669169910252090
-0.1544044986367230 -0.0249634683132171 0.0455250032246109
-0.1321204975247380 -0.0231625139713286 0.0569679923355575
-0.0484815016388893 0.0240935385227204 0.0795979984104629
-0.0591605007648468 0.0137025415897370 0.0740870125591751
-0.0581725016236305 0.0023955404758454 0.0794510133564468
-0.0290575008839369 0.0464935004711152 0.0929939933121199
-0.0383215025067329 0.0361324846744538 0.0853980071842666
-0.0386115014553070 0.0249325335025788 0.0934139974415297
-0.0118015008047223 0.0568235218524934 0.1063400097191330
-0.0117905009537935 0.0718995034694673 0.0967939980328079
-0.0478205010294914 0.0144655406475068 0.0865639932453628
-0.0213635005056858 0.0529935061931611 0.1007310040295120
-0.0301995016634464 0.0348965227603913 0.1002710051834580
-0.0474685020744801 0.0054325163364411 0.0900170095264908
-0.0575884990394115 -0.0076294839382170 0.0813209898769851
-0.0385254994034767 0.0165714919567109 0.0981669910252090
-0.0308035016059876 0.0167995393276216 0.1116480119526380
-0.0304255001246929 0.0255585014820100 0.1061569936573500
-0.0714825019240379 0.0022275149822236 0.0702609904110428
-0.0712724998593329 -0.0102384984493254 0.0737010128796097
-0.0885445028543472 -0.0350345075130462 0.0724510140717025
-0.0705894976854324 -0.0209045112133025 0.0746169872581955
-0.0891685038805007 -0.0221094787120818 0.0706609971821303
-0.0224454998970032 0.0325625240802766 0.1135240085422990
-0.0221565011888742 0.0420995056629182 0.1070809848606580
0.0883015021681786 -0.0079955160617827 0.0669149942696090
0.0885474979877472 -0.0350345075130462 0.0724480040371414
0.1321234926581380 -0.0231625139713286 0.0569609887897964
0.1544074937701230 -0.0249634683132171 0.0455179996788498
0.1090115010738370 -0.0168764889240264 0.0634580142796034
0.0385324992239474 0.0165714919567109 0.0981649942696090
0.0290654990822077 0.0464935004711152 0.0929939933121199
0.0304334983229637 0.0255585014820100 0.1061569936573500
0.0386184975504874 0.0249325335025788 0.0934109874069686
0.0213724989444017 0.0529935061931611 0.1007310040295120
0.0224544983357191 0.0325625240802766 0.1135209985077380
0.0302074998617172 0.0348965227603913 0.1002670116722580
0.0000044991888898 0.0586704909801484 0.1081510074436660
0.0118104992434382 0.0568235218524934 0.1063380129635330
0.0126404995098710 0.0372005403041841 0.1194409914314740
-0.0121825011447072 0.0470274984836579 0.1127810068428510
0.0000044991888898 0.0482024848461152 0.1151679940521710
0.0000044991888898 0.0394285023212434 0.1214879937469960
0.0221654996275902 0.0420995056629182 0.1070780046284190
0.0121914995834231 0.0470274984836579 0.1127810068428510
-0.0126315010711551 0.0372005403041841 0.1194409914314740
0.0575925000011921 -0.0076294839382170 0.0813180096447464
0.0474744997918606 0.0054325163364411 0.0900150127708908
0.0383284986019135 0.0361324846744538 0.0853940136730667
0.0484874993562698 0.0240634977817537 0.0795949883759018
0.0714865028858185 0.0022275149822236 0.0702569968998428
0.0591664984822273 0.0137025415897370 0.0740840025246139
0.0705925002694129 -0.0209045112133025 0.0746149905025954
0.0891724973917007 -0.0221094787120818 0.0706579871475692
0.0712765008211136 -0.0102384984493254 0.0736969895660873
0.0581775009632111 0.0023955404758454 0.0794480033218856
0.0478264987468719 0.0144655406475068 0.0865639932453628
-0.2361015006899830 -0.0086974799633025 -0.1237650029361250
0.1104614958167080 -0.0512695014476775 0.0693409927189345
0.1115914955735210 -0.0340425074100493 0.0673180110752577
0.1533854976296420 -0.1299284994602200 0.0302210040390487
0.1615305021405220 -0.0486294925212859 0.0418339855968948
0.1371795013546940 -0.0450744926929473 0.0583839900791641
0.1403845027089120 -0.1336664855480190 0.0404510088264938
0.1295265033841130 -0.1369625031948090 0.0480179972946640
0.1685524955391880 -0.0986324846744535 0.0249270088970657
0.1490825042128560 -0.1033324897289280 0.0431670136749740
0.1386385038495060 -0.0713044703006743 0.0569569952785965
0.1662764921784400 -0.0703434646129607 0.0350049920380111
0.1229524984955790 -0.0850374996662139 0.0629140026867385
0.1342794969677930 -0.1097414791584010 0.0518509931862350
-0.1044585034251210 -0.0639955103397367 0.0702009983360763
-0.2021105065941810 -0.0879664719104766 -0.0270950011909012
-0.2151755020022390 -0.0832674801349639 -0.0567520074546341
-0.1115894988179210 -0.0340425074100493 0.0673249848186966
-0.1615295037627220 -0.0486294925212859 0.0418439991772171
-0.1371775045990940 -0.0450744926929473 0.0583909936249252
-0.1104594990611080 -0.0512385070323943 0.0693470127880569
-0.1403874978423120 -0.1336664855480190 0.0404580123722549
-0.1692005023360250 -0.1253354847431180 0.0132880099117752
-0.1533895060420040 -0.1299284994602200 0.0302309878170486
-0.1864675059914590 -0.0932314693927764 0.0012559927999969
-0.1860625073313710 -0.0660094916820525 0.0107410140335556
-0.1685555055737500 -0.0986324846744535 0.0249380059540268
-0.1662765070796010 -0.0702975094318389 0.0350110121071334
-0.1823854967951770 -0.0449064671993255 0.0199870057404037
-0.1386385038495060 -0.0713044703006743 0.0569639988243576
-0.1126684993505480 -0.0940094888210295 0.0658309943974014
-0.1230545043945310 -0.1155705153942110 0.0575840063393112
-0.1229524984955790 -0.0850374996662139 0.0629210062324997
-0.1490845009684560 -0.1033324897289280 0.0431739874184127
-0.1342814937233920 -0.1097414791584010 0.0518579967319961
-0.1295294985175130 -0.1369625031948090 0.0480239875614639
-0.2270004972815510 -0.0789645016193389 -0.1155710034072400
-0.2269335016608240 -0.0787355005741118 -0.1516530029475690
-0.2213334962725640 -0.1062014997005460 -0.1392430029809480
-0.2296644970774650 -0.0556335151195525 -0.1193689964711670
-0.2373195067048070 -0.0142364799976348 -0.1602560020983220
-0.2334964945912360 -0.0366365015506743 -0.1571309976279740
-0.2032875046134000 -0.0614015161991118 -0.0186369977891449
-0.2287155017256740 -0.0295405089855193 -0.0841579996049408
-0.2252184972167020 -0.0549314916133879 -0.0850239954888825
-0.2159465029835700 -0.0565334856510161 -0.0503479950129990
-0.2229165062308310 -0.0779415071010589 -0.0860689990222458
-0.2013325020670890 -0.0375364720821380 -0.0070890001952652
-0.2188215032219890 -0.0248714983463286 -0.0412960015237336
-0.2328324988484380 -0.0328674614429473 -0.1213370077312000
-0.2301134988665580 -0.0568384826183318 -0.1545209996402270
0.2287114933133130 -0.0295405089855193 -0.0841689966619019
0.2188195064663890 -0.0248714983463286 -0.0413069985806946
0.2328254953026770 -0.0328674614429473 -0.1213490031659610
0.2269924953579900 -0.0789645016193389 -0.1155829988420010
0.2151694968342780 -0.0832674801349639 -0.0567630045115952
0.2159414961934090 -0.0565644800662993 -0.0503600053489212
0.2252124920487400 -0.0549314916133879 -0.0850350074470047
0.2269235029816630 -0.0787355005741118 -0.1516649983823300
0.2334874942898750 -0.0366365015506743 -0.1571430005133160
0.2373125031590460 -0.0142364799976348 -0.1602679975330830
0.2296564951539040 -0.0556645095348357 -0.1193799935281280
0.2021064981818200 -0.0879974663257598 -0.0271049998700623
0.1864644959568980 -0.0932615101337432 0.0012469924986358
0.1823854967951770 -0.0449064671993255 0.0199780054390426
0.2013305053114890 -0.0375364720821380 -0.0070989988744263
0.1860604956746100 -0.0660094916820525 0.0107310004532333
0.2032844945788380 -0.0614314973354338 -0.0186469964683060
0.2229085043072700 -0.0779415071010589 -0.0860809944570069
0.2301035001873970 -0.0568694770336150 -0.1545330025255680
0.1191374957561490 -0.1392975151538850 0.0539139993488784
0.1099895015358920 -0.1410364806652070 0.0584550090134140
0.1126684993505480 -0.0940094888210295 0.0658250041306015
0.1230525001883510 -0.1155705153942110 0.0575770027935501
-0.0869655013084412 -0.1233674585819240 0.0758409984409804
-0.0925014987587929 -0.1154024899005890 0.0742309875786300
-0.0978925004601479 -0.1292414963245390 0.0687410123646255
-0.0819234997034073 -0.1308744847774500 0.0764509923756118
-0.0771415010094643 -0.1368714869022370 0.0755639858543868
-0.1020745038986210 -0.1421054899692530 0.0616010017693039
-0.0835515037178992 -0.1450044810771940 0.0629669912159439
-0.1191415041685100 -0.1392975151538850 0.0539210028946396
-0.1049375012516980 -0.1248324811458590 0.0659299977123733
-0.0981575027108192 -0.1081694662570950 0.0710410065948959
-0.1042174994945530 -0.1011964976787570 0.0684940107166763
-0.1099925041198730 -0.1410364806652070 0.0584609992802139
-0.1131884977221490 -0.1203764975070950 0.0621069855988022
-0.0956365019083023 -0.1426084935665130 0.0632910020649429
-0.0920895040035248 -0.1335295140743250 0.0700810141861435
0.0956334993243217 -0.1426084935665130 0.0632839985191818
0.0901945009827614 -0.1432034671306610 0.0640770085155960
0.0861655026674271 -0.1438294947147370 0.0639110095798965
0.1020715013146400 -0.1421054899692530 0.0615939982235427
0.0978904962539673 -0.1292414963245390 0.0687340088188644
0.0925014987587929 -0.1154024899005890 0.0742249973118301
0.1049354970455170 -0.1248624622821810 0.0659249909222122
0.0981575027108192 -0.1081694662570950 0.0710370130836959
0.0963504984974861 -0.1522974669933320 0.0577950067818161
0.1131865009665490 -0.1203764975070950 0.0621000118553634
0.1042174994945530 -0.1011964976787570 0.0684910006821151
0.0929495021700858 -0.0824734866619109 0.0717750079929825
0.0869644954800606 -0.1233674585819240 0.0758370049297805
0.0920874997973441 -0.1335295140743250 0.0700780041515823
0.1870994940400120 -0.1722714602947230 -0.0535670034587387
0.0776005014777183 -0.1450044810771940 0.0580440051853653
-0.1682165041565900 -0.2163085043430330 -0.1147160045802600
-0.0973014980554581 -0.1976625025272370 0.0450410135090347
-0.0713934972882271 -0.1452634632587430 0.0692539997398849
-0.0828654989600182 -0.1406705081462860 0.0697609968483444
-0.0799394994974135 -0.1435394585132600 0.0679579861462112
-0.0741835013031959 -0.1414034664630890 0.0736809857189650
-0.0779945030808449 -0.1453394591808320 0.0651880092918869
-0.0692545026540756 -0.1341395080089570 0.0830980129539962
-0.0901975035667419 -0.1432034671306610 0.0640840120613570
-0.0861684978008270 -0.1438294947147370 0.0639139898121353
-0.0872794985771179 -0.1373294889926910 0.0704949982464309
0.0799364969134331 -0.1435394585132600 0.0679539926350113
0.0741804987192154 -0.1414034664630890 0.0736769922077652
0.0835485011339188 -0.1450044810771940 0.0629640109837051
0.0822084993124008 -0.1458285152912140 0.0614380128681656
0.0779915004968643 -0.1453394591808320 0.0651849992573257
0.0872764959931374 -0.1373294889926910 0.0704910047352310
0.0771405026316643 -0.1368714869022370 0.0755610056221481
0.0828635022044182 -0.1406705081462860 0.0697579868137832
0.0819214954972267 -0.1309054791927340 0.0764480121433731
0.0746124982833862 -0.1855014860630030 0.0645339973270889
0.1511084958910940 0.2816314995288850 0.0043310113251205
-0.0566095001995564 -0.2349095046520230 0.0663640089333052
-0.0058115008287131 -0.0631714761257170 0.1321569867432110
0.1861575022339820 -0.1903074681758880 -0.1186439953744420
