-0.0000084333387349 -0.3152382075786591 -0.0508302152156829
-0.0000077666709330 -0.3113049566745758 -0.0287558622658252
-0.0000061666705732 -0.3007716238498688 0.0232211891561746
-0.0000050000035116 -0.2874713242053986 0.0562045574188232
-0.0000037666691241 -0.2600706815719604 0.0784545764327049
-0.0000030333353606 -0.2354034483432770 0.0835112482309341
-0.0000026333350433 -0.2194033414125443 0.0839512422680854
-0.0000016666676856 -0.1894361078739166 0.0923045873641967
-0.0000010666673233 -0.1772029399871826 0.1042312681674957
-0.0000005666670404 -0.1582690030336380 0.1055779382586479
-0.0000003666669101 -0.1462357491254806 0.1022446006536484
0.0000050000035116 0.0735681429505348 0.0988512635231018
0.0000046666696107 0.0304008089005947 0.1275912821292877
0.0000044666694520 0.0020337495952844 0.1480579674243927
0.0000017666677649 -0.0731678605079650 0.1141112819314003
0.0000010333340014 -0.1009347140789032 0.1127346158027649
0.0000060000038502 0.1182353943586350 0.0950379297137260
0.0000036666690448 -0.0410338491201400 0.1582046598196030
0.0000040333356992 -0.0278337672352790 0.1602679789066315
0.0000007333338203 -0.1169348433613777 0.1166146174073219
0.0000024666683202 -0.0636675804853439 0.1325612962245941
0.0000032666687275 -0.0518006198108196 0.1525946557521820
0.0000003333335314 -0.1312020272016525 0.1149446144700050
0.0000020333345673 -0.0671674981713295 0.1192979514598846
0.0000053000035222 0.0916348323225975 0.0931212529540062
0.0000045333363232 0.0132669648155570 0.1397313028573990
0.0000043333361645 -0.0121998805552721 0.1564279794692993
0.0000068333379203 0.1473689675331116 0.0984712615609169
0.0000088000051619 0.2321039140224457 0.0941212624311447
0.0000100666729849 0.3209384679794312 0.0572312250733375
0.0000096333387773 0.2775046229362488 0.0821812450885772
0.0000028333352020 -0.0594006478786468 0.1434579640626907
0.0000014333342051 -0.0840678736567497 0.1118146106600761
-0.0000022666681616 -0.2043029963970184 0.0835045799612998
-0.0000069000047915 -0.3052715063095092 -0.0003148336545564
0.0000048666697693 0.0586676672101020 0.1081512719392776
0.2373124957084656 -0.0142333805561065 -0.1602679789066315
0.2269234806299210 -0.0787343606352806 -0.1516649723052979
0.1436407566070557 -0.2420370727777481 -0.0787565782666206
0.1173547431826592 -0.2621372938156128 -0.0469215437769889
0.1212700754404068 -0.2623707354068756 -0.0735552385449409
0.1474750936031341 -0.2405371069908142 -0.1091906130313873
0.0915297195315361 -0.2504707276821136 0.0310778655111789
0.1047027334570885 -0.2585371434688568 -0.0019348352216184
0.1636824309825897 -0.2190365940332413 -0.0827305763959884
0.0786277130246162 -0.2345367372035980 0.0490578822791576
0.1197274103760719 -0.2140031456947327 0.0197078511118888
0.1397960931062698 -0.2207369655370712 -0.0108531769365072
0.1682007759809494 -0.2163032293319702 -0.1147246137261391
0.1044260710477829 -0.2047699391841888 0.0374378673732280
0.1616431027650833 -0.1778692603111267 -0.0052478383295238
0.1387357413768768 -0.1781027317047119 0.0243911910802125
0.1967201232910156 -0.1664356440305710 -0.0860665813088417
0.1229524165391922 -0.0850347951054573 0.0629145577549934
0.1042177304625511 -0.1012012585997581 0.0684912279248237
0.1191380843520165 -0.1393020451068878 0.0539145544171333
0.1403844207525253 -0.1336689144372940 0.0404512025415897
0.2012344747781754 -0.1630023866891861 -0.1214569509029388
0.0723207145929336 -0.2230370193719864 0.0568045526742935
0.1201454177498818 -0.1750025749206543 0.0403645373880863
0.0667567104101181 -0.2100368142127991 0.0629278942942619
0.0972957313060760 -0.1976698786020279 0.0450378768146038
0.0580477081239223 -0.1729024350643158 0.0815245807170868
0.0906803980469703 -0.1885027736425400 0.0519612170755863
0.2247968018054962 0.0023669216316193 -0.0546192191541194
0.2213228046894074 -0.1062016338109970 -0.1392536312341690
0.0772427171468734 -0.1629357486963272 0.0635745599865913
0.1022520661354065 -0.1666691005229950 0.0509645491838455
0.1110067367553711 -0.1715357154607773 0.0463012121617794
0.1099897399544716 -0.1410354673862457 0.0584545582532882
0.0532053709030151 -0.1587359458208084 0.0848645791411399
0.0893110632896423 -0.1559358984231949 0.0589812286198139
0.1020720675587654 -0.1421020776033401 0.0615945607423782
0.0879303887486457 0.0195002648979425 0.0559345558285713
0.0866173878312110 0.0055001056753098 0.0624578930437564
0.0517076998949050 -0.1501690149307251 0.0848212540149688
0.0726030468940734 -0.1543688178062439 0.0672278925776481
0.0901947245001792 -0.1432022303342819 0.0640778914093971
0.0925013870000839 -0.1154018193483353 0.0742245763540267
0.0981573984026908 -0.1081685349345207 0.0710379034280777
0.0524557009339332 -0.1450689285993576 0.0821079090237617
0.0714820399880409 -0.1483689397573471 0.0698245614767074
0.0851280540227890 -0.1517025381326676 0.0605645589530468
0.0819217190146446 -0.1309019327163696 0.0764479115605354
0.0848210528492927 -0.1018349975347519 0.0778712406754493
0.0591663718223571 0.0137003045529127 0.0740845650434494
0.0569070354104042 -0.0164001826196909 0.0835512503981590
0.1461547613143921 -0.0058668451383709 0.0465878769755363
0.1665264368057251 0.0246669817715883 0.0249178577214479
0.0713840425014495 -0.1453354656696320 0.0692445635795593
0.0829047188162803 -0.1481024324893951 0.0616445615887641
0.0861660540103912 -0.1438354998826981 0.0639112293720245
0.0806213840842247 -0.1133016496896744 0.0810112431645393
0.0624633766710758 -0.0412337481975555 0.0798779055476188
0.0620593763887882 0.0365339405834674 0.0594578944146633
0.0596743747591972 0.0245337150990963 0.0684412345290184
0.0904833897948265 0.0312008876353502 0.0528245531022548
0.0820157155394554 -0.1462021768093109 0.0609778948128223
0.0835483819246292 -0.1450022906064987 0.0629645586013793
0.0771403759717941 -0.1368687301874161 0.0755612403154373
0.1433214247226715 0.0316337607800960 0.0366978682577610
0.1527810841798782 0.0378009267151355 0.0296345297247171
0.2107461392879486 0.0898347645998001 -0.0363658703863620
0.0822083801031112 -0.1458354294300079 0.0614378936588764
0.0741810500621795 -0.1414022147655487 0.0736779049038887
0.0751347169280052 -0.1247017011046410 0.0828012451529502
0.0213723797351121 0.0530009754002094 0.1007312685251236
0.0226823482662439 0.0233674272894859 0.1193246170878410
0.0389263592660427 0.0075667058117687 0.1030812636017799
0.0518787018954753 0.0475677512586116 0.0607345588505268
0.0491406992077827 0.0360339321196079 0.0714045614004135
0.0778143778443336 0.0357338599860668 0.0535645522177219
0.0920250639319419 0.0467676743865013 0.0533345527946949
0.0919367298483848 0.0609346739947795 0.0531845539808273
0.2002504765987396 0.0416675917804241 -0.0158165153115987
0.1837021261453628 0.0533010810613632 -0.0025351690128445
0.0713913813233375 -0.1452688276767731 0.0692512318491935
0.0589637085795402 -0.1298017501831055 0.0929145961999893
0.0576313734054565 -0.0321002006530761 0.0986445993185043
0.0200234130024910 0.0687014982104301 0.0917012542486190
0.0117996409535408 0.0719013139605522 0.0967945978045463
0.0879557207226753 0.0918683037161827 0.0563745535910129
0.1343077570199966 0.0488011762499809 0.0425578728318214
0.1275917440652847 0.0613013766705989 0.0467612110078334
0.1815164387226105 0.0841350108385086 0.0040705041028559
0.1967501342296600 0.1229021102190018 -0.0071605071425437
0.2271434813737869 0.0252671595662832 -0.0619632266461849
0.2386324852705002 0.0179672408849000 -0.1236742958426476
0.2361884862184524 0.1099019274115563 -0.1046956032514572
0.2281218171119690 0.0480010919272899 -0.0654152259230613
0.0552607029676437 -0.1360355764627457 0.0919979214668273
0.0403246916830539 -0.0749343261122703 0.0950412601232528
0.0610610395669937 -0.0386336110532283 0.0880545824766159
0.0574423745274543 -0.0352669544517993 0.1053346022963524
0.0507710352540016 -0.0244335457682609 0.1103179454803467
0.0493320301175117 0.0657677128911018 0.0518345497548580
0.0813870579004287 0.0495010502636432 0.0527078881859779
0.1285584121942520 0.0881684720516204 0.0519178844988346
0.1675004363059997 0.0838013365864753 0.0193845182657241
0.1742967814207077 0.1000349372625351 0.0233778562396764
0.1873877942562103 0.1089350134134293 0.0114678442478179
0.2430884987115860 0.1143021360039711 -0.1362683027982712
0.2288214862346649 0.1038349270820618 -0.0812662467360496
0.0524397008121013 -0.1450689285993576 0.0821212455630302
0.0318094529211521 -0.1010679900646210 0.1089946106076240
0.0618443749845028 -0.0521673634648323 0.0833745822310447
0.0559923686087131 -0.0512675791978836 0.1059212684631348
0.0511417016386985 -0.0300336033105850 0.1164446175098419
0.0335306897759437 -0.0093001341447234 0.1314312964677811
0.0243335478007793 -0.0034666061401367 0.1398546248674393
0.0126685751602053 0.0284339450299739 0.1254912912845612
0.0389823578298091 0.0621675886213779 0.0650512278079986
0.0268721170723438 0.0805348828434944 0.0780445784330368
0.0797987133264541 0.0896348655223846 0.0538478866219520
0.2145498096942902 0.1568692177534103 -0.0452638790011406
0.0339230187237262 -0.1188351064920425 0.1109712719917297
0.0561243705451488 -0.0622006915509700 0.0832679122686386
0.0512460321187973 -0.0580339580774307 0.0977579280734062
0.0510930307209491 -0.0549673698842525 0.1046679317951202
0.0515753701329231 -0.0400669313967227 0.1189779490232468
0.0497143678367137 -0.0469004437327385 0.1190779507160187
0.0333149209618568 0.1057016253471374 0.0802445784211158
0.0232212804257869 0.1139018312096596 0.0902312546968460
0.1818774491548538 0.1194688230752945 0.0240578576922416
0.1662937700748444 0.1075016856193543 0.0357278697192668
0.0286083854734897 -0.1315021365880966 0.1090146079659462
0.0181912779808044 -0.1007012426853180 0.1126712784171104
0.0095307389274239 -0.0726342871785163 0.1141712740063667
0.0446730293333530 -0.0508672706782817 0.1169279441237450
0.0342536866664886 -0.0326668098568916 0.1423746347427368
0.0237541161477565 -0.0299003329128026 0.1525179743766785
0.0211640466004610 -0.0416670888662338 0.1516779810190201
0.0311017874628305 -0.0421004630625247 0.1426679641008377
0.0132349086925387 0.0003003215242642 0.1458479613065720
0.1550294309854508 0.0830012559890747 0.0308611970394849
0.1612914353609085 0.0959017723798751 0.0351278670132160
0.1872791200876236 0.1359023153781891 0.0092578418552875
0.2085478007793427 0.1976368129253388 -0.0430068746209144
0.2020141333341598 0.1788030713796616 -0.0239455234259367
0.0217535477131605 -0.1450353562831879 0.0976779311895370
0.0248525496572256 -0.0492671169340610 0.1419113129377365
0.0176766775548458 -0.0510671772062778 0.1469779759645462
0.0119292410090565 -0.0612342730164527 0.1305779516696930
0.0156186772510409 0.1164353415369988 0.0933912545442581
0.0394283570349216 0.0862682163715362 0.0634078904986381
0.0748503804206848 0.0667010620236396 0.0502412170171737
0.0721150413155555 0.0544342994689941 0.0518245510756969
0.0723413750529289 0.0854350626468658 0.0508578829467296
0.1394540816545486 0.0843013450503349 0.0446078777313232
0.1472737640142441 0.1052351891994476 0.0500978827476501
0.0217494796961546 -0.1450689285993576 0.0976912677288055
0.0236112829297781 -0.1159348562359810 0.1145946159958839
0.0121688079088926 -0.0285336449742317 0.1585513204336166
0.0111216409131884 -0.0412006825208663 0.1566979736089707
0.0730970427393913 0.1163351312279701 0.0703578963875770
0.0747433826327323 0.1347024291753769 0.0866345837712287
0.0581903718411922 0.0695346370339393 0.0480412133038044
0.0637373700737953 0.0740345418453216 0.0474945455789566
0.1435724198818207 0.0708011612296104 0.0377512015402317
0.1457350850105286 0.0935350954532623 0.0478012114763259
0.1508847475051880 0.1384358257055283 0.0580012276768684
0.1429070830345154 0.1221686601638794 0.0580478943884372
0.0161017421633005 -0.1310687661170960 0.1126112788915634
0.0240680146962404 -0.0646339878439903 0.1091512739658356
0.0138153089210391 -0.0639010518789291 0.1179646179080009
0.0165436770766973 -0.0612673424184322 0.1188112869858742
0.0088659720495343 -0.0518672540783882 0.1513079851865768
0.0058162035420537 -0.0631675720214843 0.1321579664945602
0.0687240362167358 0.1544694751501084 0.0941612645983696
0.0759003758430480 0.1064686402678490 0.0612245611846447
0.0647783726453781 0.0785013884305953 0.0456112101674079
0.1340830773115158 0.0865016877651214 0.0490178838372230
0.1391934156417847 0.0964348092675209 0.0528245531022548
0.1342217475175858 0.1631361097097397 0.0649078935384750
0.2139258086681366 0.2179038524627685 -0.0673705637454986
0.0099539067596197 -0.1459356397390366 0.1010412648320198
0.0067278039641678 -0.0659340471029281 0.1198246181011200
0.0917703881859779 0.1381357163190842 0.0831645801663398
0.0885103866457939 0.1613029986619949 0.0889345854520797
0.0867003947496414 0.1211020424962044 0.0712045729160308
0.0580683723092079 0.0786015912890434 0.0500045455992221
0.1351950764656067 0.1101684346795082 0.0579945594072341
0.1350834071636200 0.1479025036096573 0.0672345608472824
0.1255737394094467 0.1269686222076416 0.0665512308478355
0.1126130744814873 0.1640694737434387 0.0772045701742172
0.0099328067153692 -0.1459356397390366 0.1010546013712883
0.1051164045929909 0.1248690113425255 0.0708479061722755
0.1134677454829216 0.1440358757972717 0.0778045803308486
0.0882847234606742 0.1116353571414948 0.0646378919482231
0.0787970498204231 0.0996351316571235 0.0586812235414981
0.0790597125887870 0.0942685455083847 0.0572845563292503
0.1708444356918335 0.2366373836994171 0.0011905011488124
0.1767754405736923 0.2627379596233368 -0.0199961848556995
0.1018710657954216 0.1141022294759750 0.0657212287187576
0.1276744157075882 0.1006351113319397 0.0591245591640472
0.1177100762724876 0.1137354895472527 0.0642445608973503
0.0889767259359359 0.1026686429977417 0.0617178939282894
0.0880917236208915 0.0973015204071998 0.0600378923118114
0.1191624179482460 0.0911348238587379 0.0557512193918228
0.1448510885238647 0.2525042295455932 0.0276678595691919
0.0996250659227371 0.1044020727276802 0.0637012273073196
0.0976003929972648 0.0938351675868034 0.0583212226629257
0.0984237268567085 0.0987684205174446 0.0619345605373382
0.1132187396287918 0.1033685281872749 0.0634045600891113
0.1082880720496178 0.0938351675868034 0.0581012219190597
0.1511087566614151 0.2816377878189087 0.0043305042199790
0.1246210858225822 0.2960046529769898 0.0216678548604250
0.0992237329483032 0.3064382970333100 0.0349978655576705
0.0706603825092315 0.2737045884132385 0.0707612335681915
0.0945893973112106 0.2681045532226563 0.0611845627427101
0.0748967155814170 0.3141054809093475 0.0437412075698375
0.0464773625135421 0.2316705733537674 0.0892712473869323
0.0693263784050941 0.2305703759193420 0.0846212506294250
0.0919437259435653 0.2295704036951065 0.0769979134202003
0.1140330731868744 0.2273705601692200 0.0641178935766220
0.1381670832633972 0.2206703126430511 0.0470245480537414
0.1654931008815765 0.2079035937786102 0.0228411890566349
0.0198054797947406 0.0859681442379951 0.0863179191946983
0.0133003750815987 0.0903347507119178 0.0899879187345504
0.0665257051587104 0.0440342649817466 0.0536678843200206
0.0383583605289459 0.0487340390682220 0.0759345740079879
0.0475183650851249 -0.0034666061401367 0.0938679277896881
0.0572607070207595 -0.0711343362927436 0.0799612402915954
0.0540257021784782 -0.1113683506846428 0.0984112620353698
0.0492996983230114 -0.1253018677234650 0.1012812629342079
0.1197317466139793 0.0597342811524868 0.0497512146830558
0.1254464089870453 0.0456674881279468 0.0467845462262630
0.1319164186716080 0.0287340153008699 0.0424212068319320
0.1393777579069138 0.0145670194178819 0.0430712066590786
0.1262060701847076 -0.0053663700819015 0.0539478883147239
0.0365890227258205 -0.1333021670579910 0.1039012670516968
0.0315770171582698 -0.1446686536073685 0.0935012623667717
0.0315730869770050 -0.1446686536073685 0.0935079231858253
0.1854721158742905 -0.1203019917011261 -0.0095755094662308
0.1691961139440537 -0.1253354400396347 0.0132778463885188
0.2123044729232788 -0.1076013892889023 -0.0662998929619789
0.2151701450347900 -0.0832677930593490 -0.0567628890275955
0.1685531139373779 -0.0986346751451492 0.0249278564006090
0.1645224392414093 0.0544342994689941 0.0153278484940528
0.1476450860500336 0.0597342811524868 0.0330811962485313
0.2400344908237457 0.0144668184220790 -0.1584376543760300
0.1191017478704453 0.2624709308147430 0.0472212135791778
0.0235984157770872 0.2770046293735504 0.0808279067277908
0.0487433634698391 -0.0179001372307539 0.1041446030139923
0.0324061177670955 -0.0001330188097199 0.1241612881422043
0.0236723814159631 0.0059670465998351 0.1321746259927750
0.0131807085126638 0.0104338526725769 0.1380179673433304
0.1432734280824661 0.0822016820311546 0.0400278717279434
0.1417207419872284 0.0534007810056209 0.0379178673028945
0.1604031026363373 0.0463007315993309 0.0217645224183797
0.1756684482097626 0.0333341211080551 0.0135611798614263
0.1982204616069794 0.0279339365661144 -0.0072395075112581
0.0339016877114772 -0.0193670298904180 0.1389513015747070
0.0237220823764801 -0.0147999897599220 0.1485513001680374
0.0120705077424645 -0.0124999517574906 0.1543446481227875
0.0250255819410085 0.3206719458103180 0.0547245517373085
0.0609973743557930 -0.0589006394147872 0.0761379078030586
0.0580360405147075 -0.0300336033105850 0.0919879227876663
0.0502437017858028 0.0789347290992736 0.0519678816199302
0.0858913883566856 -0.0462341308593750 0.0728912353515625
0.0776220485568046 -0.0636009424924850 0.0729679018259048
0.0753270462155342 -0.0745009854435920 0.0756379067897796
0.1056187376379967 -0.0012998376041650 0.0588712245225906
0.1051827296614647 0.0154001666232943 0.0526312179863452
0.1042690724134445 0.0287004485726356 0.0506178848445415
0.1032340675592423 0.0454340167343616 0.0526112206280231
0.0355870239436626 -0.0674675703048706 0.0985079333186149
0.0724800452589988 -0.0865011885762214 0.0802812501788139
0.0709013715386390 -0.1017683595418930 0.0857979208230972
0.0650593712925910 -0.1173681840300560 0.0914212539792060
0.0692537128925323 -0.1341353207826614 0.0830945819616317
0.0665007084608078 -0.1385685950517654 0.0821879133582115
0.0620200410485267 -0.1451686322689056 0.0757679045200347
0.0619913749396801 -0.1452022045850754 0.0758112370967865
0.0578807070851326 0.0554012134671211 0.0537912175059318
0.0640323683619499 0.0630012378096580 0.0503545515239238
0.0669677108526229 0.0814346671104431 0.0476778820157051
0.0151437427848577 -0.0593009404838085 0.1295146197080612
0.0218920465558767 -0.0710341334342956 0.1100279390811920
0.0368373543024063 -0.0477671548724174 0.1289412975311279
0.0452656969428062 -0.0666008591651916 0.0904445871710777
0.0070926048792898 -0.0593675784766674 0.1426013112068176
0.0139817427843809 -0.0575008802115917 0.1398046463727951
0.0177104789763689 -0.0557008199393749 0.1371546238660812
0.0206954125314950 -0.0560675561428070 0.1254479438066483
0.1377580910921097 0.0896017998456955 0.0502378828823566
0.1324120759963989 0.0915681943297386 0.0539412200450897
0.1214144155383110 0.0953351259231567 0.0588512234389781
0.1097250729799271 0.0984352752566337 0.0617178939282894
0.0632523745298385 0.0789016634225845 0.0482445470988750
0.0683563724160194 0.0717014446854591 0.0473878793418407
0.0826783850789070 0.0624010600149631 0.0521878823637962
0.1010557338595390 0.0603008940815925 0.0533578842878341
0.1342514157295227 0.0636014416813850 0.0435145385563373
0.1554567664861679 0.1001681685447693 0.0421512052416801
0.1966964602470398 0.2408707588911057 -0.0439135432243347
0.1913551241159439 0.2192705720663071 -0.0212715212255716
0.1865477859973908 0.1959364414215088 -0.0022818355355411
0.1725137680768967 0.1464356034994125 0.0308345314115285
0.1675064414739609 0.1299355030059814 0.0433945395052433
0.1558884382247925 0.1149353757500648 0.0477445460855960
0.1422887593507767 0.0868684202432632 0.0453412085771560
0.1507530957460404 0.0910351574420928 0.0418978743255138
0.1392607539892197 0.0668012574315071 0.0407678708434104
0.0289536193013191 0.1467692852020264 0.0976979285478591
0.0486560314893722 0.1468359231948852 0.0959579274058342
0.0610113739967346 0.1302020251750946 0.0870645791292190
0.0616153739392757 0.1117686256766319 0.0688612312078475
0.0670273751020431 0.1001015752553940 0.0576912239193916
0.0698040425777435 0.0947349444031715 0.0554245561361312
0.0712013766169548 0.0890682563185691 0.0536412224173545
0.0885440632700920 -0.0915346294641494 0.0739312395453453
0.0929500609636306 -0.0824677124619483 0.0717745646834373
0.1044607385993004 -0.0640007182955741 0.0701979026198387
0.1090114042162895 -0.0168665889650583 0.0634578913450241
0.0093521056696772 -0.1577024012804031 0.1051079332828522
0.0100179398432374 -0.1757695972919464 0.1046579331159592
0.0102362725883722 -0.1891359984874725 0.0926212593913078
0.0120645407587289 -0.2201367765665054 0.0832479149103164
0.0114026069641113 -0.2360371947288513 0.0829512476921081
0.0138362431898713 -0.2601373195648193 0.0774445757269859
0.0166492443531751 -0.2868711352348328 0.0555445551872253
0.0205176807940006 -0.2996048331260681 0.0228645224124193
0.0245189834386110 -0.3098380267620086 -0.0295151956379413
0.0256360154598951 -0.3136049807071686 -0.0525088869035244
0.0208323132246732 -0.1558357030153275 0.1030612662434578
0.0217227786779403 -0.1717692017555237 0.1041612699627876
0.0224666483700275 -0.1879030913114548 0.0926812589168548
0.0246526170521974 -0.2210035026073456 0.0807145833969116
0.0253051817417144 -0.2375371605157852 0.0806879103183746
0.0297072865068912 -0.2592375278472900 0.0747645720839500
0.0351686887443065 -0.2845044732093811 0.0522312149405479
0.0413653589785099 -0.2965046763420105 0.0198345202952623
0.0472116954624652 -0.3044714331626892 -0.0334265306591987
0.0501667000353336 -0.3072714805603027 -0.0570782236754894
0.0310062188655138 -0.1537355631589890 0.0993245914578437
0.0325727537274360 -0.1675027608871460 0.1008946001529694
0.0339950211346149 -0.1853695809841156 0.0916245877742767
0.0365206897258758 -0.2211703360080719 0.0767445713281631
0.0391256883740425 -0.2381368428468704 0.0757145732641220
0.0465946979820728 -0.2570707499980926 0.0678945630788803
0.0548023693263530 -0.2786378860473633 0.0473678819835186
0.0625367015600204 -0.2880710065364838 0.0150111811235547
0.0715387091040611 -0.2937046885490417 -0.0375222004950046
0.0739557072520256 -0.2964711189270020 -0.0630582273006439
0.0618887096643447 -0.1485357731580734 0.0761612430214881
0.0626847073435783 -0.1553021520376205 0.0746845752000808
0.0689303725957870 -0.1668023914098740 0.0714879035949707
0.0854790508747100 -0.2105032503604889 0.0496878847479820
0.0918963924050331 -0.2192700654268265 0.0422378741204738
0.1057480722665787 -0.2314035743474960 0.0241811908781528
0.1234177425503731 -0.2411703616380692 -0.0081545077264308
0.1387894153594971 -0.2439373284578324 -0.0511018820106983
0.0416980236768722 -0.0873678997159004 0.0988412648439407
0.0273139514029026 -0.0837011709809303 0.1071979403495788
0.0126315075904130 -0.0844346210360527 0.1113979443907738
0.0869643911719322 -0.1233685463666916 0.0758379101753234
0.0956340581178665 -0.1426020562648773 0.0632845610380172
0.0949513986706733 -0.1614357978105545 0.0552345551550388
0.0846647247672081 -0.1763362288475036 0.0581678934395313
0.0746130421757698 -0.1855028420686722 0.0645345598459243
0.0618123747408390 -0.1944695562124252 0.0707745701074600
0.0353616885840892 -0.2031367123126984 0.0792545750737190
0.0236985813826322 -0.2052032798528671 0.0812112465500831
0.0110112400725483 -0.2045700252056122 0.0829745754599571
0.0228604488074779 -0.3038381934165955 -0.0010748343775048
0.0444883629679679 -0.2998713254928589 -0.0051835048943758
0.0673593804240226 -0.2908379733562470 -0.0096388421952724
0.1120497435331345 -0.2612705528736115 -0.0247098561376333
0.1322007477283478 -0.2437038570642471 -0.0291288625448942
0.1499860882759094 -0.2228035628795624 -0.0317645296454429
0.1755904555320740 -0.1763693094253540 -0.0277691930532455
0.1864644438028336 -0.0932680591940879 0.0012468345230445
0.1746367812156677 -0.0229335874319076 0.0293211955577135
0.1643651127815247 -0.0029666312038898 0.0357278697192668
0.1540947556495667 0.0181335750967264 0.0350578688085079
0.1584184318780899 -0.2222033888101578 -0.0544168874621391
0.1870991140604019 -0.1722691804170609 -0.0535672195255756
0.1999527961015701 -0.1147350072860718 -0.0378812029957771
0.2021061331033707 -0.0880011692643165 -0.0271048601716756
0.1929291188716888 -0.0147333880886435 0.0089511750265955
0.1032637283205986 -0.1545025855302811 0.0548478886485099
0.1119567379355431 -0.1566357761621475 0.0512678846716880
0.1213324144482613 -0.1578026115894318 0.0467545464634895
0.1415184289216995 -0.1565355807542801 0.0319278649985790
0.1666884422302246 -0.1529024243354797 0.0029881694354116
0.1825867891311645 -0.1496354788541794 -0.0193541850894689
0.1973697990179062 -0.1437022387981415 -0.0489285476505756
0.2111798077821732 -0.1323022246360779 -0.0861065834760665
0.2142901420593262 -0.1339018493890762 -0.1265576183795929
0.0963504016399383 -0.1523022204637527 0.0577945560216903
0.0909333899617195 -0.1493022888898850 0.0597512237727642
0.0868627205491066 -0.1473023742437363 0.0612078942358493
0.0848080515861511 -0.1466690897941589 0.0610778927803039
0.0831953883171081 -0.1464356482028961 0.0602678954601287
0.1921837925910950 0.0154337333515286 0.0052671716548502
0.1512427628040314 0.0658343434333801 0.0294178612530231
0.1811234503984451 0.0427006073296070 0.0043291710317134
0.1676554530858994 0.0638013109564781 0.0111211780458688
0.1544670909643173 0.0704344213008880 0.0264578610658645
0.1450354158878326 0.0804016143083572 0.0361645333468914
0.1468587517738342 0.0742344558238983 0.0350911989808082
0.1484324336051941 0.0816345661878585 0.0360711999237537
0.0237603485584259 0.2320703417062759 0.0923612564802169
0.0472870282828807 0.2757045626640320 0.0775012448430061
0.0502433665096759 0.3187385797500611 0.0501112155616283
0.0118104079738259 0.0568345673382282 0.1063379347324371
0.0383283570408821 0.0361341349780559 0.0853945836424827
0.0484880320727825 0.0240673068910837 0.0795945748686790
0.0883020535111427 -0.0080000795423984 0.0669145658612251
0.1321237534284592 -0.0231670588254928 0.0569612234830856
0.1544070839881897 -0.0249670874327421 0.0455178767442703
0.2067037969827652 -0.0027997954748570 -0.0132521800696849
0.2133064717054367 0.0146672213450074 -0.0276811942458152
0.1540174335241318 0.1563026160001755 0.0506412163376808
0.2206498235464096 -0.1039015948772430 -0.1062879413366318
0.2326388210058212 -0.0040001813322305 -0.0885709226131439
0.2360961586236954 -0.0086999572813510 -0.1237769573926926
0.1804767847061157 0.0044670552015304 0.0209645200520753
0.2154561281204224 0.0316673293709754 -0.0364382006227970
0.2227084785699844 0.1724029481410980 -0.0660162270069122
0.2347634881734848 0.0210002213716506 -0.0915699228644371
0.2286358177661896 0.1895698606967926 -0.0948252603411674
0.1965077817440033 0.0856680348515510 -0.0138691803440451
0.1229294165968895 0.0135334692895412 0.0488212145864963
0.1191230788826942 0.0274339616298675 0.0472712144255638
0.1145700737833977 0.0445673055946826 0.0503845512866973
0.1103057414293289 0.0593009404838085 0.0520045533776283
0.0572663731873035 -0.0436004213988781 0.1064712703227997
0.1463314145803452 0.0775680392980575 0.0338645316660404
0.1480947583913803 0.0769011899828910 0.0344312004745006
0.1560267657041550 0.0748346224427223 0.0258878581225872
0.1691814363002777 0.0709679946303367 0.0102645102888345
0.1844711154699325 0.0639010146260261 -0.0048385043628513
0.2007068097591400 0.0557008199393749 -0.0201868526637554
0.2158818095922470 0.0501343309879303 -0.0410132035613060
0.2355834990739822 0.0471674501895904 -0.0915952548384666
0.2401238232851028 0.0463007315993309 -0.1207926198840141
0.2418654859066010 0.0448674112558364 -0.1526713073253632
0.0687760487198829 -0.0303001403808593 0.0750145763158798
0.0714870393276214 0.0022336528636515 0.0702578946948051
0.0714093819260597 0.0140004102140665 0.0655912309885025
0.0739360451698303 0.0262005086988210 0.0582712218165397
0.0571710355579853 -0.0916679054498672 0.0906112492084503
0.0430173575878143 -0.1061014309525490 0.1042146012187004
0.0410760268568992 -0.1226686686277390 0.1068012714385986
0.0574667043983936 -0.0556672513484954 0.0940445959568023
0.0606297068297863 -0.0411671139299869 0.0957345962524414
0.0276911184191703 0.0616676136851310 0.0842879191040992
0.0290655195713043 0.0465011373162269 0.0929945930838585
0.0308112856000661 0.0168004538863897 0.1116446107625961
0.0405770242214202 -0.0086999572813510 0.1145646125078201
0.0413106940686702 -0.0166666861623525 0.1216146275401115
0.0411456935107708 -0.0242336411029100 0.1295412927865982
0.0421203598380088 -0.0356336571276187 0.1322312951087952
0.0407706908881664 -0.0430673807859420 0.1314146220684052
0.0000078000048233 0.1867032051086426 0.0989612713456153
0.0253982488065958 0.1874366551637650 0.0995412617921829
0.0484636984765529 0.1890032291412354 0.0985845997929573
0.0723703727126121 0.1910367757081986 0.0934712588787078
0.0943263992667198 0.1925367414951324 0.0813479125499725
0.1151357442140579 0.1922366321086884 0.0694812312722206
0.1358550935983658 0.1894365698099136 0.0580945573747158
0.1597174406051636 0.1792695075273514 0.0400012060999870
0.1809911131858826 0.1692031174898148 0.0121845118701458
0.1962941288948059 0.1589027494192124 -0.0098248431459069
0.2074578106403351 0.1423360109329224 -0.0290885288268327
0.2216791510581970 0.0976016223430633 -0.0613375604152679
0.0607467070221900 -0.0492004789412021 0.0928679257631301
0.0965850651264190 -0.2815045714378357 -0.0683322250843048
0.0941863879561424 -0.2791709303855896 -0.0426488742232322
0.0895590558648109 -0.2772045731544495 -0.0172025170177221
0.0843407213687896 -0.2744375765323639 0.0073395073413848
0.0734453797340393 -0.2678706049919128 0.0394045375287532
0.0642740428447723 -0.2497037351131439 0.0580645576119423
0.0566023737192153 -0.2349034547805786 0.0663612261414527
0.0510036982595920 -0.2190035730600357 0.0701445713639259
0.0493906959891319 -0.1998030841350556 0.0754912421107292
0.0459863655269146 -0.1800029575824738 0.0885212570428848
0.0426296927034854 -0.1636356264352798 0.0950912609696388
0.0420513600111007 -0.1516689658164978 0.0921979248523712
0.0420766919851303 -0.1448690295219421 0.0876245871186256
0.0420726910233497 -0.1448690295219421 0.0876212492585182
0.0455750264227390 -0.1345686912536621 0.0987479314208030
0.0506133660674095 -0.0613675452768802 0.0873512476682662
0.0303702540695667 -0.0547008700668811 0.1141446158289909
0.2229091525077820 -0.0779342800378799 -0.0860802531242370
0.2269924879074097 -0.0789677873253822 -0.1155826151371002
0.1244947463274002 -0.2629373669624329 -0.1020052656531334
0.0269384495913982 -0.3189715743064881 -0.0735142379999160
0.0516927018761634 -0.3116716444492340 -0.0786642432212829
-0.0000091000056272 -0.3209384679794312 -0.0712652355432510
0.0755990520119667 -0.2996714711189270 -0.0853792428970336
0.1000090613961220 -0.2829043269157410 -0.0935105904936790
0.0802890509366989 -0.1994033157825470 0.0569778904318809
0.2233694791793823 0.1330020576715469 -0.0658268928527832
0.2313094884157181 0.1428024321794510 -0.0874749124050140
0.2395254969596863 0.1524024158716202 -0.1172236204147339
0.1460587680339813 0.0844681486487388 0.0404945425689220
0.1531910896301269 0.0866680145263671 0.0361112020909786
0.1653287708759308 0.0903016775846481 0.0271045286208391
0.1783017814159393 0.0924018472433090 0.0133545137941837
0.1920171231031418 0.0979683324694633 -0.0019258351530879
0.2053054720163345 0.1079350337386131 -0.0239475220441818
0.2155611366033554 0.1231686398386955 -0.0470988824963569
0.2269554883241653 0.0717345029115676 -0.0678188949823379
0.2343121469020844 0.0744348540902137 -0.0897232517600059
0.2408828288316727 0.0764347836375236 -0.1155992746353149
0.2425484955310821 0.0776016041636466 -0.1460689604282379
0.1483564227819443 0.0792012587189674 0.0342612005770206
0.1559180915355682 0.0786015912890434 0.0270911939442157
0.1687531173229218 0.0774678364396095 0.0134978471323847
0.1835837960243225 0.0745680853724479 -0.0028401694726198
0.2005621343851090 0.0706348195672035 -0.0218665208667516
0.2152878046035767 0.0686343535780906 -0.0435298755764961
-0.1057567298412323 -0.2314035743474960 0.0241845231503248
-0.1234287545084953 -0.2411703616380692 -0.0081481738016009
-0.1398064196109772 -0.2207369655370712 -0.0108458437025547
-0.1197357475757599 -0.2140031456947327 0.0197145193815231
-0.0166592765599489 -0.2868711352348328 0.0555445551872253
-0.0205299798399210 -0.2996048331260681 0.0228645224124193
-0.0413776934146881 -0.2965046763420105 0.0198345202952623
-0.0351786874234676 -0.2845044732093811 0.0522345490753650
-0.0919037312269210 -0.2192700654268265 0.0422445423901081
-0.1044330671429634 -0.2047699391841888 0.0374445356428623
-0.1499974280595780 -0.2228035628795624 -0.0317568629980087
-0.1584307700395584 -0.2222033888101578 -0.0544088855385780
-0.1871091127395630 -0.1722691804170609 -0.0535575523972511
-0.1755991131067276 -0.1763362288475036 -0.0277601927518844
-0.0138438427820801 -0.2601373195648193 0.0774445757269859
-0.0297149531543254 -0.2592375278472900 0.0747645720839500
-0.0548123680055141 -0.2786378860473633 0.0473712123930454
-0.0625490397214889 -0.2880379855632782 0.0150145152583718
-0.0843527242541313 -0.2744375765323639 0.0073438403196632
-0.0734550431370735 -0.2678706049919128 0.0394112057983875
-0.0854853838682174 -0.2104696929454804 0.0496945455670356
-0.0973017290234565 -0.1976698786020279 0.0450412109494209
-0.1387420892715454 -0.1781027317047119 0.0243978574872016
-0.1616507768630981 -0.1778361946344376 -0.0052398382686078
-0.1666944473981857 -0.1529024243354797 0.0029965029098093
-0.1415234208106995 -0.1565355807542801 0.0319345295429229
-0.1973781287670135 -0.1437022387981415 -0.0489185489714145
-0.1825937777757645 -0.1496354788541794 -0.0193448513746261
-0.0114087071269750 -0.2360371947288513 0.0829512476921081
-0.0253114830702543 -0.2375371605157852 0.0806879103183746
-0.0466026961803436 -0.2570707499980926 0.0678979009389877
-0.0642820373177528 -0.2497037351131439 0.0580678917467594
-0.0915393903851509 -0.2504707276821136 0.0310845300555229
-0.0786353871226310 -0.2345367372035980 0.0490612164139747
-0.1201504170894623 -0.1750025749206543 0.0403678715229034
-0.1229520812630653 -0.0850347951054573 0.0629212260246276
-0.1042177304625511 -0.1012012585997581 0.0684945657849311
-0.1191410794854164 -0.1393020451068878 0.0539212189614772
-0.1403877437114716 -0.1336689144372940 0.0404578708112239
-0.1967314630746841 -0.1664356440305710 -0.0860565826296806
-0.2012474536895752 -0.1630023866891861 -0.1214466169476509
-0.2143018096685410 -0.1339018493890762 -0.1265466213226318
-0.2111894786357880 -0.1323022246360779 -0.0860959142446517
-0.0391323566436767 -0.2381368428468704 0.0757179036736488
-0.0566093698143959 -0.2349034547805786 0.0663645640015602
-0.1213364154100418 -0.1578026115894318 0.0467612110078334
-0.0846693888306617 -0.1763362288475036 0.0581712238490581
-0.0746177136898040 -0.1855028420686722 0.0645412281155586
-0.0802947133779525 -0.1994033157825470 0.0569812245666980
-0.0906857252120971 -0.1885027736425400 0.0519645512104034
-0.1110117360949516 -0.1715357154607773 0.0463078804314136
-0.1119607388973236 -0.1566357761621475 0.0512712188065052
-0.0110158063471317 -0.2045700252056122 0.0829745754599571
-0.0120698409155011 -0.2201367765665054 0.0832479149103164
-0.0246580820530653 -0.2210035026073456 0.0807179138064384
-0.0237032491713762 -0.2052032798528671 0.0812112465500831
-0.1099924072623253 -0.1410354673862457 0.0584612227976322
-0.2229161411523819 -0.0779342800378799 -0.0860689207911491
-0.2326421588659286 -0.0039665806107223 -0.0885592550039291
-0.2247981429100036 0.0023669216316193 -0.0546075515449047
-0.2151758074760437 -0.0832677930593490 -0.0567518882453441
-0.0353663526475429 -0.2031367123126984 0.0792545750737190
-0.0365263558924198 -0.2211703360080719 0.0767479017376899
-0.0510096997022628 -0.2190035730600357 0.0701479017734527
-0.0493953675031662 -0.1998030841350556 0.0754912421107292
-0.0667627081274986 -0.2100368142127991 0.0629312247037887
-0.0618170388042926 -0.1944695562124252 0.0707779005169868
-0.0626873746514320 -0.1553021520376205 0.0746879056096076
-0.0689337104558944 -0.1667693108320236 0.0714912414550781
-0.0772460475564002 -0.1629357486963272 0.0635778978466987
-0.0726057142019271 -0.1543688178062439 0.0672312304377555
-0.1022563949227333 -0.1666691005229950 0.0509678833186626
-0.0949550569057464 -0.1614357978105545 0.0552412234246730
-0.0981577336788177 -0.1081685349345207 0.0710412338376045
-0.1044587343931198 -0.0640007182955741 0.0702012330293655
-0.0929490625858306 -0.0824346542358398 0.0717779025435447
-0.0100199729204177 -0.1757695972919464 0.1046579331159592
-0.0102396067231893 -0.1891359984874725 0.0926245898008346
-0.0224698800593614 -0.1879030913114548 0.0926812589168548
-0.0217246469110250 -0.1717692017555237 0.1041612699627876
-0.1032674014568329 -0.1545025855302811 0.0548512190580368
-0.0963537245988845 -0.1523022204637527 0.0577978901565074
-0.0885433927178382 -0.0915346294641494 0.0739345699548721
-0.0776203796267509 -0.0635673776268959 0.0729712396860122
-0.0858887210488319 -0.0462005659937858 0.0728945732116699
-0.0879253894090652 0.0195002648979425 0.0559378899633884
-0.0866127237677574 0.0055001056753098 0.0624645613133907
-0.1056144088506699 -0.0012998376041650 0.0588745586574077
-0.1051780655980110 0.0154337333515286 0.0526345521211624
-0.0325745865702629 -0.1674691885709763 0.1008979380130768
-0.0339983552694320 -0.1853695809841156 0.0916245877742767
-0.0459893643856048 -0.1800029575824738 0.0885245874524116
-0.0426316931843757 -0.1636356264352798 0.0950912609696388
-0.0580507069826126 -0.1729024350643158 0.0815279185771942
-0.0532077029347419 -0.1587359458208084 0.0848679170012474
-0.0618907064199447 -0.1485357731580734 0.0761645734310150
-0.0714847147464752 -0.1483689397573471 0.0698278993368148
-0.0893143936991691 -0.1559358984231949 0.0589878894388675
-0.0851310566067695 -0.1517025381326676 0.0605678930878639
-0.0956367328763008 -0.1426020562648773 0.0632912293076515
-0.1020747274160385 -0.1421020776033401 0.0616012290120124
-0.0925017222762107 -0.1154018193483353 0.0742312371730804
-0.0869650542736053 -0.1233685463666916 0.0758412405848503
-0.0753257125616073 -0.0745009854435920 0.0756412371993064
-0.0093532390892505 -0.1577024012804031 0.1051079332828522
-0.0208334457129240 -0.1558357030153275 0.1030645966529846
-0.0619933754205703 -0.1452022045850754 0.0758145749568939
-0.0713863819837570 -0.1453354656696320 0.0692479014396667
-0.0909363925457000 -0.1493022888898850 0.0597545579075813
-0.0868653878569602 -0.1473023742437363 0.0612112246453762
-0.0806213840842247 -0.1133016496896744 0.0810179114341735
-0.0848207250237465 -0.1018349975347519 0.0778779089450836
-0.0724790468811988 -0.0865011885762214 0.0802845805883407
-0.0569023713469505 -0.0164001826196909 0.0835545808076858
-0.0591603703796863 0.0137003045529127 0.0740879029035568
-0.0484813638031482 0.0241003744304180 0.0795979052782058
-0.0475126951932907 -0.0034666061401367 0.0938712581992149
-0.1042637303471565 0.0287004485726356 0.0506245531141758
-0.0904777199029922 0.0312008876353502 0.0528278872370719
-0.1804741173982620 0.0044670552015304 0.0209745205938816
-0.1665227711200714 0.0246669817715883 0.0249278564006090
-0.1540907621383667 0.0181335750967264 0.0350645333528518
-0.1643621027469635 -0.0029330640099942 0.0357378646731376
-0.0099335731938481 -0.1459356397390366 0.1010546013712883
-0.0217503476887941 -0.1450689285993576 0.0976912677288055
-0.0310074537992477 -0.1537355631589890 0.0993245914578437
-0.0420526936650276 -0.1516689658164978 0.0921979248523712
-0.0517093688249588 -0.1501690149307251 0.0848245844244956
-0.0829073861241340 -0.1481024324893951 0.0616512261331081
-0.0901970565319061 -0.1432022303342819 0.0640845596790313
-0.0819230526685714 -0.1308688670396805 0.0764512419700622
-0.0771417170763015 -0.1368687301874161 0.0755645781755447
-0.0861683934926986 -0.1438354998826981 0.0639145597815513
-0.0596683733165264 0.0245337150990963 0.0684445649385452
-0.0620530433952808 0.0365339405834674 0.0594612285494804
-0.0518720336258411 0.0475677512586116 0.0607378929853439
-0.0491336993873119 0.0360339321196079 0.0714078992605209
-0.1032277271151543 0.0454675853252410 0.0526145510375499
-0.0920187234878540 0.0467676743865013 0.0533378832042217
-0.1191177442669868 0.0274670273065567 0.0472745448350906
-0.1145640760660172 0.0446008704602718 0.0503878816962242
-0.1527760922908783 0.0378009267151355 0.0296411961317062
-0.1433167606592178 0.0316337607800960 0.0367045365273952
-0.0315741524100303 -0.1446686536073685 0.0935079231858253
-0.0420780256390571 -0.1448690295219421 0.0876279175281524
-0.0524573661386966 -0.1450689285993576 0.0821112468838691
-0.0820187181234359 -0.1462021768093109 0.0609812289476394
-0.0848110467195510 -0.1466690897941589 0.0610812269151210
-0.0751353800296783 -0.1247017011046410 0.0828045755624771
-0.0692547112703323 -0.1341353207826614 0.0830979123711586
-0.0665193721652031 0.0440342649817466 0.0536712184548378
-0.0739303827285766 0.0262005086988210 0.0582745559513568
-0.0778083801269531 0.0357338599860668 0.0535678863525390
-0.0831980481743812 -0.1464020609855652 0.0602712295949459
-0.0835510566830635 -0.1450022906064987 0.0629678890109062
-0.0741830468177795 -0.1414022147655487 0.0736812353134155
-0.0290571525692939 0.0465011373162269 0.0929945930838585
-0.0308034550398588 0.0168004538863897 0.1116479486227036
-0.0389193594455719 0.0075667058117687 0.1030812636017799
-0.0383210219442844 0.0361341349780559 0.0853979140520095
-0.0813807174563407 0.0495010502636432 0.0527112185955047
-0.0721083804965019 0.0544342994689941 0.0518278814852237
-0.2002481371164322 0.0416675917804241 -0.0158061813563108
-0.1836984604597092 0.0533010810613632 -0.0025258357636630
-0.1811201125383377 0.0427006073296070 0.0043385038152337
-0.1982181221246719 0.0279339365661144 -0.0072295069694519
-0.0822113901376724 -0.1458354294300079 0.0614445619285106
-0.0713937059044837 -0.1452688276767731 0.0692545697093009
-0.0665020421147346 -0.1385685950517654 0.0821912437677383
-0.0200140122324228 0.0687014982104301 0.0917045921087265
-0.0117898406460881 0.0719013139605522 0.0967945978045463
-0.0118008414283394 0.0568345673382282 0.1063412651419640
-0.0213632807135582 0.0530009754002094 0.1007312685251236
-0.0879467278718948 0.0918683037161827 0.0563778877258300
-0.0919297263026237 0.0609346739947795 0.0531878881156444
-0.1010487303137779 0.0603008940815925 0.0533645525574684
-0.0975914001464843 0.0938351675868034 0.0583278909325599
-0.1102990731596947 0.0593009404838085 0.0520078837871551
-0.1082790717482567 0.0938351675868034 0.0581078901886940
-0.1676504462957382 0.0638013109564781 0.0111311776563525
-0.1645174473524094 0.0544342994689941 0.0153378490358591
-0.1815107911825180 0.0841350108385086 0.0040798373520374
-0.1835791170597076 0.0745680853724479 -0.0028308362234383
-0.2005587965250015 0.0706348195672035 -0.0218565221875906
-0.1965027898550034 0.0857016071677207 -0.0138591807335615
-0.0620220378041267 -0.1451686322689056 0.0757712349295616
-0.0624597072601318 -0.0412006825208663 0.0798812434077262
-0.0580313690006732 -0.0300336033105850 0.0919912606477737
-0.0576263740658760 -0.0320671349763870 0.0986479297280311
-0.0610570386052131 -0.0386336110532283 0.0880579203367233
-0.0572617016732692 -0.0436004213988781 0.1064746081829071
-0.0574373714625835 -0.0352669544517993 0.1053379401564598
-0.0511360354721546 -0.0300336033105850 0.1164446175098419
-0.0515700317919254 -0.0400669313967227 0.1189812794327736
-0.1285500824451447 0.0881684720516204 0.0519245490431785
-0.1275850683450699 0.0613344423472881 0.0467678792774677
-0.1342447400093079 0.0636014416813850 0.0435212068259716
-0.1340750902891159 0.0865016877651214 0.0490245483815670
-0.1544611006975174 0.0704344213008880 0.0264678597450256
-0.1512367576360702 0.0658343434333801 0.0294245295226574
-0.1742891222238541 0.1000349372625351 0.0233878567814827
-0.1782951056957245 0.0924018472433090 0.0133611802011728
-0.1920107901096344 0.0979683324694633 -0.0019158353097736
-0.1873804479837418 0.1089350134134293 0.0114778438583016
-0.0540247038006782 -0.1113683506846428 0.0984112620353698
-0.0430160276591777 -0.1061014309525490 0.1042179316282272
-0.0410753600299358 -0.1226686686277390 0.1068046018481255
-0.0492993630468845 -0.1253018677234650 0.1012846007943153
-0.0618413724005222 -0.0521673634648323 0.0833779126405716
-0.0609950385987758 -0.0589006394147872 0.0761412382125854
-0.0335233546793460 -0.0093001341447234 0.1314312964677811
-0.0243252832442522 -0.0034666061401367 0.1398546248674393
-0.0237139165401458 -0.0147999897599220 0.1485546380281448
-0.0338943526148796 -0.0193670298904180 0.1389546245336533
-0.0126594416797161 0.0284339450299739 0.1254912912845612
-0.0226738136261701 0.0233674272894859 0.1193246170878410
-0.0268628522753715 0.0805679559707641 0.0780479088425636
-0.0389743559062480 0.0622011572122573 0.0650545582175254
-0.0394196920096874 0.0862682163715362 0.0634112283587455
-0.0333042852580547 0.1057016253471374 0.0802445784211158
-0.0826713815331459 0.0624010600149631 0.0521912164986133
-0.0797903835773468 0.0896684378385543 0.0538512207567691
-0.0723333805799484 0.0854350626468658 0.0508612170815467
-0.0748430490493774 0.0667010620236396 0.0502478815615177
-0.1612837761640549 0.0959017723798751 0.0351378656923770
-0.1653214395046234 0.0903016775846481 0.0271111931651830
-0.1818687766790390 0.1194688230752945 0.0240678563714027
-0.1662854403257370 0.1075016856193543 0.0357378646731376
-0.0561220385134220 -0.0622006915509700 0.0832712501287460
-0.0506103634834289 -0.0613675452768802 0.0873545855283737
-0.0452630296349525 -0.0666008591651916 0.0904445871710777
-0.0572587028145790 -0.0711343362927436 0.0799645781517028
-0.0512426979839801 -0.0580339580774307 0.0977612659335136
-0.0510890334844589 -0.0549673698842525 0.1046712696552277
-0.0446683615446090 -0.0508672706782817 0.1169312819838524
-0.0237465165555477 -0.0299003329128026 0.1525179743766785
-0.0342466868460178 -0.0326668098568916 0.1423746347427368
-0.0232097152620554 0.1139018312096596 0.0902312546968460
-0.0197955109179019 0.0859681442379951 0.0863179191946983
-0.1554484218358994 0.1002017706632614 0.0421612076461315
-0.0181892104446888 -0.1007012426853180 0.1126712784171104
-0.0318075530230999 -0.1010679900646210 0.1089979410171509
-0.0273113176226615 -0.0837011709809303 0.1071979403495788
-0.0126286745071411 -0.0844346210360527 0.1113979443907738
-0.0211570803076028 -0.0416670888662338 0.1516779810190201
-0.0310952868312597 -0.0421004630625247 0.1426713019609451
-0.0132261421531438 0.0003003215242642 0.1458479613065720
-0.0120619414374232 -0.0124999517574906 0.1543446481227875
-0.0609990395605564 0.1302020251750946 0.0870679169893264
-0.0486423633992671 0.1468359231948852 0.0959612578153610
-0.1457267552614212 0.0935350954532623 0.0478078797459602
-0.1507454216480255 0.0910351574420928 0.0419045425951480
-0.1558787673711777 0.1149684414267540 0.0477512143552303
-0.1472644358873367 0.1052351891994476 0.0501045472919940
-0.0286080185323953 -0.1315021365880966 0.1090146079659462
-0.0217544138431549 -0.1450353562831879 0.0976779311895370
-0.0315780863165855 -0.1446686536073685 0.0935012623667717
-0.0365890227258205 -0.1333021670579910 0.1039046049118042
-0.0236098486930131 -0.1159348562359810 0.1145946159958839
-0.0339216887950897 -0.1188351064920425 0.1109746098518372
-0.0248464178293943 -0.0492671169340610 0.1419113129377365
-0.0177049450576305 -0.0557008199393749 0.1371546238660812
-0.0121608413755893 -0.0285336449742317 0.1585513204336166
-0.0156068103387951 0.1164353415369988 0.0933912545442581
-0.0132900085300207 0.0903347507119178 0.0899879187345504
-0.0616050399839878 0.1118021979928017 0.0688645616173744
-0.1391847580671310 0.0964348092675209 0.0528312176465988
-0.0111143738031387 -0.0412006825208663 0.1566979736089707
-0.0289400536566972 0.1467692852020264 0.0976979285478591
-0.0730863809585571 0.1163351312279701 0.0703612342476844
-0.0747310444712638 0.1347024291753769 0.0866379141807556
-0.0670180395245552 0.1001015752553940 0.0576945543289184
-0.0758903846144676 0.1064686402678490 0.0612278953194618
-0.1674964427947998 0.1299690753221512 0.0434045419096946
-0.0161011442542076 -0.1310687661170960 0.1126112788915634
-0.0138111421838402 -0.0639010518789291 0.1179646179080009
-0.0165393110364675 -0.0612673424184322 0.1188146173954010
-0.0151387434452772 -0.0593009404838085 0.1295179575681686
-0.0119242742657661 -0.0612342730164527 0.1305779516696930
-0.0139761762693524 -0.0575008802115917 0.1398046463727951
-0.0176704116165638 -0.0510671772062778 0.1469779759645462
-0.0088595058768987 -0.0518672540783882 0.1513079851865768
-0.0070869713090360 -0.0593675784766674 0.1426013112068176
-0.0687100440263748 0.1544694751501084 0.0941645875573158
-0.0917580574750900 0.1381692737340927 0.0831679105758667
-0.0866893902420997 0.1211020424962044 0.0712079033255577
-0.0697950422763824 0.0947685167193412 0.0554278865456581
-0.0787877216935157 0.0996681898832321 0.0586845576763153
-0.0647707059979438 0.0785013884305953 0.0456145443022251
-0.0637297034263610 0.0740345418453216 0.0474978797137737
-0.0683490484952926 0.0717345029115676 0.0473912134766578
-0.0669597089290618 0.0814346671104431 0.0476812124252319
-0.1428967565298080 0.1221686601638794 0.0580545552074909
-0.1508737504482269 0.1384358257055283 0.0580078884959220
-0.1350714266300201 0.1479025036096573 0.0672412291169166
-0.1255627423524857 0.1270021945238113 0.0665578991174697
-0.0095271728932857 -0.0726342871785163 0.1141712740063667
-0.0067236376926302 -0.0659340471029281 0.1198246181011200
-0.0099546732380986 -0.1459356397390366 0.1010412648320198
-0.0218886137008667 -0.0710341334342956 0.1100279390811920
-0.0240643490105867 -0.0646339878439903 0.1091512739658356
-0.0355840213596820 -0.0674675703048706 0.0985112637281417
-0.0058113033883273 -0.0631675720214843 0.1321579664945602
-0.0884963944554329 0.1613029986619949 0.0889379158616065
-0.0882747247815132 0.1116353571414948 0.0646412298083305
-0.0502356961369514 0.0789347290992736 0.0519712157547473
-0.0580607056617736 0.0786346197128295 0.0500078797340393
-0.1377494186162949 0.0896017998456955 0.0502478815615177
-0.1324034184217453 0.0915681943297386 0.0539478883147239
-0.1351854205131531 0.1102020293474197 0.0580012276768684
-0.1276650875806808 0.1006351113319397 0.0591312237083911
-0.1134554073214531 0.1440689414739609 0.0778112411499023
-0.1051050722599029 0.1248690113425255 0.0708512365818023
-0.1018607318401337 0.1141022294759750 0.0657245591282844
-0.0889670550823211 0.1026686429977417 0.0617212280631065
-0.0711930468678474 0.0891018286347389 0.0536445528268814
-0.0790510550141334 0.0942685455083847 0.0572878904640674
-0.1176997423171997 0.1137354895472527 0.0642512291669845
-0.1132090762257576 0.1033685281872749 0.0634112283587455
-0.0996154025197029 0.1044020727276802 0.0637078955769538
-0.0880827158689498 0.0973015204071998 0.0600412264466285
-0.1191537454724312 0.0911683887243270 0.0557578876614570
-0.1214054152369499 0.0953351259231567 0.0588578917086124
-0.1767621040344238 0.2627379596233368 -0.0199871845543384
-0.1510934382677078 0.2816377878189087 0.0043381708674132
-0.1448357552289963 0.2525377869606018 0.0276778619736433
-0.1708314418792724 0.2366373836994171 0.0011991679202765
-0.0984143987298011 0.0988019779324531 0.0619412288069725
-0.1097157374024391 0.0984352752566337 0.0617245621979236
-0.1246040835976601 0.2960046529769898 0.0216745212674140
-0.1190850809216500 0.2625044882297516 0.0472245477139949
-0.0992053970694542 0.3064718842506409 0.0350011996924877
-0.0706420466303825 0.2737045884132385 0.0707645714282989
-0.0945717319846153 0.2681045532226563 0.0611878931522369
-0.0748777166008949 0.3141385316848755 0.0437445417046546
-0.0502237007021904 0.3187385797500611 0.0501145496964454
-0.0250055827200412 0.3206719458103180 0.0547245517373085
-0.0235792491585016 0.2770381867885589 0.0808312445878982
-0.0472680330276489 0.2757045626640320 0.0775012448430061
-0.0464600287377834 0.2316705733537674 0.0892745852470398
-0.0484480299055576 0.1890032291412354 0.0985845997929573
-0.0723547115921974 0.1910367757081986 0.0934745892882347
-0.0693093761801719 0.2305703759193420 0.0846245810389518
-0.0943113937973976 0.1925367414951324 0.0813512504100799
-0.0919270664453506 0.2295704036951065 0.0770012438297271
-0.1140174120664597 0.2273705601692200 0.0641245618462562
-0.1151210740208626 0.1922366321086884 0.0694878995418548
-0.1358414143323898 0.1894365698099136 0.0581012219190597
-0.1381524205207825 0.2206703126430511 0.0470312125980854
-0.1597051024436951 0.1792695075273514 0.0400078706443309
-0.1654804348945618 0.2079366445541382 0.0228511895984411
-0.1865367889404297 0.1959364414215088 -0.0022721686400473
-0.1809807866811752 0.1692031174898148 0.0121945124119520
-0.1962857842445373 0.1589027494192124 -0.0098148426041007
-0.2020051330327988 0.1788030713796616 -0.0239351913332939
-0.0723273828625679 -0.2230370193719864 0.0568078868091106
-0.0559880398213863 -0.0512675791978836 0.1059246063232422
-0.0497090294957161 -0.0469004437327385 0.1190812811255455
-0.0574633702635765 -0.0556672513484954 0.0940479263663291
-0.0383506901562213 0.0487340390682220 0.0759345740079879
-0.0413040257990360 -0.0166336186230182 0.1216179579496384
-0.0411390252411365 -0.0242336411029100 0.1295446157455444
-0.0507653653621673 -0.0244335457682609 0.1103212758898735
-0.0421140268445015 -0.0356336571276187 0.1322346329689026
-0.0407650247216224 -0.0430673807859420 0.1314146220684052
-0.0368320234119892 -0.0477671548724174 0.1289446204900742
-0.1321207433938980 -0.0231670588254928 0.0569678917527198
-0.1090077385306358 -0.0168665889650583 0.0634645596146583
-0.1262024194002152 -0.0053333025425672 0.0539545565843582
-0.1229247525334358 0.0135334692895412 0.0488245487213134
-0.1197250783443451 0.0597342811524868 0.0497578829526901
-0.1343020796775818 0.0488011762499809 0.0425645411014556
-0.1254404038190842 0.0456674881279468 0.0467912144958972
-0.1319117546081543 0.0287340153008699 0.0424278751015663
-0.1854771226644516 -0.1203019917011261 -0.0095661757513880
-0.1692004501819611 -0.1253354400396347 0.0132878459990024
-0.1999591439962387 -0.1147019416093826 -0.0378708690404892
-0.2021104693412781 -0.0879681035876274 -0.0270945262163877
-0.1864677816629410 -0.0932344868779182 0.0012561678886413
-0.2133058011531830 0.0147002879530191 -0.0276701934635639
-0.2067034691572189 -0.0027997954748570 -0.0132418461143970
-0.1685554534196854 -0.0986346751451492 0.0249378569424152
-0.1322127431631088 -0.2436702996492386 -0.0291221942752599
-0.1544047743082046 -0.0249670874327421 0.0455245450139045
-0.1929277926683426 -0.0147333880886435 0.0089611755684018
-0.1746351122856140 -0.0229335874319076 0.0293311960995197
-0.0882977247238159 -0.0080000795423984 0.0669178962707519
-0.0487376973032951 -0.0179001372307539 0.1041479334235191
-0.0405703596770763 -0.0086999572813510 0.1145646125078201
-0.0131718423217535 0.0104338526725769 0.1380179673433304
-0.0236640479415655 0.0059670465998351 0.1321779489517212
-0.1417150944471359 0.0534007810056209 0.0379245355725288
-0.1603984385728836 0.0463343001902103 0.0217745210975408
-0.1476390957832336 0.0597342811524868 0.0330878645181655
-0.1756647825241089 0.0333341211080551 0.0135711804032325
-0.1461510956287384 -0.0058668451383709 0.0465945452451705
-0.2053001374006271 0.1079350337386131 -0.0239371899515390
-0.1967431157827377 0.1229021102190018 -0.0071505070663988
-0.1872707903385162 0.1359358876943588 0.0092678423970937
-0.1725037693977356 0.1464691758155823 0.0308411959558725
-0.1540057659149170 0.1563361734151840 0.0506478846073150
-0.1342090815305710 0.1631361097097397 0.0649178922176361
-0.1125997379422188 0.1640694737434387 0.0772079080343246
-0.0237428471446037 0.2320703417062759 0.0923612564802169
-0.0253825820982456 0.1874366551637650 0.0995412617921829
-0.0709003806114196 -0.1017683595418930 0.0858012512326240
-0.0650593712925910 -0.1173681840300560 0.0914245843887329
-0.0323984846472740 -0.0001330188097199 0.1241646260023117
-0.0552613697946071 -0.1360355764627457 0.0920012593269348
-0.0589640364050865 -0.1298017501831055 0.0929179191589355
-0.0455753616988658 -0.1345686912536621 0.0987512618303298
-0.0524413697421550 -0.1450689285993576 0.0821245834231376
-0.0420740284025669 -0.1448690295219421 0.0876245871186256
-0.0493246987462043 0.0657677128911018 0.0518378838896751
-0.0578737035393714 0.0554012134671211 0.0537912175059318
-0.0640253722667694 0.0630012378096580 0.0503578856587410
-0.0581830367445945 0.0695346370339393 0.0480412133038044
-0.0276824515312910 0.0616676136851310 0.0842879191040992
-0.0714040398597717 0.0140004102140665 0.0655978918075561
-0.0714820399880409 0.0022336528636515 0.0702612325549125
-0.0632443726062774 0.0789016634225845 0.0482478812336921
-0.2361018210649490 -0.0086999572813510 -0.1237649545073509
-0.2386364936828613 0.0180003065615892 -0.1236619576811791
-0.2347658276557922 0.0210338234901428 -0.0915582627058029
-0.0687723755836486 -0.0302670728415250 0.0750179067254066
-0.0403223559260368 -0.0749343261122703 0.0950445979833602
-0.0206904802471399 -0.0560675561428070 0.1254512816667557
-0.0303658209741115 -0.0546673014760017 0.1141446158289909
-0.1468517631292343 0.0742680132389068 0.0350978672504425
-0.1435654312372208 0.0708011612296104 0.0377578698098659
-0.1422807574272156 0.0868684202432632 0.0453478768467903
-0.1392540782690048 0.0668342933058738 0.0407745391130447
-0.1394460946321487 0.0843013450503349 0.0446145460009574
-0.1966854631900787 0.2408707588911057 -0.0439035445451736
-0.1913441270589828 0.2193036228418350 -0.0212618540972471
-0.1460514217615128 0.0844681486487388 0.0405045375227928
-0.1531834304332733 0.0866680145263671 0.0361178666353225
-0.1432660818099976 0.0822016820311546 0.0400345399975776
-0.0228741466999054 -0.3038381934165955 -0.0010735010728240
-0.0245345160365104 -0.3098380267620086 -0.0295138638466596
-0.0445023626089096 -0.2998713254928589 -0.0051811714656651
-0.0673727020621299 -0.2908379733562470 -0.0096355089917778
-0.0895723924040794 -0.2772045731544495 -0.0171978492289781
-0.0715537145733833 -0.2937046885490417 -0.0375188700854778
-0.0942010581493377 -0.2791709303855896 -0.0426442101597785
-0.0571697056293487 -0.0916679054498672 0.0906145870685577
-0.0472273640334606 -0.3044714331626892 -0.0334241986274719
-0.1393737494945526 0.0145670194178819 0.0430778749287128
-0.1636961102485657 -0.2190365940332413 -0.0827222466468811
-0.2123121321201324 -0.1076013892889023 -0.0662892311811447
-0.1921814531087876 0.0154673000797629 0.0052768387831747
-0.1687470972537994 0.0774678364396095 0.0135078467428684
-0.1674941033124924 0.0838013365864753 0.0193911865353584
-0.1559114307165146 0.0786015912890434 0.0270978603512048
-0.1550224274396896 0.0830012559890747 0.0308711975812912
-0.1483494192361832 0.0792012587189674 0.0342678688466548
-0.1484254300594330 0.0816345661878585 0.0360812023282051
-0.1450280994176865 0.0804016143083572 0.0361712016165256
-0.2206591516733170 -0.1039015948772430 -0.1062766015529632
-0.2154551446437836 0.0316673293709754 -0.0364272035658359
-0.1560201048851013 0.0748681947588920 0.0258945263922214
-0.1480880826711655 0.0769011899828910 0.0344411991536617
-0.1691761165857315 0.0710010305047035 0.0102745098993182
-0.1844671219587326 0.0639010146260261 -0.0048291715793311
-0.2007037997245788 0.0557008199393749 -0.0201768539845943
-0.0416960269212722 -0.0873678997159004 0.0988445952534675
-0.0606253743171691 -0.0411671139299869 0.0957379266619682
-0.0607430376112461 -0.0492004789412021 0.0928712561726570
-0.2271441519260406 0.0252671595662832 -0.0619518943130970
-0.2270008176565170 -0.0789677873253822 -0.1155712828040123
-0.2213341444730759 -0.1062016338109970 -0.1392423063516617
-0.2085391283035278 0.1976698487997055 -0.0429962091147899
-0.2139171361923218 0.2179038524627685 -0.0673595666885376
-0.2400404959917068 0.0144668184220790 -0.1584256589412689
-0.2373198121786117 -0.0142333805561065 -0.1602559834718704
-0.2269338220357895 -0.0787343606352806 -0.1516533046960831
-0.1682161092758179 -0.2163032293319702 -0.1147159412503243
-0.0256529152393341 -0.3136049807071686 -0.0525075532495975
-0.0501833632588386 -0.3072714805603027 -0.0570755563676357
-0.0739723816514015 -0.2964380681514740 -0.0630545541644096
-0.0966010615229606 -0.2815045714378357 -0.0683272331953048
-0.0756167173385620 -0.2996714711189270 -0.0853755846619606
-0.1000263988971710 -0.2829043269157410 -0.0935052558779716
-0.0517106987535953 -0.3116716444492340 -0.0786615759134292
-0.0269566513597965 -0.3189715743064881 -0.0735129043459892
-0.1212857514619827 -0.2623707354068756 -0.0735489055514335
-0.1173687428236008 -0.2621372938156128 -0.0469155460596084
-0.1474914252758026 -0.2405371069908142 -0.1091829463839531
-0.1245117485523224 -0.2629373669624329 -0.1019989326596260
-0.1047144010663033 -0.2585040926933289 -0.0019298352999612
-0.1120627447962761 -0.2612375020980835 -0.0247041899710893
-0.1388027518987656 -0.2439373284578324 -0.0510948859155178
-0.1436557620763779 -0.2420370727777481 -0.0787492394447326
-0.2074511349201202 0.1423690915107727 -0.0290778633207082
-0.2107421308755875 0.0898347645998001 -0.0363552011549472
-0.2145431339740753 0.1569028198719025 -0.0452528744935989
-0.2155561447143555 0.1231686398386955 -0.0470878779888153
-0.2216761410236359 0.0976016223430633 -0.0613262280821800
-0.2288191616535187 0.1038684993982315 -0.0812545791268348
-0.2233648151159286 0.1330020576715469 -0.0658155605196952
-0.2227021455764771 0.1724029481410980 -0.0660048946738243
-0.2313054800033569 0.1428024321794510 -0.0874632522463798
-0.2361871600151062 0.1099019274115563 -0.1046836078166962
-0.2286301553249359 0.1896034181118012 -0.0948135927319526
-0.2395228147506714 0.1524359881877899 -0.1172112822532654
-0.2430884987115860 0.1143021360039711 -0.1362559646368027
-0.2401265054941177 0.0463343001902103 -0.1207802891731262
-0.2355844974517822 0.0471674501895904 -0.0915832519531250
-0.2281214743852615 0.0480010919272899 -0.0654035657644271
-0.2418698370456696 0.0448674112558364 -0.1526589691638947
-0.2425508201122284 0.0776346772909164 -0.1460566371679306
-0.2408838272094727 0.0764347836375236 -0.1155869513750076
-0.2152851372957230 0.0686343535780906 -0.0435188747942447
-0.2158801406621933 0.0501673631370067 -0.0410022065043449
-0.2269541472196579 0.0717680752277374 -0.0678075626492500
-0.2343118190765381 0.0744348540902137 -0.0897112563252449
-0.1461700797080994 0.0788014605641365 0.0340845324099063
-0.0000003333335314 -0.1460353434085846 0.1023445948958397
0.2187564671039581 -0.0966347083449363 -0.0858599171042442
-0.2187644839286804 -0.0966347083449363 -0.0858485847711563
0.0658787041902542 0.0839346051216125 0.0502078831195831
0.0624687075614929 0.0882015451788902 0.0526678860187530
0.0573103725910186 0.0910351574420928 0.0534545518457889
0.0491057001054287 0.0989352464675903 0.0629078969359397
0.0507417023181915 0.1265352815389633 0.0878912508487701
0.0373880229890346 0.1304690539836884 0.0929845944046974
0.0238682478666305 0.1313688308000565 0.0956945940852165
0.0000064333376030 0.1326022893190384 0.0979845896363258
-0.0238555483520031 0.1314024031162262 0.0956979244947433
-0.0373753570020198 0.1305021196603775 0.0929879248142242
-0.0507296994328498 0.1265352815389633 0.0878912508487701
-0.0490963645279407 0.0989352464675903 0.0629112273454666
-0.0573017075657844 0.0910681933164596 0.0534578859806060
-0.0624603778123855 0.0882015451788902 0.0526712164282798
-0.0658707097172737 0.0839346051216125 0.0502112172544002
-0.0997533947229385 0.0672345981001854 0.0506445504724979
-0.0908623859286308 0.0681343823671340 0.0503212139010429
-0.1089747324585915 0.0654345378279686 0.0501912161707878
-0.1322064101696014 0.0674345046281814 0.0429145433008670
-0.1259420812129974 0.0664014592766761 0.0456578768789768
-0.0754100456833839 0.0699344500899314 0.0472512096166610
-0.0829777196049690 0.0683678537607193 0.0491978824138641
-0.0687363743782043 0.0738346427679061 0.0456912145018577
-0.0655583739280700 0.0757013410329818 0.0450778752565383
-0.1182167455554009 0.0657010823488235 0.0483378805220127
-0.1374837458133697 0.0696348398923873 0.0402545407414436
-0.1422204226255417 0.0725345909595489 0.0370112024247646
-0.1451637595891953 0.0755680724978447 0.0346411988139152
0.0908697247505188 0.0681343823671340 0.0503178797662258
0.0997603982686996 0.0672345981001854 0.0506412163376808
0.1089817360043526 0.0654345378279686 0.0501878820359706
0.1259490847587585 0.0664014592766761 0.0456512086093425
0.1322130709886551 0.0674345046281814 0.0429078750312328
0.0829850584268570 0.0683347880840301 0.0491912141442298
0.0754173845052719 0.0699344500899314 0.0472478829324245
0.0655657052993774 0.0757013410329818 0.0450745411217212
0.0687437057495117 0.0738346427679061 0.0456878803670406
0.1182237416505813 0.0657010823488235 0.0483345463871955
0.1374904215335846 0.0696348398923873 0.0402478724718093
0.1422274261713028 0.0725345909595489 0.0370012000203132
0.1451704353094101 0.0755680724978447 0.0346345305442810
0.1461767554283142 0.0788014605641365 0.0340745337307453
-0.1463247537612915 0.0775680392980575 0.0338711962103843
0.0423983596265316 -0.0590339042246341 0.1019712686538696
-0.0423950254917144 -0.0590339042246341 0.1019712686538696
0.0815397202968597 -0.1455689370632172 0.0578078925609588
0.0814977213740348 -0.1494024991989136 0.0579145587980747
0.0716640427708625 -0.1448690295219421 0.0596412271261215
0.0714173763990402 -0.1511689871549606 0.0624778978526592
0.0634290426969528 -0.1446686536073685 0.0628045573830604
0.0628557056188583 -0.1502020806074142 0.0651445612311363
0.0207914803177118 -0.1430354267358780 0.0822112485766410
0.0208555795252323 -0.1490021944046020 0.0860179141163826
0.0307901203632354 -0.1488689482212067 0.0819579139351844
0.0307124536484479 -0.1429687887430191 0.0783412382006645
0.0093861725181341 -0.1437688618898392 0.0849645808339119
0.0092426724731922 -0.1495357602834701 0.0890979170799255
-0.0000007000004416 -0.1440023481845856 0.0857979208230972
-0.0000007333338203 -0.1495022028684616 0.0900645926594734
0.0530040338635444 -0.1495688259601593 0.0708612352609634
0.0532063655555248 -0.1440353840589523 0.0681178942322731
0.0419250279664993 -0.1434357017278671 0.0729312375187873
0.0419033579528331 -0.1488353908061981 0.0759979039430618
0.0829423889517784 -0.1465022563934326 0.0594212263822555
-0.0815007165074348 -0.1494024991989136 0.0579178892076015
-0.0714203789830207 -0.1511689871549606 0.0624812282621860
-0.0716670453548431 -0.1448690295219421 0.0596445612609386
-0.0815427154302597 -0.1455353796482086 0.0578112229704856
-0.0628583729267120 -0.1502020806074142 0.0651478916406631
-0.0634317100048065 -0.1446686536073685 0.0628078952431678
-0.0207930449396371 -0.1430354267358780 0.0822145789861679
-0.0307142194360494 -0.1429687887430191 0.0783445686101913
-0.0307919867336750 -0.1488689482212067 0.0819579139351844
-0.0208572465926408 -0.1490021944046020 0.0860212519764900
-0.0092442054301500 -0.1495357602834701 0.0890979170799255
-0.0093876058235764 -0.1437688618898392 0.0849645808339119
-0.0530067011713981 -0.1495688259601593 0.0708645731210708
-0.0419053584337234 -0.1488353908061981 0.0760012418031692
-0.0419270247220993 -0.1434357017278671 0.0729312375187873
-0.0532087013125419 -0.1440353840589523 0.0681178942322731
-0.0829453840851783 -0.1465022563934326 0.0594245605170726
-0.1126687377691269 -0.0940015316009521 0.0658312290906906
-0.0985260680317878 -0.0739679411053657 0.0708145648241043
-0.0817217156291008 -0.0550009422004222 0.0720979049801826
-0.0658413767814636 -0.0374337211251258 0.0760278999805450
-0.0566940344870090 -0.0237000994384288 0.0871645808219909
-0.0475340299308300 -0.0111332638189196 0.0980945974588394
-0.0393276885151863 -0.0005999596905894 0.1083912700414658
-0.0313904210925102 0.0086002219468355 0.1174746155738831
-0.0229274481534957 0.0153670990839600 0.1252279430627823
-0.0129309082403779 0.0201004762202501 0.1309112906455994
0.0000046000031943 0.0227006170898675 0.1329912841320038
0.0129399085417389 0.0201004762202501 0.1309079527854919
0.0229358822107315 0.0153670990839600 0.1252246201038361
0.0313981510698795 0.0086002219468355 0.1174746155738831
0.0393343567848205 -0.0005999596905894 0.1083879396319389
0.0475396960973739 -0.0111332638189196 0.0980945974588394
0.0566987060010433 -0.0237000994384288 0.0871612504124641
0.0658447071909904 -0.0374337211251258 0.0760245770215988
0.0817237198352813 -0.0550009422004222 0.0720912367105484
0.0985274016857147 -0.0739679411053657 0.0708112344145774
0.1126687377691269 -0.0940015316009521 0.0658245608210563
0.1295267343521118 -0.1369689255952835 0.0480178780853748
0.1313410699367523 -0.1577359735965729 0.0402178727090358
0.1295310854911804 -0.1773692518472671 0.0332011990249156
0.1119430735707283 -0.2100698798894882 0.0291745290160179
0.0987877324223518 -0.2261035740375519 0.0340778678655624
0.0851757228374481 -0.2434037476778030 0.0404845401644706
0.0688377097249031 -0.2599704861640930 0.0494478829205036
0.0509127005934715 -0.2690043747425079 0.0586545579135418
0.0322530865669250 -0.2730709016323090 0.0646912306547164
0.0155186438933014 -0.2743709385395050 0.0677345693111419
-0.0000043666691453 -0.2745377719402313 0.0690012350678443
-0.0155274430289864 -0.2743709385395050 0.0677345693111419
-0.0322619527578353 -0.2730709016323090 0.0646945610642433
-0.0509217008948326 -0.2690043747425079 0.0586578920483589
-0.0688467025756836 -0.2599704861640930 0.0494512170553207
-0.0851843878626823 -0.2434037476778030 0.0404878742992878
-0.0987960696220398 -0.2261035740375519 0.0340845324099063
-0.1119504049420357 -0.2100698798894882 0.0291811954230070
-0.1295367479324341 -0.1773362159729004 0.0332078635692596
-0.1313454210758209 -0.1577359735965729 0.0402245409786701
-0.1295297443866730 -0.1369689255952835 0.0480245463550090
-0.1386387497186661 -0.0713011622428894 0.0569645576179027
-0.1104590743780136 -0.0512340143322944 0.0693479031324386
-0.0885443910956382 -0.0350339822471141 0.0724512413144111
-0.0705890432000160 -0.0209000557661056 0.0746178999543190
-0.0575880408287048 -0.0076333400793373 0.0813212469220161
-0.0474686957895755 0.0054334709420800 0.0900179222226142
-0.0385253578424453 0.0165669843554496 0.0981679260730743
-0.0304252207279205 0.0255672633647918 0.1061579436063767
-0.0224455818533897 0.0325671099126338 0.1135246157646179
-0.0126316407695412 0.0372007489204406 0.1194412857294083
0.0000047333364818 0.0394341535866260 0.1214879527688026
0.1386394202709198 -0.0713011622428894 0.0569578893482685
0.1104614064097404 -0.0512675791978836 0.0693412348628044
0.0885477215051650 -0.0350339822471141 0.0724479034543037
0.0705930441617965 -0.0209000557661056 0.0746145695447921
0.0575930364429950 -0.0076333400793373 0.0813179090619087
0.0474746972322464 0.0054334709420800 0.0900145843625068
0.0385326892137527 0.0165669843554496 0.0981645956635475
0.0304332207888364 0.0255672633647918 0.1061579436063767
0.0224542804062366 0.0325671099126338 0.1135212853550911
0.0126408748328685 0.0372007489204406 0.1194412857294083
0.1490824222564697 -0.1033349558711052 0.0431678742170333
0.1533861011266708 -0.1299355030059814 0.0302211958914995
0.1531977653503418 -0.1549359261989594 0.0199978519231081
0.1490554362535477 -0.1782028973102570 0.0122511787340045
0.1284704059362412 -0.2171699404716492 0.0076521742157638
0.1138384044170380 -0.2364370226860046 0.0115378443151712
0.0975103899836540 -0.2545042037963867 0.0178678501397371
0.0785980448126793 -0.2716044783592224 0.0261478591710329
0.0585877038538455 -0.2836713194847107 0.0337945297360420
0.0377263575792312 -0.2912713587284088 0.0388345383107662
0.0177307110279798 -0.2940713763237000 0.0419045425951480
-0.0000055333366617 -0.2945047318935395 0.0424078740179538
-0.0177417788654565 -0.2940713763237000 0.0419045425951480
-0.0377373583614826 -0.2912713587284088 0.0388378724455833
-0.0585987046360969 -0.2836713194847107 0.0337978638708591
-0.0786090493202209 -0.2716044783592224 0.0261511914432048
-0.0975207313895225 -0.2544706165790558 0.0178745165467262
-0.1138480752706528 -0.2364034205675125 0.0115445107221603
-0.1284794062376022 -0.2171699404716492 0.0076588410884141
-0.1490624248981476 -0.1782028973102570 0.0122578451409936
-0.1532030850648880 -0.1549359261989594 0.0200045201927423
-0.1533897519111633 -0.1299355030059814 0.0302311964333057
-0.1490840911865234 -0.1033349558711052 0.0431745424866676
-0.1823857873678207 -0.0449004769325256 0.0199878532439470
-0.2013321220874786 -0.0375339202582836 -0.0070881736464798
-0.2334964871406555 -0.0366336405277252 -0.1571309864521027
-0.2328324913978577 -0.0328672118484973 -0.1213372871279717
-0.2188218086957932 -0.0248668864369392 -0.0412958748638629
-0.2287158221006393 -0.0295336283743381 -0.0841575786471366
-0.1615297645330429 -0.0486338697373867 0.0418445393443107
0.2013311237096787 -0.0375339202582836 -0.0070985071361064
0.1823857873678207 -0.0449004769325256 0.0199778527021408
0.2287114858627319 -0.0295336283743381 -0.0841692462563514
0.2188201397657395 -0.0248668864369392 -0.0413072071969509
0.2328261435031891 -0.0328672118484973 -0.1213492900133133
0.2334878295660019 -0.0366336405277252 -0.1571426540613174
0.1615307778120041 -0.0486338697373867 0.0418345406651496
-0.1371774226427078 -0.0450673103332519 0.0583912245929241
0.1371794044971466 -0.0450673103332519 0.0583845600485801
-0.0891683921217918 -0.0221004411578178 0.0706612318754196
-0.0712723806500434 -0.0102334823459386 0.0737012401223182
-0.1115890741348267 -0.0340334996581077 0.0673245638608932
-0.0478206984698772 0.0144668184220790 0.0865645855665206
-0.0581720359623432 0.0023999887052923 0.0794512405991554
-0.0386116914451122 0.0249340198934078 0.0934145897626876
-0.0301996860653162 0.0349007137119770 0.1002712696790695
-0.0221566148102283 0.0421009324491024 0.1070812717080116
-0.0121820084750652 0.0470341779291629 0.1127812787890434
0.0000048000033530 0.0482009984552860 0.1151679456233978
0.0712770447134971 -0.0102334823459386 0.0736979097127914
0.0891723856329918 -0.0221004411578178 0.0706579014658927
0.0581773705780506 0.0023999887052923 0.0794479101896286
0.1115920692682266 -0.0340334996581077 0.0673178955912590
0.0302078519016504 0.0349007137119770 0.1002679318189621
0.0386190265417099 0.0249340198934078 0.0934112593531608
0.0221654810011386 0.0421009324491024 0.1070779412984848
0.0121914073824882 0.0470341779291629 0.1127812787890434
0.0478270314633846 0.0144668184220790 0.0865645855665206
0.1860614567995071 -0.0660006776452064 0.0107311774045229
0.2032844573259354 -0.0614341795444488 -0.0186471845954656
0.1662760972976684 -0.0703342482447624 0.0350045338273048
0.1131870746612549 -0.1203686371445656 0.0621012263000011
0.1230530813336372 -0.1155681237578392 0.0575778894126415
0.1342797428369522 -0.1097351312637329 0.0518512167036533
-0.2032871246337891 -0.0614005774259567 -0.0186368506401777
-0.1860627830028534 -0.0660006776452064 0.0107411770150065
-0.2159464806318283 -0.0565339662134647 -0.0503482148051261
-0.1662767678499222 -0.0703011825680732 0.0350112020969390
-0.1049377322196960 -0.1248354688286781 0.0659312307834625
-0.1131884083151817 -0.1203686371445656 0.0621078945696353
-0.1230544075369835 -0.1155681237578392 0.0575845576822757
-0.1342810839414596 -0.1097351312637329 0.0518578849732875
-0.2301128208637237 -0.0568340718746185 -0.1545209735631943
-0.2296644747257233 -0.0556342191994190 -0.1193686127662659
-0.2252184748649597 -0.0549343079328537 -0.0850235819816589
0.2159421443939209 -0.0565675310790538 -0.0503592155873775
0.2252124845981598 -0.0549343079328537 -0.0850352495908737
0.2296568155288696 -0.0556672513484954 -0.1193802803754807
0.2301034778356552 -0.0568676367402076 -0.1545326411724091
0.1049360707402229 -0.1248685047030449 0.0659245625138282
-0.0920893922448158 -0.1335351467132568 0.0700812339782714
-0.0978927314281463 -0.1292351335287094 0.0687412321567535
-0.0828653872013092 -0.1406687200069428 0.0697612315416336
-0.0872790589928627 -0.1373356729745865 0.0704945698380470
0.0872770547866821 -0.1373356729745865 0.0704912319779396
0.0828633829951286 -0.1406687200069428 0.0697579011321067
0.0920873880386352 -0.1335351467132568 0.0700778961181640
0.0978910624980926 -0.1292351335287094 0.0687345713376998
0.1861581206321716 -0.1903028339147568 -0.1186436191201210
0.1815221160650253 -0.1940697580575943 -0.0850479155778884
0.1742197871208191 -0.1984699517488480 -0.0558202229440212
0.1650707721710205 -0.2001362591981888 -0.0317731946706771
0.1531150937080383 -0.1998366862535477 -0.0106068439781665
0.1408024281263352 -0.1984028369188309 0.0079311747103929
0.1315520703792572 -0.1966032683849335 0.0197278521955013
0.1226417496800423 -0.1941694468259812 0.0290578622370958
0.1139684095978737 -0.1903694570064545 0.0371211990714073
0.1059700697660446 -0.1849362105131149 0.0438878759741783
0.0983383953571319 -0.1778361946344376 0.0498612150549888
0.0909667313098907 -0.1692356914281845 0.0546878874301910
0.0851303860545158 -0.1601692587137222 0.0590978935360908
0.0810730457305908 -0.1537355631589890 0.0616012290120124
0.0789870545268058 -0.1485022157430649 0.0646645575761795
0.0778967142105102 -0.1454020887613297 0.0641112253069877
0.0773203894495964 -0.1505687832832336 0.0598945580422878
0.0776003822684288 -0.1450022906064987 0.0580445602536201
0.0779913812875747 -0.1453354656696320 0.0651845633983612
0.0799370482563972 -0.1435354053974152 0.0679545626044273
-0.1861721128225326 -0.1903028339147568 -0.1186339557170868
-0.1815347820520401 -0.1940697580575943 -0.0850385874509811
-0.1742311120033264 -0.1984363943338394 -0.0558115541934967
-0.1650807857513428 -0.2001031786203384 -0.0317645296454429
-0.1531240940093994 -0.1998030841350556 -0.0105991773307323
-0.1408107578754425 -0.1983697563409805 0.0079381735995411
-0.1315594166517258 -0.1966032683849335 0.0197345186024904
-0.1226487457752228 -0.1941363960504532 0.0290645286440849
-0.1139747425913811 -0.1903363913297653 0.0371278673410415
-0.1059754043817520 -0.1849362105131149 0.0438945442438125
-0.0983433946967125 -0.1778361946344376 0.0498645491898059
-0.0909710600972175 -0.1692356914281845 0.0546912215650081
-0.0851337164640426 -0.1601692587137222 0.0591012276709079
-0.0810763835906982 -0.1537355631589890 0.0616045594215393
-0.0789897143840789 -0.1485022157430649 0.0646678954362869
-0.0778993889689445 -0.1454020887613297 0.0641145631670951
-0.0773233845829963 -0.1505687832832336 0.0598978921771049
-0.0776030495762825 -0.1450022906064987 0.0580478943884372
-0.0779940485954284 -0.1453354656696320 0.0651878938078880
-0.0799393802881240 -0.1435354053974152 0.0679578930139541
