227
1343
1343
227
661
661
661
1343
227
328
227
328
223
223
328
289
501
289
289
98
98
98
289
456
456
456
223
1310
1310
98
410
103
785
303
115
115
103
84
84
84
115
103
311
311
99
99
311
99
137
137
137
404
404
436
436
404
436
1082
1082
1082
103
1310
1310
455
302
302
455
990
990
1067
302
455
1347
1347
1347
1347
1347
1347
1347
1347
1347
1067
301
1067
301
169
169
1067
301
1347
1347
1347
169
1347
1347
1347
1347
1347
1347
1347
1347
1347
1347
1347
1347
1347
1347
1347
1347
1347
1347
1347
1347
1347
1347
1347
1347
1118
168
168
1118
168
168
192
192
192
332
332
331
331
332
332
331
331
448
30
268
484
30
268
428
428
484
484
432
432
296
296
1156
445
440
440
447
1347
1347
1347
1347
1347
1347
1347
1347
1347
1347
1118
1118
116
1118
116
116
116
116
116
1347
1347
1347
1347
1347
1347
1347
1347
994
376
1347
1347
1347
1347
1347
1347
1347
1347
1347
1347
1347
1347
1347
1347
1347
1347
1347
1118
1347
1347
1347
1347
1347
1347
1347
1347
1347
1347
1347
1347
1347
1347
1347
1347
1347
1347
1347
1347
1347
1347
1347
1347
1347
1347
1347
1347
1347
1347
1347
1347
1347
1347
1347
1347
1347
1347
1347
1347
1347
1347
1347
1347
1347
356
164
164
356
448
448
448
448
376
448
376
376
376
448
331
331
448
356
1118
164
164
356
1118
116
448
376
1347
1347
1347
1347
1347
1347
1347
1347
1347
1347
1347
150
150
150
150
149
365
149
365
310
310
1347
1347
1347
1347
1347
1347
1347
1347
332
332
279
332
332
332
1347
332
332
1347
1347
1347
1347
1347
1347
1347
1347
1347
1347
1347
1347
1347
1347
1347
1347
1347
1347
1347
1347
1347
1347
1347
1347
1347
1347
1347
1347
1347
1347
1347
1347
1347
1347
457
457
261
994
994
994
1283
1247
1247
1283
1247
1247
375
428
428
375
277
277
277
277
1347
1347
1347
1347
1347
1347
1347
1347
1347
1347
1347
1347
1347
1347
1347
1347
1347
1347
1347
1347
1347
1347
1347
1347
1347
1347
1347
1347
1347
1347
1347
1347
1347
1347
1347
1347
1347
1347
1347
1347
1347
1347
1347
1347
1347
1347
1347
1347
1347
1347
1347
1347
1347
1347
1347
1347
1347
1347
1347
1347
1347
1347
1347
1347
1347
1347
1347
1347
1347
1347
1347
1347
1347
1347
1347
1347
1347
1347
1347
1347
1347
1347
1347
1347
446
446
295
279
332
279
279
1244
1216
1216
1244
1124
1284
1314
1075
1064
1068
1185
1187
1188
988
186
1046
639
355
236
205
197
197
229
280
325
379
1069
215
82
199
247
450
1032
188
157
158
1059
285
637
182
213
222
342
194
341
341
222
343
461
74
72
461
54
19
19
72
461
430
430
20
334
481
20
411
411
471
421
57
18
18
421
1151
253
1056
330
238
233
61
1313
470
72
19
407
461
1313
470
89
470
407
407
259
327
327
259
327
327
327
327
259
404
404
436
436
137
137
695
695
736
736
449
473
760
483
477
473
760
449
438
1137
477
170
389
1137
392
879
1318
1306
171
1306
250
242
1044
1044
250
242
661
1343
1343
661
227
242
253
373
258
373
230
230
174
174
196
155
173
173
196
196
155
1135
1246
1246
1135
1252
1252
1181
1175
1173
219
218
218
219
163
163
556
1237
350
186
1068
1314
189
165
165
287
893
165
1326
875
1326
357
875
1326
383
1279
1210
1210
357
357
1210
357
1326
708
708
255
255
413
1197
467
468
0
183
183
1137
49
183
183
53
53
53
449
1244
1204
880
1204
880
880
880
876
876
875
877
876
880
881
1204
1244
1244
1204
1204
880
876
1315
474
662
1320
16
1220
284
344
1290
22
4
1259
23
4
338
338
338
336
363
86
210
336
1085
875
875
1047
1047
1085
1047
1085
1085
245
245
245
245
293
56
1307
56
56
879
212
109
109
417
1144
1061
381
417
417
1272
1144
1144
1272
299
299
1334
76
416
66
76
416
113
113
1194
62
106
1339
1339
319
141
141
1339
1317
80
1143
1317
1189
1317
321
107
107
81
81
486
1336
322
125
125
64
64
47
388
123
385
361
112
391
112
1308
1308
1227
1192
1227
1202
1190
1186
1202
522
62
546
546
1136
152
152
152
152
1143
1143
148
139
38
38
139
166
286
286
234
249
286
166
167
139
297
24
117
489
492
491
324
324
452
489
193
24
24
24
177
491
318
96
96
318
124
1225
71
369
1100
460
431
1066
83
324
1042
316
409
66
1334
1194
354
1052
1334
479
479
479
430
33
1316
243
198
267
267
351
1078
0
340
1154
475
1203
1196
1214
898
1214
1193
437
443
1156
437
443
124
261
1124
271
271
841
273
275
841
1213
1213
1193
291
502
502
462
2
1299
394
1248
1133
1303
5
5
17
5
246
1248
43
282
35
419
475
33
1316
1316
1316
33
412
430
305
9
9
305
1311
283
1311
283
633
1280
1280
633
987
987
1132
1287
35
35
305
9
10
1310
1307
309
309
1307
374
433
1311
58
120
451
206
206
451
1001
207
399
399
1229
1229
1139
551
551
136
136
597
136
1311
283
34
333
333
1135
333
219
368
429
490
266
368
429
485
182
172
182
188
1049
1049
1342
85
1288
97
97
85
193
193
193
193
177
177
148
148
38
400
234
234
240
193
878
193
60
400
60
998
878
226
892
892
226
244
892
892
1143
1143
80
80
329
329
414
965
270
270
971
971
1189
1189
486
984
1336
486
1072
322
1072
974
974
967
960
976
984
984
976
354
77
77
354
77
77
272
278
278
272
1055
270
278
272
3
272
3
12
1092
978
978
982
981
981
403
968
962
962
961
961
980
980
963
333
152
200
132
1198
317
425
122
317
1027
122
153
1152
144
315
1017
425
315
1017
1027
145
442
151
241
241
1074
353
175
426
1080
266
1208
1074
1074
241
1074
161
187
187
1027
293
153
425
1027
161
161
210
210
210
1208
266
172
485
343
241
241
61
1040
1040
1040
1094
251
230
251
101
89
85
97
358
100
118
989
118
989
1309
26
1309
26
89
101
100
101
100
1082
358
84
1050
120
1050
1062
1062
242
1062
207
441
207
441
294
294
1063
1341
1346
420
303
1346
577
619
420
1001
1001
311
99
311
99
68
68
39
73
1082
1082
84
84
328
328
1062
227
456
289
456
289
98
501
223
223
785
785
103
103
815
576
103
103
103
103
103
115
73
1223
11
68
963
958
963
958
969
969
953
965
414
969
943
3
947
12
949
949
27
964
27
998
998
704
704
713
713
1002
1002
1002
178
239
239
239
1092
985
959
959
970
970
979
979
339
967
960
967
960
980
980
945
945
948
948
224
224
191
252
191
142
191
79
992
992
460
462
406
83
855
528
391
842
245
56
246
246
58
388
388
13
13
886
55
1206
1206
1206
14
1226
886
1199
14
393
14
393
1205
1205
1183
1136
546
545
547
547
1040
1040
251
251
252
79
252
1017
1017
1017
1095
1017
1017
251
251
251
1095
1095
1095
1095
1095
1095
1095
1095
68
1335
127
405
91
104
398
90
44
510
510
105
1210
1210
114
114
114
114
509
499
498
67
499
140
65
459
181
395
459
1059
188
637
188
707
212
335
335
434
228
434
1277
1277
351
1275
1275
1275
1139
418
380
968
961
980
963
963
963
403
403
403
80
980
980
980
980
266
293
293
293
293
153
153
396
396
396
393
550
619
577
409
313
337
339
339
1334
1334
76
76
361
391
391
23
17
16
17
2
178
497
203
497
177
491
497
128
491
491
128
128
324
1042
492
504
190
366
190
220
329
226
226
269
263
263
269
1055
1055
264
264
263
269
254
1055
371
156
369
71
1100
291
1191
1191
366
366
290
290
287
290
189
189
189
1041
189
1041
1041
402
1041
257
402
244
402
202
202
893
893
202
237
256
237
256
257
237
257
29
1212
1207
1218
385
123
141
141
321
125
321
381
381
1061
1101
225
306
1187
1185
1188
220
220
216
220
372
372
372
372
274
274
248
274
94
248
249
306
370
370
991
1272
167
1101
225
216
217
240
240
240
240
25
25
492
985
235
235
214
214
298
313
840
1230
1242
1228
478
195
1037
217
380
1204
1204
1244
437
1191
1272
1204
453
1086
119
1085
1074
1085
336
1081
1070
1081
1081
327
1070
121
93
180
154
1050
120
206
390
390
451
120
410
410
59
620
620
11
26
303
1309
1288
1342
54
74
1151
1347
1347
1347
1347
1347
1347
1347
1347
1347
1347
1347
1347
1347
1347
1347
1347
1347
1347
1347
1347
1347
1347
1347
1347
1347
1347
1244
1347
1347
1283
1216
1204
880
1347
1347
1347
1347
1347
1347
1347
1347
1347
1347
1347
1347
1347
1347
332
332
332
332
1347
1347
1347
332
332
1347
1347
1347
1347
1347
1347
1247
1247
1283
1283
1247
1283
1283
1283
1283
1247
1283
1283
1283
1283
1283
1283
1283
277
277
277
277
277
277
277
277
277
1247
1247
1247
1283
1283
1283
1247
1283
1247
1247
1247
1247
1247
1247
1247
1247
1247
1247
1247
1247
1347
1347
1347
1347
1347
1347
1347
1347
1347
279
279
277
279
277
277
1247
1347
1247
1247
1347
1347
1283
1283
1283
1283
1283
1283
1247
1247
1283
1247
1247
1247
1247
1347
279
1347
1347
1347
279
1347
1347
1347
1347
1347
1347
1347
1283
279
1347
1347
279
1347
1347
1347
1347
1347
1347
1347
1347
1347
1347
1347
1347
1347
1347
1283
1347
1347
1283
1283
1283
1244
1216
1216
1216
1216
1216
1283
1216
1216
1283
1283
1283
1283
1283
1283
1283
1283
1283
1283
1283
1283
1283
1283
1283
1283
1216
1216
1283
1244
1216
1283
1283
1283
1283
1247
1283
1247
1247
1247
277
277
277
277
277
1247
1247
277
277
277
277
279
277
277
279
279
279
279
279
279
279
279
279
279
279
279
279
279
1247
1247
277
277
277
277
277
1247
1247
1247
1247
277
277
279
279
277
277
277
277
277
277
277
277
279
279
279
1347
1347
1347
1347
1347
1283
1283
1216
1216
1244
1244
1244
1244
1244
1244
1244
1244
1247
1247
1247
1247
277
277
277
1347
1347
1347
1347
1347
1347
1347
1347
1347
1347
1283
1283
277
277
277
277
1247
279
277
279
277
279
279
279
279
279
279
279
279
279
279
279
279
332
1347
332
1347
1347
1347
1347
1347
1347
1283
1347
1244
1244
1216
1216
1283
1283
1283
1283
279
279
332
279
1247
1247
1283
1247
1247
1247
1283
1247
1283
1283
1283
1283
1216
1216
1216
1244
1244
1244
1244
279
279
279
279
1216
1216
1247
279
279
1216
1283
1216
1347
1347
1347
1347
224
224
258
647
224
230
1347
1347
259
327
1050
1050
1310
245
23
1199
58
304
281
861
1079
79
79
1095
293
162
1079
1079
142
476
162
162
476
399
209
1047
153
326
326
314
326
176
314
336
1347
1347
1347
1347
1347
1347
1347
1347
1347
1347
1347
1347
1347
1347
1347
1347
1347
1347
1347
1347
1347
1347
1347
1347
1347
1347
1347
1347
1347
1347
1347
1347
1347
1347
1347
1347
1347
1347
1347
1347
1347
1347
1347
1347
1347
1347
1347
1347
1347
1347
44
300
1155
92
300
104
105
510
92
1347
1347
1347
1347
1347
1347
1347
1347
1347
1347
1347
1347
1347
1347
1347
1347
1347
1347
1347
1347
1347
1347
1347
1347
1347
1347
1347
1347
1347
1347
1347
1347
1347
1347
1347
1347
1347
1347
1347
1347
1347
1347
1347
1347
1347
1347
1089
127
300
1347
1347
1347
1347
1347
1347
1347
1347
1347
1347
1347
1347
1347
1347
1347
1347
1347
1210
1347
1347
1347
1347
1347
1347
1326
1347
1347
1347
1347
1347
1347
1347
1347
1347
1347
1347
1347
1347
1347
1347
1347
1347
1347
1347
1347
1347
1347
1347
1347
1347
1347
1347
1347
1347
1347
1347
1347
1347
357
1210
114
114
1347
1347
1089
1089
1089
127
1326
1089
1089
495
1089
1347
1347
1347
1347
1347
1347
1347
1347
1347
1347
1347
1347
1347
1347
1347
1347
1347
1347
1347
1347
1347
1347
1347
1347
1347
1347
1347
1347
1347
1347
1347
1347
1347
1347
1347
1347
1347
1347
1347
1347
1347
1347
1347
1347
1347
1347
1347
1347
1347
1347
1347
1347
1347
1347
1347
1347
1347
1347
1347
1347
1347
1347
1347
1347
1347
1347
1347
1347
1347
1347
1347
1347
1347
1347
1347
1347
1347
1347
1347
1078
434
386
386
184
415
140
140
1065
495
494
127
127
127
127
300
1155
44
92
92
1347
1347
1347
1347
1347
1347
1347
1347
1347
1347
104
105
1347
1347
1347
1347
1347
1347
1347
1347
1347
1347
231
382
382
231
383
1089
127
127
102
105
105
300
300
105
1157
404
99
99
99
99
99
1089
300
114
114
1089
300
300
105
104
105
56
56
1311
1311
1347
474
1315
474
1311
1307
1307
1311
309
1311
1311
1347
1347
1347
1347
877
1228
309
476
476
309
476
476
162
309
433
162
1347
1347
1347
1347
1347
1347
162
1347
1347
162
162
162
1079
162
1079
1079
162
1079
155
196
142
121
875
876
1347
1347
876
1347
1347
1347
1347
1347
1347
1347
1347
1347
1347
1347
1326
1347
1347
1347
1347
1347
1347
1347
1347
328
223
328
328
227
227
10
304
10
10
34
34
16
305
10
1343
661
1343
661
661
661
1343
661
456
456
456
223
456
456
328
328
10
410
10
227
661
227
875
876
875
875
875
875
314
227
661
661
661
326
374
304
433
34
34
16
1315
474
1315
474
1228
1320
877
478
357
357
1210
357
114
114
114
1210
357
1347
1347
1347
1347
1347
1347
1347
1347
1347
1347
289
456
501
289
59
1326
1326
357
195
1320
1320
195
662
662
1220
1220
1
1
2
2
1310
1310
1310
1310
284
181
181
231
383
383
419
480
633
419
419
467
114
114
357
357
137
99
404
404
436
99
1309
1288
99
1309
137
137
137
99
311
303
303
35
1211
75
357
357
75
357
357
26
633
26
1287
1287
419
1
1220
1220
468
662
662
284
467
1134
344
344
344
75
75
404
436
436
404
436
404
2
1134
1
1287
110
84
311
1082
99
137
436
404
195
1037
1326
1037
1326
1326
1326
1320
662
1220
344
284
357
1326
1326
467
1132
633
633
633
1280
1309
436
99
404
875
875
99
99
99
311
633
874
874
874
877
1347
1347
1347
1347
357
357
357
1210
114
1287
1132
419
419
1134
1347
1347
1347
1347
1347
1347
1347
1347
1347
1347
1347
1347
1347
1347
1089
1089
114
1347
1347
1089
1089
300
300
300
104
105
104
105
1153
357
357
114
114
1347
1347
357
1347
1347
1347
197
205
1165
1165
912
912
1165
912
661
661
661
1165
739
739
742
742
739
1120
1120
1120
606
730
1120
592
592
592
730
730
742
1340
1319
592
1340
130
601
897
601
578
578
601
578
784
784
784
599
1231
1231
599
869
869
869
1231
599
404
1233
1233
404
1233
404
580
580
580
1340
601
1340
455
455
927
927
455
927
672
671
671
1347
1347
1347
1347
1347
1347
1347
1347
1347
717
672
169
169
717
672
717
672
169
1347
1347
1347
1347
1347
1347
1347
1347
1347
1347
1347
1347
1347
1347
1347
1347
1347
1347
1347
1347
1347
1347
1347
1347
1347
1347
1347
666
666
667
667
726
726
726
667
667
920
843
843
920
843
843
843
920
920
1033
1033
973
1178
973
973
848
848
1178
1239
836
836
1239
838
829
829
825
894
1347
1347
1347
1347
1347
1347
1347
1347
1347
1347
666
666
665
666
665
665
665
665
665
1347
1347
1347
1347
1347
1347
1347
1347
1347
1347
839
758
1347
1347
1347
1347
1347
1347
1347
1347
1347
1347
1347
1347
666
1347
1347
1347
1347
1347
1347
1347
1347
1347
1347
1347
1347
1347
1347
1347
1347
1347
1347
1347
1347
1347
1347
1347
1347
1347
1347
1347
1347
1347
1347
1347
1347
1347
1347
1347
1347
1347
1347
1347
1347
1347
1347
1347
1347
1347
1347
1347
1347
835
835
669
669
843
1347
839
839
839
839
839
839
839
843
843
843
1347
666
835
835
669
669
666
665
839
839
1347
1347
1347
1347
1347
1347
1347
1347
1347
1347
1347
780
780
780
780
668
673
668
673
691
691
1347
1347
1347
1347
1347
1347
1347
1347
920
920
920
920
920
849
920
1347
920
1347
1347
1347
1347
1347
1347
1347
1347
1347
1347
1347
1347
1347
1347
1347
1347
1347
1347
1347
1347
1347
1347
1347
1347
1347
1347
1347
1347
1347
1347
1347
1347
1347
1347
871
871
684
758
758
758
1222
1222
972
972
846
972
972
848
848
846
1217
1217
1217
1217
1347
1347
1347
1347
1347
1347
1347
1347
1347
1347
1347
1347
1347
1347
1347
1347
1347
1347
1347
1347
1347
1347
1347
1347
1347
1347
1347
1347
1347
1347
1347
1347
1347
1347
1347
1347
1347
1347
1347
1347
1347
1347
1347
1347
1347
1347
1347
1347
1347
1347
1347
1347
1347
1347
1347
1347
1347
1347
1347
1347
1347
1347
1347
1347
1347
1347
1347
1347
1347
1347
1347
1347
1347
1347
1347
1347
1347
1347
1347
1347
1347
1347
1347
1347
1125
1125
845
920
849
849
849
1201
1201
1182
1182
1236
1195
1314
728
781
1075
676
926
1168
911
895
858
811
618
634
634
609
622
725
740
201
1026
617
1119
623
808
1176
817
859
787
1071
859
555
535
555
559
559
536
806
143
532
806
532
533
950
950
762
762
866
1328
747
899
1150
559
555
558
558
1150
558
568
646
646
646
646
646
646
1233
1233
869
869
763
482
482
763
160
159
160
159
1285
1271
1285
70
52
1306
69
765
629
129
629
129
912
912
629
1165
645
1123
645
645
1331
155
196
1331
628
628
307
307
312
312
32
1180
701
701
444
444
1177
31
728
676
1314
613
864
632
632
632
638
1148
111
1148
1241
819
821
1099
1148
1241
819
819
111
111
1148
111
463
1107
1107
463
526
349
521
427
364
511
511
511
511
488
1285
126
159
126
126
1201
1276
1221
1276
1221
1221
1221
889
889
1241
888
890
1221
889
1276
1201
1276
1276
1201
889
1221
1250
685
1142
1264
696
487
1240
1281
1266
1245
1258
946
1258
516
699
735
699
699
596
735
720
694
693
1241
1241
595
595
596
595
596
596
1345
1345
1345
1345
554
554
565
554
809
765
466
683
1012
1021
675
677
1021
1021
714
653
1012
683
677
674
674
575
913
770
1104
581
1302
1302
770
1104
681
570
570
1113
1016
570
582
574
573
733
1015
1016
1030
1019
582
563
593
593
563
856
856
598
734
572
884
553
552
884
793
583
783
706
931
931
783
807
810
1127
810
1129
924
925
1128
1127
308
1126
1126
681
612
612
612
612
1030
1030
805
789
789
822
624
847
847
635
822
644
1330
635
847
614
822
776
590
587
792
587
791
585
585
589
790
776
776
776
589
607
956
956
678
678
715
705
928
1013
692
1093
710
584
923
775
774
586
585
575
913
575
686
852
581
512
806
512
512
514
131
42
544
469
716
788
788
1109
526
1110
534
531
1170
1164
1234
709
1234
830
907
830
907
894
684
692
1195
918
748
918
1029
1035
1184
748
1164
1184
844
1116
588
588
1312
1269
1332
1338
1260
1268
1282
1282
1260
146
1282
1265
1323
538
514
1110
527
798
544
514
544
544
806
523
1305
1305
1278
1278
1325
560
1325
560
520
520
540
540
541
541
530
549
798
798
1278
1305
1340
1261
809
809
554
1111
565
565
738
863
863
727
524
524
729
1122
727
539
539
952
934
751
751
934
751
1274
1325
560
1293
560
307
1039
1039
701
1039
800
147
800
147
682
625
1176
1045
1176
616
795
617
795
561
803
561
1249
1249
548
790
790
790
790
607
607
805
1023
789
805
624
624
790
778
790
782
1023
917
782
1028
917
1004
1004
867
867
867
867
954
1030
1030
733
733
1038
1038
660
660
872
753
914
1015
1015
914
572
572
734
900
598
1097
999
999
1097
983
977
996
996
900
900
852
852
687
687
687
687
757
757
679
679
757
679
660
1009
757
873
756
873
936
905
906
906
930
930
1257
1254
1254
1090
942
1322
1322
915
915
612
1039
698
698
721
929
929
797
1060
1292
1161
1163
797
1054
1057
1057
1060
1091
1054
1091
1073
1105
1076
1083
1083
816
603
1296
1304
794
680
682
1076
1076
1076
1083
1051
1054
1112
1112
1163
809
1054
1060
1051
1051
720
720
720
682
680
616
1071
1045
1083
1083
1058
747
1058
1043
1123
1058
1043
1123
567
1249
561
568
932
543
1301
566
543
1301
529
1298
529
1298
568
567
566
567
580
566
784
932
738
630
630
627
627
629
627
745
729
1321
1321
745
729
579
801
525
562
801
801
802
525
897
1122
1122
1231
599
1231
599
557
557
423
594
580
580
784
784
739
1165
627
739
1120
730
606
592
1120
730
742
742
130
130
896
1286
601
601
601
601
601
601
601
423
578
995
1238
557
922
942
922
919
922
942
921
919
919
872
873
1253
756
1255
941
975
750
941
750
1028
1028
1031
1031
1014
1014
1034
1011
1011
1011
944
944
937
936
944
955
955
966
966
903
903
935
983
977
1322
1322
983
977
902
902
904
904
643
957
1294
643
1084
1294
1106
1294
940
940
1116
1093
865
1121
710
807
851
854
1345
146
146
554
1344
553
553
885
857
850
850
472
472
857
1140
7
472
1115
7
1141
7
7
362
362
1130
1126
308
1131
1224
1224
1058
1058
1043
1084
957
1043
957
1091
1091
1088
1091
1091
1091
1043
1043
1088
1043
1088
1088
1088
1088
1088
1088
1088
557
571
1146
832
767
826
804
870
764
819
819
833
833
833
833
813
712
814
901
834
901
493
378
36
36
51
617
1119
617
466
664
323
323
513
506
507
506
507
648
716
648
648
952
1138
1171
915
1090
1322
942
942
942
1257
1257
1257
733
1322
1322
1322
1322
682
809
809
1163
1163
754
754
1115
754
1333
1333
801
1263
775
1147
935
935
575
575
1104
1104
706
807
807
516
1281
1265
1265
1269
1291
1034
1291
938
589
607
610
1291
589
589
610
610
585
586
883
824
590
883
703
1038
1024
1004
642
658
658
1010
1010
1009
1009
659
658
1010
659
1009
652
1025
928
705
615
715
837
837
844
703
703
611
611
864
611
613
613
613
613
656
656
656
656
670
670
651
670
954
1329
1329
638
638
642
1329
642
761
761
642
651
651
732
8
40
41
793
583
574
582
582
1019
1019
714
714
1018
1005
1022
653
911
1168
1024
1024
1166
1024
655
655
655
655
654
654
654
657
644
657
1007
1018
786
786
1020
677
1330
1005
1022
862
1166
778
778
778
778
779
779
590
937
777
777
700
1300
700
1263
1172
711
1179
887
377
771
1232
1171
862
1201
1276
1276
907
837
677
1276
621
1158
596
1162
1076
735
596
631
1081
631
646
608
828
640
1295
738
630
723
863
738
727
723
802
1319
1319
1273
1273
1267
529
995
897
1298
548
536
803
535
1347
1347
1347
1347
1347
1347
1347
1347
1347
1347
1347
1347
1347
1347
1347
1347
1347
1347
1347
1347
1347
1347
1347
1347
1201
1347
1347
1182
1222
1347
1347
1221
1276
1347
1347
1347
1347
1347
1347
1347
1347
1347
1347
1347
1347
1347
1347
920
920
920
920
920
920
1347
1347
1347
1347
1347
1347
1347
1347
1347
972
1222
1222
972
1222
1222
1222
1222
972
972
1222
1222
1222
1222
1222
1222
1222
1217
1217
1217
1217
1217
1217
1217
1217
1217
972
1222
1222
972
1222
1222
1222
972
972
972
972
972
972
972
972
972
972
972
972
972
1347
1347
1347
1347
1347
1347
1347
1347
1347
849
849
1217
1217
1217
1217
972
972
972
1347
1347
1347
1222
1222
1222
1222
1222
972
972
1222
972
972
972
972
1222
849
1347
849
1347
1347
1347
1347
1347
1347
1347
1347
1347
1222
1347
849
849
1347
1347
1347
1347
1347
1347
1347
1347
1347
1347
1347
1347
1347
1347
1347
1347
1222
1222
1347
1347
1222
1222
1201
1182
1182
1182
1182
1182
1222
1182
1182
1222
1222
1222
1222
1222
1222
1222
1222
1222
1222
1222
1222
1222
1222
1222
1222
1222
1182
1182
1222
1182
1201
1222
1222
1222
1222
972
972
972
972
1217
1217
1217
1217
1217
972
972
1217
1217
1217
1217
1217
849
1217
849
849
849
849
849
849
849
849
849
849
849
849
849
849
972
972
1217
1217
1217
1217
1217
972
972
972
972
1217
1217
849
849
1217
1217
1217
1217
1217
1217
1217
1217
849
849
849
1347
1347
1347
1347
1347
1222
1222
1182
1201
1201
1182
1201
1201
1201
1201
1201
1201
972
972
972
972
1217
1217
1217
1347
1347
1347
1347
1347
1347
1347
1347
1347
1347
1222
1222
1217
1217
972
1217
1217
1217
849
1217
849
849
849
849
849
849
849
849
849
849
849
849
849
920
920
1347
1347
1347
1347
1347
1347
1347
1347
1222
1182
1201
1201
1182
1222
1222
1222
1222
849
849
849
920
1222
972
972
972
972
972
1222
972
1222
1222
1222
1222
1182
1182
1182
1201
1201
1201
1201
849
849
849
849
1182
1182
972
849
849
1222
1182
1182
1347
1347
1347
1347
643
643
643
957
1347
1347
646
630
630
1340
1286
1345
1141
516
1344
1344
1256
564
718
722
519
1084
1114
1084
1088
809
1111
1114
1114
768
1106
1111
768
524
741
595
1163
737
737
827
737
724
827
735
1347
1347
1347
1347
1347
1347
1347
1347
1347
1347
1347
1347
1347
1347
1347
1347
1347
1347
1347
1347
1347
1347
1347
1347
1347
1347
1347
1347
1347
1347
1347
1347
1347
1347
1347
1347
1347
1347
1347
1347
1347
1347
1347
1347
1347
1347
1347
1347
1347
1347
804
92
1149
1159
832
1159
1347
1347
1347
1347
1347
1347
1347
1347
1347
1347
1347
1347
1347
1347
1347
1347
1347
1347
1347
1347
1347
1347
1347
1347
1347
1347
1347
1347
1347
1347
1347
1347
1347
1347
1347
1347
1347
1347
1347
1347
1347
1159
1146
1145
1347
1347
1347
1347
1347
1347
1347
1347
1347
1347
1347
1347
1347
1347
1347
1347
819
1347
1347
1347
1347
1347
1347
1148
1347
1347
1347
1347
1347
1347
1347
1347
1347
1347
1347
1347
1347
1347
1347
1347
1347
1347
1347
1347
1347
1347
1347
1347
1347
1347
1347
1347
1347
1347
1347
1347
1347
833
819
111
833
1347
1347
1145
1146
1145
1145
1148
1145
1145
1160
1145
1347
1347
1347
1347
1347
1347
1347
1347
1347
1347
1347
1347
1347
1347
1347
1347
1347
1347
1347
1347
1347
1347
1347
1347
1347
1347
1347
1347
1347
1347
1347
1347
1347
1347
1347
1347
1347
1347
1347
1347
1347
1347
1347
1347
1347
1347
1347
1347
1347
1347
1347
1347
1347
1347
1347
1347
1347
1347
1347
1347
1347
1347
1347
1347
1347
1347
1347
1347
1347
1347
1347
1347
469
506
505
505
465
908
834
834
831
1160
766
1146
1146
1146
1146
1159
1149
804
92
1347
1347
1347
1347
1347
1347
1347
1347
1347
1347
832
1347
1347
1347
1347
1347
1347
1347
1347
1347
496
496
1102
1102
688
1146
1146
1145
1099
105
1159
1159
105
799
105
404
99
1231
1231
1231
1231
1159
1145
1159
1145
833
833
105
1159
105
832
554
560
560
554
560
1264
1250
1264
1347
565
731
560
565
560
560
1347
1347
1347
1347
887
888
731
731
768
768
1111
768
768
564
731
1111
1347
1347
1347
1347
1347
1347
162
1111
1347
1347
1111
1111
162
1079
1079
1114
1111
1079
155
608
1106
196
1241
1347
1347
889
1347
1347
1347
1347
889
1347
1347
1347
1347
1347
1347
1347
1347
1347
1148
1347
1347
1347
1347
1347
1347
739
739
739
742
1165
1165
1261
1261
1261
1256
1261
1305
1281
1293
1293
912
661
912
661
661
661
661
912
730
742
730
730
739
739
730
730
1319
1261
1261
1165
1165
661
889
1241
1241
1241
1241
1241
1165
827
661
661
722
737
1293
564
1256
1281
1293
1264
1250
1264
1250
685
887
771
888
111
111
819
111
111
819
833
833
833
1347
1347
1347
1347
1347
1347
1347
1347
1347
1347
730
1120
1120
606
1267
111
1148
1148
377
377
685
685
1142
1142
1240
537
537
1240
1269
1340
1340
1269
1340
1340
487
496
378
378
1099
1099
515
527
521
527
527
520
833
833
111
111
1231
869
1231
1233
404
404
1298
1298
1231
548
599
1231
869
869
869
897
897
997
798
345
345
111
111
111
111
520
529
527
530
530
529
537
349
1240
1240
518
521
487
1142
1142
696
696
345
345
696
404
404
1233
1233
404
1233
518
1269
537
569
530
784
580
599
869
1231
1233
404
1148
1232
377
1148
1148
1148
1232
1142
685
1240
696
487
1148
111
1148
549
521
520
520
520
1298
540
1231
1233
404
1241
1241
1231
1231
1231
599
520
882
882
882
888
1347
1347
1347
1347
111
111
111
819
833
530
527
549
527
518
1347
1347
1347
1347
1347
1347
1347
1347
1347
1347
1347
1347
1347
1347
1145
1145
1145
1347
1347
833
1159
1145
1159
1159
105
832
105
832
769
111
111
833
1347
1347
833
111
1347
1347
1347
634
1347
1347
1347
1347
1347
1347
1347
1347
1347
1347
1347
1347
550
420
815
1337
224
647
93
93
121
476
476
643
1295
1295
768
608
731
768
731
56
958
969
958
958
958
953
953
953
953
953
943
947
943
947
964
949
964
949
949
998
743
949
704
949
743
713
713
713
713
1002
239
713
1002
1092
970
239
970
960
960
945
945
945
945
945
948
948
945
992
992
948
960
945
922
922
919
921
922
922
921
921
921
921
1253
1255
1255
1253
975
941
941
975
1028
1036
1036
1031
1014
1014
1014
1014
1011
944
1011
1014
936
966
966
944
983
902
983
902
902
902
902
904
902
904
940
940
983
902