0.0030 4.8268 0.1455
0.0014 4.8130 0.1650
0.0000 4.7940 0.2126
0.0000 4.7852 0.2444
0.0000 4.8016 0.2677
0.0000 4.8243 0.2750
0.0000 4.8416 0.2758
0.0000 4.8696 0.2814
0.0000 4.8783 0.2910
0.0000 4.8934 0.2955
-0.0001 4.9062 0.2841
0.0003 5.2164 0.3258
0.0000 5.1610 0.3504
0.0000 5.1256 0.3693
-0.0002 5.0415 0.3418
0.0000 5.0186 0.3406
-0.0003 5.2677 0.3282
0.0000 5.0806 0.3871
-0.0001 5.0951 0.3872
0.0000 5.0075 0.3408
0.0000 5.0575 0.3595
0.0000 5.0699 0.3804
0.0000 4.9959 0.3403
-0.0001 5.0502 0.3468
-0.0008 5.2378 0.3244
0.0000 5.1390 0.3612
0.0000 5.1110 0.3800
-0.0002 5.3018 0.3303
-0.0003 5.3966 0.3169
0.0000 5.4984 0.2733
0.0007 5.4496 0.3033
0.0000 5.0626 0.3704
-0.0002 5.0319 0.3406
0.0000 4.8554 0.2759
0.0002 4.8035 0.1918
0.0000 5.1974 0.3332
0.2071 5.1194 0.0556
0.1816 5.0506 0.0691
0.1135 4.8714 0.1252
0.0922 4.8477 0.1465
0.0955 4.8553 0.1309
0.1194 4.8811 0.1082
0.0797 4.8226 0.2084
0.0843 4.8322 0.1780
0.1237 4.8903 0.1197
0.0730 4.8313 0.2356
0.1025 4.8665 0.2053
0.1098 4.8709 0.1732
0.1308 4.9061 0.0995
0.0969 4.8708 0.2299
0.1250 4.9095 0.1790
0.1170 4.9093 0.2154
0.1438 4.9428 0.1151
0.1223 5.0086 0.2837
0.0970 4.9950 0.2866
0.1104 4.9514 0.2626
0.1245 4.9550 0.2394
0.1503 4.9589 0.0913
0.0692 4.8498 0.2481
0.1086 4.9126 0.2398
0.0627 4.8698 0.2603
0.0921 4.8828 0.2443
0.0530 4.9060 0.2789
0.0849 4.9005 0.2595
0.2060 5.1304 0.1558
0.1711 5.0185 0.0784
0.0743 4.9279 0.2715
0.0977 4.9279 0.2629
0.1028 4.9199 0.2523
0.1047 4.9518 0.2694
0.0506 4.9139 0.2851
0.0818 4.9402 0.2727
0.0944 4.9547 0.2742
0.0944 5.1549 0.2899
0.0959 5.1394 0.3001
0.0470 4.9210 0.2851
0.0718 4.9371 0.2763
0.0817 4.9528 0.2769
0.0883 4.9888 0.2894
0.0928 4.9909 0.2861
0.0486 4.9314 0.2782
0.0704 4.9390 0.2777
0.0798 4.9434 0.2736
0.0779 4.9777 0.2967
0.0835 5.0050 0.2964
0.0568 5.1493 0.3082
0.0492 5.1187 0.3194
0.1674 5.1265 0.2640
0.1790 5.1609 0.2406
0.0669 4.9438 0.2757
0.0766 4.9474 0.2766
0.0778 4.9520 0.2786
0.0778 4.9975 0.3006
0.0515 5.0907 0.3164
0.0621 5.1718 0.2927
0.0583 5.1601 0.3021
0.0941 5.1631 0.2832
0.0727 4.9473 0.2755
0.0754 4.9515 0.2778
0.0723 4.9661 0.2963
0.1601 5.1667 0.2528
0.1661 5.1734 0.2441
0.2039 5.2336 0.1700
0.0741 4.9524 0.2773
0.0714 4.9609 0.2928
0.0718 4.9890 0.3050
0.0179 5.1890 0.3277
0.0170 5.1559 0.3450
0.0305 5.1416 0.3301
0.0514 5.1827 0.2910
0.0463 5.1723 0.3022
0.0797 5.1687 0.2854
0.0985 5.1882 0.2758
0.1003 5.2052 0.2787
0.2002 5.1784 0.1970
0.1888 5.1896 0.2110
0.0669 4.9438 0.2757
0.0568 4.9878 0.3183
0.0483 5.0991 0.3314
0.0180 5.2097 0.3192
0.0108 5.2134 0.3233
0.1007 5.2456 0.2736
0.1495 5.1882 0.2581
0.1435 5.2062 0.2649
0.1893 5.2213 0.2173
0.1981 5.2715 0.2020
0.2121 5.1603 0.1458
0.2170 5.1532 0.0875
0.2245 5.2606 0.0989
0.2142 5.1890 0.1385
0.0539 4.9797 0.3173
0.0347 5.0476 0.3261
0.0511 5.0933 0.3227
0.0480 5.0947 0.3376
0.0420 5.1052 0.3418
0.0466 5.2036 0.2864
0.0859 5.1898 0.2773
0.1439 5.2382 0.2632
0.1799 5.2185 0.2312
0.1867 5.2407 0.2360
0.1919 5.2547 0.2238
0.2298 5.2667 0.0690
0.2184 5.2533 0.1210
0.0484 4.9702 0.3036
0.0274 5.0265 0.3340
0.0516 5.0807 0.3185
0.0488 5.0783 0.3382
0.0420 5.0987 0.3474
0.0247 5.1182 0.3583
0.0179 5.1227 0.3647
0.0089 5.1593 0.3489
0.0370 5.2017 0.2968
0.0281 5.2251 0.3101
0.0899 5.2393 0.2764
0.2104 5.3123 0.1574
0.0301 5.0080 0.3354
0.0472 5.0665 0.3173
0.0418 5.0703 0.3313
0.0417 5.0723 0.3375
0.0431 5.0884 0.3503
0.0431 5.0833 0.3511
0.0372 5.2580 0.3155
0.0262 5.2661 0.3235
0.1883 5.2666 0.2371
0.1827 5.2495 0.2503
0.0278 4.9966 0.3373
0.0165 5.0246 0.3384
0.0088 5.0464 0.3417
0.0376 5.0749 0.3492
0.0302 5.0947 0.3709
0.0197 5.0952 0.3825
0.0188 5.0820 0.3827
0.0286 5.0834 0.3738
0.0087 5.1244 0.3684
0.1690 5.2206 0.2416
0.1788 5.2339 0.2481
0.1925 5.2861 0.2213
0.2099 5.3570 0.1619
0.2016 5.3358 0.1818
0.0204 4.9830 0.3253
0.0227 5.0744 0.3729
0.0160 5.0725 0.3768
0.0103 5.0615 0.3588
0.0169 5.2679 0.3266
0.0407 5.2307 0.2995
0.0807 5.2118 0.2795
0.0760 5.1955 0.2785
0.0805 5.2313 0.2755
0.1523 5.2308 0.2569
0.1694 5.2491 0.2700
0.0177 4.9128 0.2824
0.0207 5.0100 0.3388
0.0102 5.0947 0.3857
0.0098 5.0816 0.3858
0.0788 5.2726 0.3063
0.0831 5.2953 0.3189
0.0571 5.2092 0.2804
0.0618 5.2106 0.2783
0.1554 5.2117 0.2485
0.1624 5.2394 0.2617
0.1692 5.2880 0.2768
0.1655 5.2706 0.2809
0.0154 4.9967 0.3393
0.0186 5.0624 0.3376
0.0121 5.0569 0.3470
0.0140 5.0610 0.3481
0.0082 5.0709 0.3794
0.0051 5.0589 0.3594
0.0752 5.3141 0.3215
0.0793 5.2586 0.2974
0.0623 5.2135 0.2756
0.1485 5.2343 0.2589
0.1572 5.2452 0.2675
0.1516 5.3171 0.2885
0.2187 5.3807 0.1378
0.0093 4.9844 0.3287
0.0063 5.0525 0.3480
0.1033 5.2958 0.3127
0.0985 5.3177 0.3150
0.0973 5.2788 0.3066
0.0553 5.2185 0.2809
0.1586 5.2593 0.2808
0.1534 5.3000 0.2915
0.1467 5.2772 0.2948
0.1264 5.3194 0.3039
0.0093 4.9844 0.3287
0.1190 5.2806 0.3038
0.1287 5.2985 0.3053
0.0963 5.2669 0.2990
0.0841 5.2517 0.2883
0.0884 5.2429 0.2853
0.1842 5.4007 0.2137
0.1945 5.4301 0.1921
0.1142 5.2713 0.2980
0.1484 5.2508 0.2745
0.1358 5.2686 0.2917
0.0987 5.2569 0.2889
0.1002 5.2478 0.2867
0.1374 5.2425 0.2671
0.1571 5.4152 0.2441
0.1139 5.2600 0.2877
0.1126 5.2479 0.2739
0.1149 5.2512 0.2869
0.1296 5.2581 0.2840
0.1244 5.2473 0.2723
0.1708 5.4507 0.2244
0.1394 5.4666 0.2449
0.1100 5.4775 0.2567
0.0779 5.4380 0.2917
0.1037 5.4318 0.2816
0.0841 5.4859 0.2652
0.0514 5.3951 0.3123
0.0756 5.3906 0.3068
0.0999 5.3890 0.2975
0.1238 5.3866 0.2833
0.1486 5.3786 0.2637
0.1756 5.3649 0.2350
0.0206 5.2312 0.3180
0.0144 5.2365 0.3212
0.0668 5.1783 0.2855
0.0340 5.1869 0.3048
0.0387 5.1312 0.3231
0.0533 5.0495 0.3142
0.0514 5.0125 0.3217
0.0460 4.9990 0.3266
0.1358 5.2057 0.2696
0.1419 5.1867 0.2638
0.1510 5.1635 0.2600
0.1609 5.1497 0.2627
0.1472 5.1275 0.2826
0.0366 4.9911 0.3319
0.0259 4.9188 0.2788
0.0259 4.9188 0.2788
0.1453 4.9672 0.1798
0.1378 4.9623 0.2044
0.1613 4.9980 0.1364
0.1685 5.0232 0.1484
0.1431 4.9975 0.2238
0.1740 5.1899 0.2289
0.1609 5.1998 0.2469
0.2196 5.1518 0.0545
0.1291 5.4262 0.2668
0.0257 5.4487 0.3021
0.0390 5.1117 0.3352
0.0237 5.1294 0.3503
0.0173 5.1342 0.3567
0.0087 5.1369 0.3603
0.1563 5.2260 0.2513
0.1561 5.1926 0.2526
0.1701 5.1827 0.2351
0.1841 5.1705 0.2297
0.1995 5.1647 0.2070
0.0271 5.1069 0.3660
0.0185 5.1101 0.3748
0.0089 5.1108 0.3785
0.0284 5.4971 0.2731
0.0530 5.0654 0.3118
0.0476 5.1024 0.3243
0.0482 5.2184 0.2869
0.0893 5.0694 0.3098
0.0779 5.0491 0.3021
0.0757 5.0358 0.3040
0.1233 5.1304 0.2963
0.1174 5.1496 0.2861
0.1109 5.1597 0.2790
0.1114 5.1863 0.2740
0.0286 5.0602 0.3299
0.0750 5.0225 0.3047
0.0703 5.0120 0.3080
0.0623 5.0019 0.3140
0.0669 4.9753 0.3066
0.0649 4.9671 0.3019
0.0582 4.9375 0.2770
0.0582 4.9375 0.2770
0.0554 5.1911 0.2846
0.0647 5.2035 0.2795
0.0672 5.2206 0.2764
0.0131 5.0634 0.3584
0.0182 5.0520 0.3376
0.0348 5.0792 0.3629
0.0373 5.0612 0.3236
0.0062 5.0638 0.3695
0.0124 5.0663 0.3685
0.0161 5.0674 0.3668
0.0172 5.0676 0.3552
0.1547 5.2359 0.2638
0.1503 5.2385 0.2680
0.1412 5.2430 0.2742
0.1272 5.2484 0.2823
0.0609 5.2151 0.2780
0.0692 5.2113 0.2782
0.0897 5.2071 0.2800
0.1108 5.2048 0.2772
0.1493 5.2075 0.2595
0.1754 5.2406 0.2583
0.2079 5.4060 0.1646
0.1988 5.3811 0.1875
0.1906 5.3538 0.2069
0.1829 5.2973 0.2468
0.1796 5.2784 0.2588
0.1762 5.2584 0.2649
0.1582 5.2322 0.2585
0.1672 5.2336 0.2551
0.1526 5.2097 0.2543
0.0315 5.3055 0.3287
0.0532 5.3081 0.3260
0.0669 5.2922 0.3217
0.0634 5.2662 0.3065
0.0667 5.2494 0.2948
0.0737 5.2433 0.2862
0.0796 5.2347 0.2818
0.0901 5.0120 0.2924
0.0924 5.0204 0.2939
0.1124 5.0376 0.2989
0.1265 5.1074 0.3008
0.0079 4.8950 0.2951
0.0088 4.8807 0.2916
0.0078 4.8723 0.2823
0.0104 4.8445 0.2749
0.0115 4.8272 0.2737
0.0142 4.8046 0.2663
0.0118 4.7847 0.2391
0.0149 4.7971 0.2075
0.0208 4.8210 0.1616
0.0198 4.8325 0.1449
0.0186 4.8989 0.2937
0.0192 4.8857 0.2915
0.0188 4.8764 0.2820
0.0216 4.8478 0.2730
0.0238 4.8304 0.2706
0.0275 4.8042 0.2607
0.0262 4.7869 0.2317
0.0303 4.8036 0.2016
0.0351 4.8291 0.1590
0.0367 4.8372 0.1459
0.0264 4.9054 0.2912
0.0292 4.8919 0.2903
0.0293 4.8820 0.2811
0.0325 4.8531 0.2702
0.0360 4.8279 0.2646
0.0412 4.8048 0.2517
0.0416 4.7933 0.2243
0.0466 4.8123 0.1970
0.0529 4.8342 0.1604
0.0545 4.8412 0.1453
0.0619 4.9315 0.2810
0.0626 4.9294 0.2804
0.0647 4.9195 0.2752
0.0820 4.8654 0.2451
0.0864 4.8518 0.2315
0.0916 4.8422 0.2042
0.0976 4.8460 0.1727
0.1081 4.8617 0.1408
0.0362 5.0364 0.3277
0.0231 5.0404 0.3346
0.0118 5.0363 0.3392
0.0816 4.9845 0.2946
0.0875 4.9548 0.2745
0.0918 4.9329 0.2677
0.0801 4.9164 0.2654
0.0690 4.9041 0.2669
0.0575 4.8896 0.2682
0.0316 4.8695 0.2729
0.0195 4.8619 0.2746
0.0081 4.8582 0.2758
0.0183 4.8069 0.1872
0.0338 4.8162 0.1819
0.0504 4.8249 0.1768
0.0881 4.8404 0.1606
0.1035 4.8542 0.1551
0.1134 4.8736 0.1533
0.1297 4.9137 0.1558
0.1520 5.0018 0.1986
0.1755 5.0987 0.2423
0.1770 5.1275 0.2503
0.1718 5.1535 0.2518
0.1183 4.8815 0.1380
0.1357 4.9250 0.1369
0.1535 4.9804 0.1554
0.1605 5.0095 0.1708
0.1857 5.1089 0.2223
0.1002 4.9405 0.2672
0.1053 4.9385 0.2608
0.1110 4.9352 0.2508
0.1215 4.9293 0.2255
0.1316 4.9319 0.1892
0.1374 4.9352 0.1632
0.1456 4.9519 0.1411
0.1559 4.9771 0.1174
0.1606 4.9877 0.0877
0.0907 4.9430 0.2705
0.0828 4.9463 0.2730
0.0788 4.9484 0.2761
0.0761 4.9505 0.2754
0.0748 4.9489 0.2761
0.1935 5.1492 0.2210
0.1639 5.2048 0.2408
0.1878 5.1794 0.2194
0.1771 5.1974 0.2239
0.1659 5.2081 0.2367
0.1577 5.2217 0.2464
0.1582 5.2142 0.2440
0.1624 5.2220 0.2462
0.0258 5.3962 0.3159
0.0521 5.4433 0.2987
0.0570 5.4936 0.2703
0.0098 5.1937 0.3317
0.0339 5.1726 0.3141
0.0451 5.1596 0.3101
0.0962 5.1266 0.3067
0.1502 5.0967 0.2816
0.1651 5.0960 0.2614
0.1964 5.1243 0.2005
0.2049 5.1469 0.1836
0.1707 5.3085 0.2690
0.1689 5.0146 0.1097
0.2070 5.1235 0.1241
0.2058 5.1209 0.0910
0.1859 5.1353 0.2352
0.2091 5.1691 0.1724
0.2194 5.3297 0.1362
0.2150 5.1552 0.1179
0.2290 5.3502 0.1081
0.1973 5.2266 0.1977
0.1423 5.1473 0.2761
0.1331 5.1605 0.2699
0.1266 5.1863 0.2708
0.1235 5.2045 0.2743
0.0488 5.0862 0.3393
0.1587 5.2177 0.2433
0.1599 5.2167 0.2427
0.1669 5.2119 0.2347
0.1791 5.2032 0.2226
0.1893 5.1991 0.2076
0.1992 5.1922 0.1912
0.2086 5.1897 0.1660
0.2188 5.1887 0.1134
0.2217 5.1885 0.0859
0.2243 5.1884 0.0554
0.0630 5.1012 0.3161
0.0713 5.1378 0.3080
0.0733 5.1488 0.3016
0.0760 5.1615 0.2923
0.0556 5.0271 0.3172
0.0373 5.0220 0.3295
0.0376 5.0037 0.3318
0.0503 5.0758 0.3278
0.0512 5.0899 0.3289
0.0247 5.2021 0.3126
0.0249 5.1838 0.3212
0.0240 5.1505 0.3383
0.0293 5.1216 0.3425
0.0320 5.1110 0.3503
0.0328 5.1036 0.3583
0.0353 5.0930 0.3620
0.0362 5.0868 0.3623
-0.0001 5.3458 0.3261
0.0287 5.3455 0.3255
0.0539 5.3460 0.3226
0.0786 5.3471 0.3165
0.1046 5.3500 0.3066
0.1282 5.3500 0.2938
0.1494 5.3461 0.2783
0.1718 5.3348 0.2561
0.1880 5.3241 0.2252
0.1974 5.3131 0.1987
0.2036 5.2950 0.1756
0.2105 5.2452 0.1410
0.0516 5.0830 0.3275
0.0735 4.8470 0.1389
0.0714 4.8406 0.1539
0.0683 4.8327 0.1690
0.0667 4.8235 0.1869
0.0601 4.8047 0.2188
0.0573 4.8117 0.2414
0.0521 4.8314 0.2546
0.0477 4.8565 0.2641
0.0457 4.8795 0.2705
0.0409 4.8904 0.2794
0.0388 4.9002 0.2886
0.0374 4.9120 0.2883
0.0369 4.9256 0.2783
0.0369 4.9256 0.2783
0.0452 4.9860 0.3257
0.0428 5.0650 0.3235
0.0195 5.0810 0.3400
0.1760 5.0372 0.1288
0.1781 5.0418 0.1028
0.0982 4.8631 0.1156
0.0201 4.8394 0.1336
0.0373 4.8426 0.1327
0.0000 4.8374 0.1329
0.0555 4.8461 0.1322
0.0771 4.8519 0.1253
0.0755 4.8864 0.2592
0.2166 5.2858 0.1361
0.2252 5.2975 0.1150
0.2332 5.3087 0.0871
0.1609 5.2270 0.2522
0.1684 5.2262 0.2475
0.1802 5.2267 0.2396
0.1884 5.2308 0.2261
0.1950 5.2414 0.2102
0.2017 5.2536 0.1836
0.2078 5.2739 0.1561
0.2134 5.2157 0.1344
0.2181 5.2196 0.1128
0.2225 5.2230 0.0885
0.2262 5.2256 0.0600
0.1610 5.2188 0.2430
0.1680 5.2159 0.2368
0.1793 5.2099 0.2252
0.1896 5.2099 0.2100
0.1991 5.2086 0.1892
0.2071 5.2095 0.1626
-0.0917 4.8425 0.2046
-0.0976 4.8460 0.1727
-0.1098 4.8709 0.1732
-0.1025 4.8665 0.2053
-0.0118 4.7847 0.2391
-0.0149 4.7971 0.2075
-0.0303 4.8036 0.2016
-0.0262 4.7869 0.2317
-0.0864 4.8519 0.2315
-0.0969 4.8708 0.2299
-0.1134 4.8736 0.1533
-0.1183 4.8815 0.1380
-0.1357 4.9251 0.1369
-0.1297 4.9138 0.1558
-0.0143 4.8046 0.2663
-0.0275 4.8042 0.2607
-0.0416 4.7933 0.2242
-0.0466 4.8124 0.1970
-0.0667 4.8235 0.1869
-0.0601 4.8047 0.2188
-0.0821 4.8654 0.2451
-0.0921 4.8828 0.2443
-0.1170 4.9093 0.2154
-0.1250 4.9096 0.1790
-0.1316 4.9319 0.1892
-0.1215 4.9293 0.2255
-0.1456 4.9519 0.1411
-0.1374 4.9352 0.1632
-0.0115 4.8272 0.2737
-0.0238 4.8304 0.2706
-0.0412 4.8048 0.2517
-0.0572 4.8117 0.2415
-0.0797 4.8227 0.2086
-0.0730 4.8315 0.2356
-0.1086 4.9126 0.2398
-0.1223 5.0086 0.2837
-0.0970 4.9950 0.2866
-0.1104 4.9514 0.2626
-0.1245 4.9550 0.2394
-0.1438 4.9428 0.1151
-0.1503 4.9589 0.0913
-0.1606 4.9877 0.0877
-0.1559 4.9771 0.1174
-0.0360 4.8279 0.2646
-0.0521 4.8314 0.2545
-0.1110 4.9352 0.2508
-0.0801 4.9164 0.2654
-0.0690 4.9041 0.2669
-0.0755 4.8864 0.2592
-0.0849 4.9005 0.2595
-0.1028 4.9199 0.2523
-0.1053 4.9385 0.2608
-0.0081 4.8582 0.2758
-0.0104 4.8445 0.2749
-0.0217 4.8478 0.2730
-0.0196 4.8619 0.2746
-0.1047 4.9518 0.2694
-0.1760 5.0372 0.1288
-0.2070 5.1235 0.1241
-0.2060 5.1304 0.1558
-0.1685 5.0232 0.1484
-0.0316 4.8695 0.2729
-0.0325 4.8531 0.2702
-0.0477 4.8565 0.2641
-0.0457 4.8796 0.2705
-0.0627 4.8698 0.2603
-0.0575 4.8896 0.2682
-0.0626 4.9294 0.2804
-0.0647 4.9195 0.2752
-0.0743 4.9279 0.2715
-0.0718 4.9371 0.2763
-0.0977 4.9279 0.2629
-0.0918 4.9329 0.2677
-0.0928 4.9909 0.2861
-0.1124 5.0376 0.2989
-0.0924 5.0204 0.2939
-0.0088 4.8807 0.2916
-0.0078 4.8723 0.2823
-0.0188 4.8764 0.2820
-0.0192 4.8857 0.2915
-0.1002 4.9405 0.2672
-0.0907 4.9430 0.2705
-0.0901 5.0120 0.2924
-0.0779 5.0491 0.3021
-0.0893 5.0694 0.3098
-0.0944 5.1549 0.2899
-0.0958 5.1394 0.3001
-0.1233 5.1304 0.2963
-0.1174 5.1496 0.2861
-0.0292 4.8919 0.2903
-0.0293 4.8820 0.2811
-0.0409 4.8905 0.2794
-0.0388 4.9002 0.2886
-0.0530 4.9060 0.2789
-0.0506 4.9139 0.2851
-0.0619 4.9315 0.2810
-0.0704 4.9390 0.2777
-0.0818 4.9402 0.2727
-0.0798 4.9434 0.2736
-0.0875 4.9548 0.2745
-0.0944 4.9547 0.2742
-0.0883 4.9888 0.2894
-0.0816 4.9845 0.2946
-0.0757 5.0358 0.3040
-0.0079 4.8950 0.2951
-0.0186 4.8989 0.2937
-0.0582 4.9375 0.2770
-0.0669 4.9438 0.2757
-0.0828 4.9463 0.2730
-0.0788 4.9484 0.2760
-0.0778 4.9975 0.3006
-0.0835 5.0050 0.2964
-0.0750 5.0225 0.3047
-0.0492 5.1187 0.3195
-0.0569 5.1494 0.3081
-0.0451 5.1597 0.3101
-0.0387 5.1312 0.3231
-0.1109 5.1597 0.2790
-0.0941 5.1631 0.2832
-0.1859 5.1353 0.2352
-0.1790 5.1609 0.2407
-0.1718 5.1535 0.2518
-0.1770 5.1276 0.2503
-0.0093 4.9844 0.3287
-0.0177 4.9128 0.2824
-0.0264 4.9054 0.2912
-0.0374 4.9120 0.2883
-0.0470 4.9210 0.2851
-0.0766 4.9475 0.2765
-0.0817 4.9529 0.2769
-0.0779 4.9777 0.2967
-0.0723 4.9661 0.2963
-0.0778 4.9521 0.2785
-0.0583 5.1601 0.3021
-0.0621 5.1718 0.2927
-0.0514 5.1827 0.2910
-0.0463 5.1723 0.3022
-0.1114 5.1863 0.2740
-0.0985 5.1882 0.2758
-0.1331 5.1606 0.2699
-0.1266 5.1863 0.2708
-0.1661 5.1734 0.2441
-0.1601 5.1667 0.2528
-0.0259 4.9188 0.2788
-0.0369 4.9256 0.2783
-0.0486 4.9314 0.2782
-0.0727 4.9473 0.2755
-0.0761 4.9505 0.2754
-0.0718 4.9890 0.3050
-0.0669 4.9753 0.3066
-0.0668 5.1783 0.2855
-0.0760 5.1615 0.2923
-0.0797 5.1687 0.2854
-0.0748 4.9489 0.2761
-0.0753 4.9515 0.2777
-0.0714 4.9609 0.2928
-0.0249 5.1838 0.3212
-0.0240 5.1505 0.3383
-0.0305 5.1416 0.3301
-0.0339 5.1726 0.3141
-0.0859 5.1898 0.2773
-0.0760 5.1955 0.2785
-0.2002 5.1784 0.1970
-0.1888 5.1896 0.2110
-0.1878 5.1794 0.2194
-0.1995 5.1647 0.2070
-0.0741 4.9524 0.2774
-0.0669 4.9438 0.2757
-0.0649 4.9671 0.3019
-0.0180 5.2097 0.3192
-0.0108 5.2134 0.3233
-0.0098 5.1937 0.3317
-0.0179 5.1890 0.3277
-0.1007 5.2455 0.2736
-0.1003 5.2052 0.2787
-0.1108 5.2048 0.2772
-0.1126 5.2478 0.2739
-0.1235 5.2045 0.2743
-0.1244 5.2473 0.2723
-0.1771 5.1974 0.2239
-0.1740 5.1899 0.2289
-0.1893 5.2213 0.2174
-0.1896 5.2099 0.2100
-0.1991 5.2086 0.1892
-0.1973 5.2267 0.1977
-0.0582 4.9375 0.2770
-0.0515 5.0907 0.3164
-0.0476 5.1024 0.3243
-0.0483 5.0991 0.3314
-0.0511 5.0933 0.3227
-0.0488 5.0862 0.3393
-0.0480 5.0947 0.3376
-0.0420 5.0987 0.3474
-0.0431 5.0884 0.3503
-0.1439 5.2382 0.2632
-0.1435 5.2062 0.2649
-0.1493 5.2075 0.2595
-0.1485 5.2343 0.2589
-0.1659 5.2081 0.2367
-0.1639 5.2048 0.2408
-0.1867 5.2407 0.2360
-0.1884 5.2308 0.2261
-0.1950 5.2414 0.2102
-0.1919 5.2547 0.2238
-0.0514 5.0125 0.3217
-0.0373 5.0220 0.3295
-0.0376 5.0037 0.3318
-0.0460 4.9990 0.3266
-0.0516 5.0807 0.3185
-0.0530 5.0654 0.3118
-0.0247 5.1182 0.3583
-0.0179 5.1227 0.3647
-0.0185 5.1101 0.3748
-0.0271 5.1069 0.3660
-0.0089 5.1593 0.3490
-0.0170 5.1559 0.3450
-0.0281 5.2252 0.3101
-0.0370 5.2017 0.2968
-0.0407 5.2307 0.2995
-0.0372 5.2580 0.3155
-0.0897 5.2071 0.2800
-0.0900 5.2391 0.2764
-0.0806 5.2312 0.2757
-0.0807 5.2118 0.2795
-0.1788 5.2339 0.2481
-0.1802 5.2267 0.2396
-0.1883 5.2666 0.2371
-0.1827 5.2495 0.2503
-0.0472 5.0665 0.3173
-0.0428 5.0650 0.3235
-0.0373 5.0612 0.3236
-0.0533 5.0495 0.3142
-0.0419 5.0703 0.3313
-0.0417 5.0723 0.3375
-0.0376 5.0749 0.3492
-0.0197 5.0952 0.3825
-0.0302 5.0947 0.3709
-0.0262 5.2661 0.3235
-0.0206 5.2312 0.3180
-0.1754 5.2407 0.2584
-0.0165 5.0246 0.3384
-0.0274 5.0265 0.3340
-0.0231 5.0404 0.3346
-0.0118 5.0363 0.3392
-0.0188 5.0820 0.3827
-0.0286 5.0834 0.3738
-0.0087 5.1244 0.3684
-0.0089 5.1108 0.3785
-0.0669 5.2922 0.3217
-0.0532 5.3081 0.3260
-0.1624 5.2394 0.2617
-0.1672 5.2336 0.2551
-0.1761 5.2585 0.2649
-0.1694 5.2491 0.2700
-0.0278 4.9966 0.3373
-0.0204 4.9830 0.3253
-0.0259 4.9188 0.2788
-0.0366 4.9911 0.3319
-0.0207 5.0100 0.3388
-0.0301 5.0080 0.3354
-0.0227 5.0744 0.3729
-0.0161 5.0674 0.3668
-0.0102 5.0947 0.3857
-0.0169 5.2679 0.3266
-0.0144 5.2365 0.3212
-0.0635 5.2661 0.3065
-0.1572 5.2452 0.2675
-0.0098 5.0816 0.3858
-0.0315 5.3055 0.3287
-0.0788 5.2726 0.3063
-0.0831 5.2953 0.3189
-0.0667 5.2494 0.2948
-0.0793 5.2586 0.2974
-0.1796 5.2785 0.2588
-0.0154 4.9967 0.3393
-0.0121 5.0569 0.3470
-0.0140 5.0610 0.3481
-0.0132 5.0634 0.3584
-0.0103 5.0615 0.3588
-0.0124 5.0663 0.3685
-0.0160 5.0725 0.3768
-0.0082 5.0709 0.3794
-0.0062 5.0638 0.3695
-0.0752 5.3141 0.3215
-0.1033 5.2958 0.3128
-0.0973 5.2788 0.3066
-0.0738 5.2433 0.2862
-0.0841 5.2517 0.2883
-0.0623 5.2135 0.2756
-0.0618 5.2106 0.2783
-0.0692 5.2113 0.2782
-0.0672 5.2206 0.2764
-0.1655 5.2706 0.2809
-0.1692 5.2880 0.2768
-0.1534 5.3000 0.2915
-0.1467 5.2772 0.2948
-0.0088 5.0464 0.3417
-0.0063 5.0525 0.3480
-0.0093 4.9844 0.3287
-0.0182 5.0520 0.3376
-0.0186 5.0624 0.3376
-0.0286 5.0602 0.3299
-0.0051 5.0589 0.3594
-0.0985 5.3177 0.3151
-0.0963 5.2669 0.2990
-0.0483 5.2184 0.2869
-0.0553 5.2185 0.2809
-0.1547 5.2359 0.2638
-0.1503 5.2385 0.2680
-0.1586 5.2593 0.2808
-0.1484 5.2508 0.2745
-0.1287 5.2985 0.3053
-0.1189 5.2806 0.3038
-0.1142 5.2713 0.2980
-0.0987 5.2569 0.2889
-0.0797 5.2345 0.2820
-0.0884 5.2428 0.2857
-0.1358 5.2686 0.2917
-0.1296 5.2581 0.2840
-0.1139 5.2600 0.2877
-0.1003 5.2477 0.2868
-0.1374 5.2425 0.2671
-0.1412 5.2430 0.2742
-0.1945 5.4301 0.1921
-0.1708 5.4507 0.2244
-0.1570 5.4152 0.2441
-0.1842 5.4007 0.2137
-0.1149 5.2512 0.2869
-0.1272 5.2484 0.2823
-0.1394 5.4666 0.2449
-0.1291 5.4263 0.2668
-0.1100 5.4775 0.2567
-0.0779 5.4380 0.2917
-0.1037 5.4318 0.2816
-0.0841 5.4860 0.2652
-0.0570 5.4936 0.2703
-0.0283 5.4971 0.2731
-0.0257 5.4487 0.3021
-0.0521 5.4433 0.2987
-0.0514 5.3951 0.3123
-0.0539 5.3460 0.3226
-0.0786 5.3471 0.3165
-0.0755 5.3906 0.3068
-0.1046 5.3500 0.3067
-0.0999 5.3890 0.2975
-0.1238 5.3866 0.2833
-0.1282 5.3500 0.2939
-0.1494 5.3461 0.2783
-0.1486 5.3786 0.2637
-0.1718 5.3348 0.2561
-0.1756 5.3649 0.2350
-0.1906 5.3538 0.2069
-0.1880 5.3241 0.2252
-0.1974 5.3131 0.1987
-0.2016 5.3358 0.1818
-0.0692 4.8498 0.2481
-0.0488 5.0783 0.3382
-0.0431 5.0833 0.3511
-0.0503 5.0758 0.3278
-0.0340 5.1869 0.3048
-0.0320 5.1110 0.3502
-0.0328 5.1036 0.3583
-0.0420 5.1052 0.3418
-0.0353 5.0930 0.3620
-0.0362 5.0868 0.3623
-0.0348 5.0792 0.3629
-0.1502 5.0967 0.2816
-0.1265 5.1074 0.3008
-0.1472 5.1275 0.2826
-0.1423 5.1473 0.2761
-0.1358 5.2057 0.2696
-0.1495 5.1882 0.2581
-0.1419 5.1867 0.2638
-0.1510 5.1635 0.2600
-0.1453 4.9672 0.1798
-0.1378 4.9623 0.2044
-0.1535 4.9804 0.1554
-0.1605 5.0095 0.1708
-0.1520 5.0018 0.1986
-0.2049 5.1470 0.1836
-0.1964 5.1243 0.2006
-0.1431 4.9975 0.2238
-0.1035 4.8542 0.1551
-0.1651 5.0960 0.2615
-0.1857 5.1089 0.2223
-0.1755 5.0987 0.2423
-0.0962 5.1266 0.3067
-0.0390 5.1117 0.3353
-0.0293 5.1216 0.3425
-0.0087 5.1369 0.3603
-0.0173 5.1343 0.3567
-0.1561 5.1926 0.2526
-0.1700 5.1827 0.2351
-0.1609 5.1998 0.2469
-0.1841 5.1705 0.2297
-0.1674 5.1265 0.2640
-0.2017 5.2536 0.1836
-0.1981 5.2715 0.2021
-0.1925 5.2861 0.2213
-0.1829 5.2973 0.2468
-0.1707 5.3086 0.2690
-0.1516 5.3171 0.2885
-0.1264 5.3194 0.3039
-0.0258 5.3962 0.3159
-0.0287 5.3455 0.3255
-0.0703 5.0120 0.3080
-0.0623 5.0019 0.3140
-0.0237 5.1294 0.3503
-0.0539 4.9797 0.3173
-0.0568 4.9878 0.3183
-0.0452 4.9860 0.3257
-0.0484 4.9702 0.3036
-0.0369 4.9256 0.2783
-0.0466 5.2036 0.2864
-0.0554 5.1911 0.2846
-0.0647 5.2035 0.2795
-0.0570 5.2092 0.2804
-0.0247 5.2021 0.3126
-0.0733 5.1488 0.3016
-0.0713 5.1378 0.3080
-0.0609 5.2151 0.2780
-0.2058 5.1209 0.0910
-0.2170 5.1533 0.0875
-0.2150 5.1553 0.1179
-0.0630 5.1013 0.3161
-0.0347 5.0476 0.3261
-0.0172 5.0676 0.3552
-0.0195 5.0810 0.3400
-0.1582 5.2142 0.2440
-0.1554 5.2117 0.2485
-0.1582 5.2322 0.2585
-0.1526 5.2097 0.2543
-0.1523 5.2308 0.2569
-0.2078 5.4060 0.1646
-0.1988 5.3811 0.1875
-0.1609 5.2270 0.2522
-0.1684 5.2262 0.2475
-0.1563 5.2260 0.2513
-0.0183 4.8069 0.1872
-0.0208 4.8210 0.1616
-0.0338 4.8162 0.1819
-0.0504 4.8249 0.1768
-0.0683 4.8327 0.1690
-0.0529 4.8342 0.1604
-0.0714 4.8406 0.1539
-0.0556 5.0271 0.3172
-0.0352 4.8291 0.1590
-0.1609 5.1497 0.2627
-0.1237 4.8903 0.1197
-0.1613 4.9980 0.1364
-0.1935 5.1493 0.2210
-0.1793 5.2099 0.2252
-0.1799 5.2185 0.2312
-0.1680 5.2159 0.2368
-0.1690 5.2206 0.2416
-0.1610 5.2188 0.2430
-0.1624 5.2220 0.2462
-0.1577 5.2217 0.2464
-0.1689 5.0146 0.1096
-0.2091 5.1691 0.1724
-0.1669 5.2119 0.2347
-0.1599 5.2167 0.2427
-0.1791 5.2032 0.2226
-0.1893 5.1991 0.2076
-0.1992 5.1922 0.1912
-0.0362 5.0364 0.3277
-0.0512 5.0899 0.3289
-0.0516 5.0830 0.3275
-0.2121 5.1603 0.1458
-0.1781 5.0418 0.1028
-0.1711 5.0185 0.0784
-0.2099 5.3570 0.1619
-0.2187 5.3807 0.1378
-0.2196 5.1518 0.0546
-0.2071 5.1194 0.0556
-0.1816 5.0506 0.0690
-0.1308 4.9061 0.0995
-0.0199 4.8325 0.1449
-0.0367 4.8372 0.1459
-0.0545 4.8412 0.1453
-0.0735 4.8470 0.1389
-0.0555 4.8461 0.1322
-0.0772 4.8519 0.1253
-0.0373 4.8426 0.1326
-0.0201 4.8394 0.1336
-0.0955 4.8553 0.1309
-0.0922 4.8477 0.1465
-0.1194 4.8811 0.1082
-0.0982 4.8631 0.1156
-0.0843 4.8322 0.1780
-0.0882 4.8404 0.1606
-0.1081 4.8617 0.1408
-0.1135 4.8714 0.1252
-0.2036 5.2951 0.1756
-0.2039 5.2336 0.1700
-0.2104 5.3123 0.1574
-0.2078 5.2739 0.1561
-0.2105 5.2452 0.1410
-0.2184 5.2533 0.1211
-0.2166 5.2858 0.1361
-0.2194 5.3297 0.1362
-0.2252 5.2975 0.1151
-0.2245 5.2606 0.0989
-0.2290 5.3502 0.1081
-0.2332 5.3088 0.0871
-0.2298 5.2667 0.0690
-0.2217 5.1885 0.0859
-0.2188 5.1887 0.1134
-0.2142 5.1890 0.1385
-0.2243 5.1884 0.0554
-0.2262 5.2256 0.0601
-0.2225 5.2230 0.0885
-0.2071 5.2095 0.1626
-0.2086 5.1897 0.1660
-0.2134 5.2158 0.1345
-0.2181 5.2196 0.1128
-0.1587 5.2191 0.2433
-0.0001 4.9848 0.3290
0.1688 5.0169 0.1261
-0.1688 5.0169 0.1261
0.0668 5.2262 0.2792
0.0592 5.2340 0.2844
0.0553 5.2359 0.2898
0.0502 5.2474 0.3005
0.0553 5.2873 0.3230
0.0405 5.2888 0.3262
0.0257 5.2873 0.3281
-0.0002 5.2846 0.3299
-0.0257 5.2873 0.3281
-0.0405 5.2888 0.3262
-0.0553 5.2873 0.3230
-0.0503 5.2474 0.3004
-0.0553 5.2359 0.2898
-0.0592 5.2340 0.2844
-0.0669 5.2262 0.2793
-0.1082 5.2085 0.2719
-0.0984 5.2105 0.2719
-0.1220 5.2079 0.2712
-0.1472 5.2100 0.2594
-0.1419 5.2092 0.2637
-0.0810 5.2131 0.2778
-0.0896 5.2117 0.2766
-0.0683 5.2123 0.2763
-0.0633 5.2118 0.2763
-0.1344 5.2092 0.2670
-0.1510 5.2114 0.2542
-0.1549 5.2129 0.2482
-0.1575 5.2162 0.2440
0.0984 5.2105 0.2719
0.1082 5.2085 0.2719
0.1220 5.2079 0.2712
0.1419 5.2092 0.2637
0.1472 5.2100 0.2594
0.0896 5.2117 0.2766
0.0810 5.2131 0.2778
0.0633 5.2118 0.2763
0.0683 5.2123 0.2763
0.1344 5.2091 0.2670
0.1510 5.2114 0.2542
0.1549 5.2129 0.2482
0.1575 5.2162 0.2440
0.1587 5.2191 0.2433
-0.1587 5.2177 0.2433
0.0386 5.0733 0.3322
-0.0386 5.0733 0.3322
0.0738 4.9482 0.2755
0.0728 4.9472 0.2757
0.0646 4.9580 0.2834
0.0615 4.9502 0.2813
0.0561 4.9628 0.2896
0.0523 4.9501 0.2846
0.0185 4.9784 0.3122
0.0148 4.9426 0.2968
0.0236 4.9451 0.2942
0.0280 4.9764 0.3078
0.0084 4.9794 0.3150
0.0070 4.9412 0.2978
0.0000 4.9807 0.3149
-0.0022 4.9412 0.2969
0.0427 4.9490 0.2882
0.0450 4.9694 0.2956
0.0373 4.9727 0.3027
0.0329 4.9475 0.2916
0.0743 4.9484 0.2762
-0.0728 4.9472 0.2757
-0.0642 4.9532 0.2813
-0.0646 4.9580 0.2834
-0.0738 4.9482 0.2755
-0.0564 4.9530 0.2841
-0.0561 4.9628 0.2896
-0.0185 4.9784 0.3122
-0.0280 4.9764 0.3078
-0.0280 4.9479 0.2934
-0.0190 4.9449 0.2958
-0.0118 4.9429 0.2972
-0.0084 4.9794 0.3150
-0.0475 4.9517 0.2879
-0.0379 4.9504 0.2913
-0.0373 4.9727 0.3027
-0.0450 4.9694 0.2956
-0.0743 4.9484 0.2762
-0.1116 4.9981 0.2858
-0.1031 5.0274 0.2975
-0.0828 5.0580 0.3060
-0.0578 5.0923 0.3145
-0.0465 5.1094 0.3207
-0.0371 5.1222 0.3267
-0.0292 5.1324 0.3358
-0.0233 5.1408 0.3436
-0.0167 5.1462 0.3499
-0.0089 5.1496 0.3534
0.0000 5.1513 0.3547
0.0089 5.1496 0.3534
0.0167 5.1462 0.3499
0.0233 5.1408 0.3436
0.0292 5.1325 0.3358
0.0372 5.1222 0.3267
0.0465 5.1094 0.3207
0.0578 5.0923 0.3145
0.0828 5.0580 0.3060
0.1031 5.0274 0.2975
0.1116 4.9981 0.2858
0.1182 4.9528 0.2512
0.1172 4.9320 0.2381
0.1136 4.9095 0.2271
0.0997 4.8666 0.2172
0.0884 4.8421 0.2175
0.0752 4.8208 0.2221
0.0585 4.8016 0.2301
0.0412 4.7923 0.2390
0.0259 4.7891 0.2480
0.0127 4.7896 0.2542
0.0000 4.7906 0.2583
-0.0127 4.7896 0.2542
-0.0259 4.7891 0.2480
-0.0412 4.7923 0.2390
-0.0585 4.8016 0.2301
-0.0753 4.8208 0.2219
-0.0884 4.8422 0.2175
-0.0997 4.8666 0.2172
-0.1136 4.9095 0.2271
-0.1172 4.9320 0.2381
-0.1182 4.9528 0.2512
-0.1361 5.0258 0.2745
-0.1205 5.0532 0.2998
-0.0936 5.0853 0.3118
-0.0670 5.1130 0.3159
-0.0520 5.1282 0.3169
-0.0413 5.1401 0.3194
-0.0316 5.1514 0.3257
-0.0245 5.1606 0.3333
-0.0177 5.1663 0.3396
-0.0097 5.1695 0.3438
0.0000 5.1727 0.3452
0.1361 5.0258 0.2745
0.1205 5.0532 0.2998
0.0936 5.0853 0.3118
0.0670 5.1130 0.3159
0.0521 5.1283 0.3169
0.0414 5.1402 0.3193
0.0317 5.1514 0.3256
0.0246 5.1606 0.3333
0.0177 5.1663 0.3396
0.0097 5.1695 0.3439
0.1334 4.9905 0.2466
0.1304 4.9579 0.2247
0.1263 4.9299 0.2095
0.1203 4.9086 0.1998
0.1057 4.8686 0.1921
0.0942 4.8423 0.1911
0.0835 4.8268 0.1948
0.0631 4.8130 0.2050
0.0436 4.8016 0.2120
0.0277 4.7923 0.2177
0.0126 4.7882 0.2251
0.0000 4.7865 0.2303
-0.0126 4.7882 0.2251
-0.0277 4.7923 0.2177
-0.0436 4.8016 0.2120
-0.0630 4.8130 0.2050
-0.0836 4.8269 0.1948
-0.0943 4.8424 0.1910
-0.1057 4.8686 0.1921
-0.1203 4.9086 0.1998
-0.1263 4.9299 0.2095
-0.1304 4.9579 0.2247
-0.1334 4.9905 0.2466
-0.1692 5.0683 0.2306
-0.1804 5.0774 0.2035
-0.1966 5.0936 0.0610
-0.1955 5.0915 0.0956
-0.1932 5.0943 0.1711
-0.1958 5.0905 0.1304
-0.1568 5.0602 0.2563
0.1804 5.0774 0.2035
0.1692 5.0683 0.2306
0.1958 5.0905 0.1304
0.1932 5.0943 0.1711
0.1955 5.0915 0.0956
0.1966 5.0936 0.0610
0.1568 5.0602 0.2563
-0.1435 5.0616 0.2807
0.1435 5.0616 0.2807
-0.0957 5.1065 0.3119
-0.0692 5.1256 0.3130
-0.1260 5.0790 0.3008
-0.0429 5.1493 0.3158
-0.0535 5.1384 0.3137
-0.0329 5.1605 0.3211
-0.0254 5.1711 0.3280
-0.0185 5.1771 0.3340
-0.0101 5.1816 0.3381
0.0000 5.1842 0.3400
0.0690 5.1256 0.3131
0.0957 5.1065 0.3119
0.0535 5.1384 0.3137
0.1260 5.0790 0.3008
0.0254 5.1711 0.3280
0.0330 5.1605 0.3211
0.0185 5.1771 0.3340
0.0101 5.1816 0.3381
0.0429 5.1492 0.3158
0.1613 5.0391 0.2164
0.1707 5.0452 0.1874
0.1503 5.0320 0.2427
0.1100 4.9712 0.2743
0.1177 4.9727 0.2668
0.1253 4.9814 0.2602
-0.1707 5.0452 0.1874
-0.1613 5.0391 0.2164
-0.1791 5.0544 0.1599
-0.1503 5.0320 0.2427
-0.0972 4.9715 0.2795
-0.1100 4.9712 0.2743
-0.1177 4.9727 0.2668
-0.1253 4.9814 0.2602
-0.1890 5.0737 0.0649
-0.1865 5.0662 0.0992
-0.1851 5.0613 0.1306
0.1791 5.0544 0.1599
0.1851 5.0613 0.1306
0.1865 5.0662 0.0991
0.1890 5.0737 0.0649
0.0972 4.9715 0.2795
-0.0849 4.9689 0.2858
-0.0911 4.9713 0.2807
-0.0763 4.9584 0.2866
-0.0798 4.9640 0.2877
0.0798 4.9640 0.2877
0.0763 4.9584 0.2866
0.0849 4.9689 0.2858
0.0911 4.9713 0.2807
0.1406 4.9321 0.0939
0.1333 4.9156 0.1151
0.1265 4.9010 0.1356
0.1216 4.8941 0.1528
0.1178 4.8902 0.1728
0.1139 4.8895 0.1945
0.1112 4.8894 0.2084
0.1077 4.8880 0.2201
0.1037 4.8901 0.2328
0.0988 4.9007 0.2463
0.0924 4.9143 0.2606
0.0871 4.9248 0.2660
0.0794 4.9348 0.2719
0.0775 4.9397 0.2736
0.0752 4.9441 0.2763
0.0722 4.9473 0.2748
0.0687 4.9497 0.2779
0.0703 4.9550 0.2786
0.0715 4.9536 0.2815
0.0731 4.9541 0.2836
-0.1406 4.9321 0.0939
-0.1333 4.9156 0.1152
-0.1265 4.9011 0.1357
-0.1217 4.8941 0.1528
-0.1178 4.8902 0.1728
-0.1139 4.8895 0.1946
-0.1112 4.8894 0.2084
-0.1077 4.8880 0.2201
-0.1037 4.8901 0.2328
-0.0988 4.9007 0.2463
-0.0924 4.9143 0.2606
-0.0871 4.9248 0.2660
-0.0794 4.9348 0.2719
-0.0775 4.9397 0.2736
-0.0752 4.9441 0.2763
-0.0722 4.9473 0.2748
-0.0698 4.9490 0.2771
-0.0703 4.9550 0.2786
-0.0715 4.9536 0.2815
-0.0729 4.9539 0.2834
