-0.0388510003685951 0.8970659971237183 0.2849439978599548
-0.0364219993352890 0.8974549770355224 0.2881239950656891
-0.0427450016140937 0.9061549901962280 0.2919059991836548
-0.0451800003647804 0.9051610231399537 0.2890090048313141
-0.0345869995653629 0.8981950283050537 0.2896389961242676
-0.0409299992024898 0.9071879982948303 0.2935529947280884
-0.0487870015203952 0.9163020253181458 0.2977280020713806
-0.0505790002644062 0.9148060083389283 0.2958930134773254
-0.0529320016503334 0.9131529927253723 0.2931199967861176
-0.0614459998905658 0.9233840107917786 0.3002820014953613
-0.0635249987244606 0.9209520220756531 0.2973279953002930
-0.0596799999475479 0.9256569743156433 0.3024370074272156
-0.0742139965295791 0.9328920245170593 0.3055450022220612
-0.0756189972162246 0.9298819899559021 0.3031719923019409
-0.0770680010318756 0.9268149733543396 0.3000639975070954
-0.0933799967169761 0.9322969913482666 0.3026539981365204
-0.0936670005321502 0.9290030002593994 0.2997530102729797
-0.0930040031671524 0.9356499910354614 0.3049280047416687
-0.1126260012388229 0.9347289800643921 0.3001070022583008
-0.1117779985070229 0.9314060211181641 0.2982159852981567
-0.1107710003852844 0.9281920194625855 0.2957910001277924
-0.1296599954366684 0.9309219717979432 0.2905890047550202
-0.1278550028800964 0.9279770255088806 0.2893289923667908
-0.1427219957113266 0.9258880019187927 0.2790299952030182
-0.1403460055589676 0.9233649969100952 0.2782869935035706
-0.1376859992742538 0.9207230210304260 0.2770430147647858
-0.1258389949798584 0.9250550270080567 0.2875539958477020
-0.1479820013046265 0.9189220070838929 0.2673709988594055
-0.1451410055160523 0.9163510203361512 0.2662549912929535
-0.1504310071468353 0.9212880134582519 0.2680700123310089
-0.1554629951715469 0.9169030189514161 0.2574149966239929
-0.1531859934329987 0.9145659804344177 0.2565200030803680
-0.1503939926624298 0.9119529724121093 0.2553290128707886
-0.0564140006899833 0.9111769795417786 0.2884779870510101
-0.0488630011677742 0.9042509794235229 0.2836000025272369
-0.0601130016148090 0.9095309972763062 0.2836039960384369
-0.0529289990663528 0.9036560058593750 0.2779699862003326
-0.0465559996664524 0.8980159759521485 0.2717469930648804
-0.0424540005624294 0.8973690271377563 0.2784320116043091
-0.0786060020327568 0.9236410260200500 0.2954800128936767
-0.0662410035729408 0.9182000160217285 0.2927739918231964
-0.0799359977245330 0.9210209846496582 0.2907649874687195
-0.0689300000667572 0.9158800244331360 0.2880490124225616
-0.1094539985060692 0.9251999855041504 0.2922930121421814
-0.0937659963965415 0.9258289933204650 0.2955949902534485
-0.1080579981207848 0.9227659702301025 0.2884350121021271
-0.0936840027570724 0.9232620000839233 0.2912130057811737
-0.1233970001339912 0.9221690297126770 0.2847389876842499
-0.1209319978952408 0.9196910262107849 0.2814680039882660
-0.1344619989395142 0.9178519845008850 0.2747929990291596
-0.1312340050935745 0.9152320027351379 0.2720299959182739
-0.1465599983930588 0.9087910056114196 0.2535440027713776
-0.1415140032768249 0.9133639931678772 0.2643049955368042
-0.1427119970321655 0.9058480262756348 0.2512739896774292
-0.1378840059041977 0.9105870127677917 0.2618399858474732
-0.1261949986219406 0.9118329882621765 0.2664769887924194
-0.1285749971866608 0.9133489727973938 0.2692579925060272
-0.1350360065698624 0.9086400270462036 0.2591899931430817
-0.1325740069150925 0.9071040153503418 0.2564409971237183
-0.1398639976978302 0.9038940072059631 0.2486200034618378
-0.1375209987163544 0.9024389982223511 0.2457759976387024
-0.1188500002026558 0.9179919958114624 0.2783229947090149
-0.1068110018968582 0.9212419986724854 0.2849330008029938
-0.1169520020484924 0.9166769981384278 0.2752380073070526
-0.1056429967284203 0.9201700091361999 0.2816100120544434
-0.0813380032777786 0.9188159704208374 0.2843430042266846
-0.0807610005140304 0.9196109771728516 0.2872529923915863
-0.0934159979224205 0.9217799901962280 0.2876400053501129
-0.0930600017309188 0.9208390116691589 0.2844679951667786
-0.0658119991421699 0.9087030291557312 0.2773869931697845
-0.0631359964609146 0.9088709950447082 0.2801420092582703
-0.0709429979324340 0.9147570133209229 0.2845869958400726
-0.0726170018315315 0.9142320156097412 0.2817580103874206
-0.0542949996888637 0.8992900252342225 0.2658199965953827
-0.0504699982702732 0.8986570239067077 0.2680410146713257
-0.0565060004591941 0.9036059975624084 0.2744129896163940
-0.0598450005054473 0.9038310050964356 0.2718850076198578
-0.1375309973955154 0.9024850130081176 0.2457759976387024
-0.1400119960308075 0.9017660021781921 0.2465279996395111
-0.1380819976329804 0.8988969922065734 0.2493170052766800
-0.1357160061597824 0.8997229933738708 0.2485339939594269
-0.1422919929027557 0.9006000161170959 0.2468740046024323
-0.1402959972620010 0.8976439833641052 0.2497020065784454
-0.1374949961900711 0.8944169878959656 0.2528710067272186
-0.1354089975357056 0.8958489894866943 0.2524049878120422
-0.1332180052995682 0.8968679904937745 0.2516030073165893
-0.1312610059976578 0.8924329876899720 0.2561010122299194
-0.1293600052595139 0.8938350081443786 0.2552930116653442
-0.1330959945917129 0.8906379938125610 0.2567090094089508
-0.1271030008792877 0.8869969844818116 0.2612000107765198
-0.1255850046873093 0.8891749978065491 0.2604210078716278
-0.1240269988775253 0.8909509778022766 0.2595430016517639
-0.1183379963040352 0.8865990042686463 0.2653909921646118
-0.1171170026063919 0.8885329961776733 0.2642920017242432
-0.1195330023765564 0.8841819763183594 0.2663309872150421
-0.1106320023536682 0.8822559714317322 0.2710829973220825
-0.1098499968647957 0.8848299980163574 0.2700079977512360
-0.1090390011668205 0.8868499994277955 0.2687039971351624
-0.1004490032792091 0.8839910030364991 0.2732770144939423
-0.1002110019326210 0.8861730098724365 0.2719550132751465
-0.1006470024585724 0.8812829852104187 0.2744399905204773
-0.0901129990816116 0.8818839788436890 0.2762979865074158
-0.0904989987611770 0.8845689892768860 0.2750369906425476
-0.0908259972929954 0.8868029713630676 0.2737460136413574
-0.0803679972887039 0.8870540261268616 0.2751159965991974
-0.0810810029506683 0.8890439867973327 0.2737829983234405
-0.0795660018920898 0.8846859931945801 0.2765510082244873
-0.0700130015611648 0.8879910111427308 0.2756929993629456
-0.0710920020937919 0.8899019956588745 0.2741160094738007
-0.0720750018954277 0.8914849758148193 0.2727270126342773
-0.0636970028281211 0.8915709853172302 0.2726350128650665
-0.0649140030145645 0.8927140235900879 0.2712349891662598
-0.0624459981918335 0.8901060223579407 0.2742190062999725
-0.0558720007538795 0.8916239738464356 0.2724330127239227
-0.0572450011968612 0.8926579952239990 0.2709119915962219
-0.0586769990622997 0.8933320045471191 0.2695260047912598
-0.1409599930047989 0.8895450234413147 0.2520419955253601
-0.1393720060586929 0.8921449780464173 0.2526560127735138
-0.1422069966793060 0.8955249786376954 0.2493029981851578
-0.1437480002641678 0.8929939866065979 0.2485010027885437
-0.1441739946603775 0.8985520005226135 0.2464029937982559
-0.1455830037593842 0.8959959745407104 0.2455639988183975
-0.1297719925642014 0.8808100223541260 0.2620739936828613
-0.1285420060157776 0.8840219974517823 0.2617770135402679
-0.1347949951887131 0.8880580067634583 0.2569130063056946
-0.1362539976835251 0.8851969838142395 0.2567780017852783
-0.1119759976863861 0.8747879862785339 0.2720110118389130
-0.1113580018281937 0.8785799741744995 0.2717039883136749
-0.1206739991903305 0.8808040022850036 0.2669549882411957
-0.1216479986906052 0.8772469758987427 0.2672820091247559
-0.0891259983181953 0.8747249841690063 0.2785620093345642
-0.0896079987287521 0.8782899975776672 0.2775120139122009
-0.1007689982652664 0.8775179982185363 0.2752839922904968
-0.1008450016379356 0.8737180233001709 0.2758820056915283
-0.0675999969244003 0.8828750252723694 0.2795149981975556
-0.0687460005283355 0.8854370117187500 0.2776539921760559
-0.0785859972238540 0.8815649747848511 0.2781980037689209
-0.0776820033788681 0.8784869909286499 0.2797259986400604
-0.0535760000348091 0.8878780007362365 0.2759929895401001
-0.0546250008046627 0.8898749947547913 0.2742309868335724
-0.0611290000379085 0.8879870176315308 0.2761749923229218
-0.0599739998579025 0.8857539892196655 0.2780629992485046
-0.1464570015668869 0.8933179974555969 0.2448090016841888
-0.1448570042848587 0.8905029892921448 0.2476900070905685
-0.1470649987459183 0.8905749917030335 0.2440959960222244
-0.1457480043172836 0.8880270123481751 0.2468740046024323
-0.1432300060987472 0.8847579956054688 0.2504979968070984
-0.1421840041875839 0.8871099948883057 0.2513000071048737
-0.1373659968376160 0.8825629949569702 0.2563689947128296
-0.1306670010089874 0.8779339790344238 0.2620080113410950
-0.1383060067892075 0.8800410032272339 0.2558209896087646
-0.1313930004835129 0.8752229809761047 0.2617610096931458
-0.1223440021276474 0.8743000030517578 0.2673310041427612
-0.1124240010976791 0.8718829751014710 0.2721590101718903
-0.1229090020060539 0.8716560006141663 0.2672449946403503
-0.1127870008349419 0.8694189786911011 0.2722220122814179
-0.1009140014648437 0.8709139823913574 0.2763069868087769
-0.0888129994273185 0.8721179962158203 0.2793369889259338
-0.1009770035743713 0.8686050176620484 0.2766470015048981
-0.0885789990425109 0.8699970245361329 0.2799699902534485
-0.0771109983325004 0.8762339949607849 0.2807990014553070
-0.0668840035796165 0.8809490203857422 0.2807990014553070
-0.0767090022563934 0.8743950128555297 0.2816430032253265
-0.0663829967379570 0.8793389797210693 0.2817980051040649
-0.0591990016400814 0.8839529752731323 0.2794390022754669
-0.0527900010347366 0.8861010074615479 0.2773990035057068
-0.0586180016398429 0.8823620080947876 0.2805599868297577
-0.0521369986236095 0.8844259977340699 0.2786340117454529
0.0386629998683929 0.8970659971237183 0.2849439978599548
0.0449919998645782 0.9051610231399537 0.2890090048313141
0.0425570011138916 0.9061549901962280 0.2919059991836548
0.0362370014190673 0.8974549770355224 0.2881239950656891
0.0527470000088214 0.9131529927253723 0.2931199967861176
0.0503909997642040 0.9148060083389283 0.2958930134773254
0.0425570011138916 0.9061549901962280 0.2919059991836548
0.0449919998645782 0.9051610231399537 0.2890090048313141
0.0486019998788833 0.9163020253181458 0.2977280020713806
0.0407419987022876 0.9071879982948303 0.2935529947280884
0.0425570011138916 0.9061549901962280 0.2919059991836548
0.0503909997642040 0.9148060083389283 0.2958930134773254
0.0343989990651607 0.8981950283050537 0.2896389961242676
0.0362370014190673 0.8974549770355224 0.2881239950656891
0.0425570011138916 0.9061549901962280 0.2919059991836548
0.0407419987022876 0.9071879982948303 0.2935529947280884
0.0527470000088214 0.9131529927253723 0.2931199967861176
0.0633400008082389 0.9209520220756531 0.2973279953002930
0.0612579993903637 0.9233840107917786 0.3002820014953613
0.0503909997642040 0.9148060083389283 0.2958930134773254
0.0768800005316734 0.9268130064010620 0.3000639975070954
0.0754309967160224 0.9298819899559021 0.3031719923019409
0.0612579993903637 0.9233840107917786 0.3002820014953613
0.0633400008082389 0.9209520220756531 0.2973279953002930
0.0740260034799575 0.9328920245170593 0.3055450022220612
0.0594919994473457 0.9256569743156433 0.3024370074272156
0.0612579993903637 0.9233840107917786 0.3002820014953613
0.0754309967160224 0.9298819899559021 0.3031719923019409
0.0486019998788833 0.9163020253181458 0.2977280020713806
0.0503909997642040 0.9148060083389283 0.2958930134773254
0.0612579993903637 0.9233840107917786 0.3002820014953613
0.0594919994473457 0.9256569743156433 0.3024370074272156
0.0768800005316734 0.9268130064010620 0.3000639975070954
0.0934790000319480 0.9290030002593994 0.2997530102729797
0.0931920036673545 0.9322969913482666 0.3026539981365204
0.0754309967160224 0.9298819899559021 0.3031719923019409
0.1105829998850822 0.9281920194625855 0.2957910001277924
0.1115889996290207 0.9314060211181641 0.2982159852981567
0.0931920036673545 0.9322969913482666 0.3026539981365204
0.0934790000319480 0.9290030002593994 0.2997530102729797
0.1124370023608208 0.9347289800643921 0.3001070022583008
0.0928160026669502 0.9356499910354614 0.3049280047416687
0.0931920036673545 0.9322969913482666 0.3026539981365204
0.1115889996290207 0.9314060211181641 0.2982159852981567
0.0740260034799575 0.9328920245170593 0.3055450022220612
0.0754309967160224 0.9298819899559021 0.3031719923019409
0.0931920036673545 0.9322969913482666 0.3026539981365204
0.0928160026669502 0.9356499910354614 0.3049280047416687
0.1124370023608208 0.9347289800643921 0.3001070022583008
0.1115889996290207 0.9314060211181641 0.2982159852981567
0.1276669949293137 0.9279770255088806 0.2893289923667908
0.1294720023870468 0.9309219717979432 0.2905890047550202
0.1105829998850822 0.9281920194625855 0.2957910001277924
0.1256510019302368 0.9250550270080567 0.2875539958477020
0.1276669949293137 0.9279770255088806 0.2893289923667908
0.1115889996290207 0.9314060211181641 0.2982159852981567
0.1375010013580322 0.9207230210304260 0.2770430147647858
0.1401579976081848 0.9233649969100952 0.2782869935035706
0.1276669949293137 0.9279770255088806 0.2893289923667908
0.1256510019302368 0.9250550270080567 0.2875539958477020
0.1425340026617050 0.9258880019187927 0.2790299952030182
0.1294720023870468 0.9309219717979432 0.2905890047550202
0.1276669949293137 0.9279770255088806 0.2893289923667908
0.1401579976081848 0.9233649969100952 0.2782869935035706
0.1375010013580322 0.9207230210304260 0.2770430147647858
0.1449519991874695 0.9163510203361512 0.2662549912929535
0.1477939933538437 0.9189220070838929 0.2673709988594055
0.1401579976081848 0.9233649969100952 0.2782869935035706
0.1502059996128082 0.9119529724121093 0.2553290128707886
0.1529980003833771 0.9145659804344177 0.2565200030803680
0.1477939933538437 0.9189220070838929 0.2673709988594055
0.1449519991874695 0.9163510203361512 0.2662549912929535
0.1552750021219253 0.9169030189514161 0.2574149966239929
0.1502420008182526 0.9212880134582519 0.2680700123310089
0.1477939933538437 0.9189220070838929 0.2673709988594055
0.1529980003833771 0.9145659804344177 0.2565200030803680
0.1425340026617050 0.9258880019187927 0.2790299952030182
0.1401579976081848 0.9233649969100952 0.2782869935035706
0.1477939933538437 0.9189220070838929 0.2673709988594055
0.1502420008182526 0.9212880134582519 0.2680700123310089
0.0527470000088214 0.9131529927253723 0.2931199967861176
0.0449919998645782 0.9051610231399537 0.2890090048313141
0.0486750006675720 0.9042509794235229 0.2836000025272369
0.0562250018119812 0.9111769795417786 0.2884779870510101
0.0386629998683929 0.8970659971237183 0.2849439978599548
0.0422660000622272 0.8973690271377563 0.2784320116043091
0.0486750006675720 0.9042509794235229 0.2836000025272369
0.0449919998645782 0.9051610231399537 0.2890090048313141
0.0463679991662502 0.8980159759521485 0.2717469930648804
0.0527409985661506 0.9036560058593750 0.2779699862003326
0.0486750006675720 0.9042509794235229 0.2836000025272369
0.0422660000622272 0.8973690271377563 0.2784320116043091
0.0599279999732971 0.9095309972763062 0.2836039960384369
0.0562250018119812 0.9111769795417786 0.2884779870510101
0.0486750006675720 0.9042509794235229 0.2836000025272369
0.0527409985661506 0.9036560058593750 0.2779699862003326
0.0768800005316734 0.9268130064010620 0.3000639975070954
0.0633400008082389 0.9209520220756531 0.2973279953002930
0.0660530030727386 0.9182000160217285 0.2927739918231964
0.0784180015325546 0.9236410260200500 0.2954800128936767
0.0527470000088214 0.9131529927253723 0.2931199967861176
0.0562250018119812 0.9111769795417786 0.2884779870510101
0.0660530030727386 0.9182000160217285 0.2927739918231964
0.0633400008082389 0.9209520220756531 0.2973279953002930
0.0599279999732971 0.9095309972763062 0.2836039960384369
0.0687419995665550 0.9158800244331360 0.2880490124225616
0.0660530030727386 0.9182000160217285 0.2927739918231964
0.0562250018119812 0.9111769795417786 0.2884779870510101
0.0797479972243309 0.9210190176963807 0.2907649874687195
0.0784180015325546 0.9236410260200500 0.2954800128936767
0.0660530030727386 0.9182000160217285 0.2927739918231964
0.0687419995665550 0.9158800244331360 0.2880490124225616
0.1105829998850822 0.9281920194625855 0.2957910001277924
0.0934790000319480 0.9290030002593994 0.2997530102729797
0.0935780033469200 0.9258289933204650 0.2955949902534485
0.1092659980058670 0.9251999855041504 0.2922930121421814
0.0768800005316734 0.9268130064010620 0.3000639975070954
0.0784180015325546 0.9236410260200500 0.2954800128936767
0.0935780033469200 0.9258289933204650 0.2955949902534485
0.0934790000319480 0.9290030002593994 0.2997530102729797
0.0797479972243309 0.9210190176963807 0.2907649874687195
0.0934960022568702 0.9232620000839233 0.2912130057811737
0.0935780033469200 0.9258289933204650 0.2955949902534485
0.0784180015325546 0.9236410260200500 0.2954800128936767
0.1078699976205826 0.9227659702301025 0.2884350121021271
0.1092659980058670 0.9251999855041504 0.2922930121421814
0.0935780033469200 0.9258289933204650 0.2955949902534485
0.0934960022568702 0.9232620000839233 0.2912130057811737
0.1078699976205826 0.9227659702301025 0.2884350121021271
0.1207439973950386 0.9196910262107849 0.2814680039882660
0.1232089996337891 0.9221690297126770 0.2847389876842499
0.1092659980058670 0.9251999855041504 0.2922930121421814
0.1310459971427917 0.9152320027351379 0.2720299959182739
0.1342740058898926 0.9178519845008850 0.2747929990291596
0.1232089996337891 0.9221690297126770 0.2847389876842499
0.1207439973950386 0.9196910262107849 0.2814680039882660
0.1375010013580322 0.9207230210304260 0.2770430147647858
0.1256510019302368 0.9250550270080567 0.2875539958477020
0.1232089996337891 0.9221690297126770 0.2847389876842499
0.1342740058898926 0.9178519845008850 0.2747929990291596
0.1105829998850822 0.9281920194625855 0.2957910001277924
0.1092659980058670 0.9251999855041504 0.2922930121421814
0.1232089996337891 0.9221690297126770 0.2847389876842499
0.1256510019302368 0.9250550270080567 0.2875539958477020
0.1502059996128082 0.9119529724121093 0.2553290128707886
0.1449519991874695 0.9163510203361512 0.2662549912929535
0.1413259953260422 0.9133639931678772 0.2643049955368042
0.1463710069656372 0.9087910056114196 0.2535440027713776
0.1375010013580322 0.9207230210304260 0.2770430147647858
0.1342740058898926 0.9178519845008850 0.2747929990291596
0.1413259953260422 0.9133639931678772 0.2643049955368042
0.1449519991874695 0.9163510203361512 0.2662549912929535
0.1310459971427917 0.9152320027351379 0.2720299959182739
0.1376959979534149 0.9105870127677917 0.2618399858474732
0.1413259953260422 0.9133639931678772 0.2643049955368042
0.1342740058898926 0.9178519845008850 0.2747929990291596
0.1425240039825440 0.9058480262756348 0.2512739896774292
0.1463710069656372 0.9087910056114196 0.2535440027713776
0.1413259953260422 0.9133639931678772 0.2643049955368042
0.1376959979534149 0.9105870127677917 0.2618399858474732
0.1260070055723190 0.9118329882621765 0.2664769887924194
0.1323859989643097 0.9071040153503418 0.2564409971237183
0.1348479986190796 0.9086400270462036 0.2591899931430817
0.1283860057592392 0.9133489727973938 0.2692579925060272
0.1373330056667328 0.9024389982223511 0.2457759976387024
0.1396760046482086 0.9038940072059631 0.2486200034618378
0.1348479986190796 0.9086400270462036 0.2591899931430817
0.1323859989643097 0.9071040153503418 0.2564409971237183
0.1425240039825440 0.9058480262756348 0.2512739896774292
0.1376959979534149 0.9105870127677917 0.2618399858474732
0.1348479986190796 0.9086400270462036 0.2591899931430817
0.1396760046482086 0.9038940072059631 0.2486200034618378
0.1310459971427917 0.9152320027351379 0.2720299959182739
0.1283860057592392 0.9133489727973938 0.2692579925060272
0.1348479986190796 0.9086400270462036 0.2591899931430817
0.1376959979534149 0.9105870127677917 0.2618399858474732
0.1078699976205826 0.9227659702301025 0.2884350121021271
0.1066230013966560 0.9212419986724854 0.2849330008029938
0.1186610013246536 0.9179919958114624 0.2783229947090149
0.1207439973950386 0.9196910262107849 0.2814680039882660
0.1054550036787987 0.9201700091361999 0.2816100120544434
0.1167640015482903 0.9166769981384278 0.2752380073070526
0.1186610013246536 0.9179919958114624 0.2783229947090149
0.1066230013966560 0.9212419986724854 0.2849330008029938
0.1260070055723190 0.9118329882621765 0.2664769887924194
0.1283860057592392 0.9133489727973938 0.2692579925060272
0.1186610013246536 0.9179919958114624 0.2783229947090149
0.1167640015482903 0.9166769981384278 0.2752380073070526
0.1310459971427917 0.9152320027351379 0.2720299959182739
0.1207439973950386 0.9196910262107849 0.2814680039882660
0.1186610013246536 0.9179919958114624 0.2783229947090149
0.1283860057592392 0.9133489727973938 0.2692579925060272
0.0811500027775764 0.9188159704208374 0.2843430042266846
0.0928720012307167 0.9208390116691589 0.2844679951667786
0.0932279974222183 0.9217799901962280 0.2876400053501129
0.0805730000138282 0.9196109771728516 0.2872529923915863
0.1054550036787987 0.9201700091361999 0.2816100120544434
0.1066230013966560 0.9212419986724854 0.2849330008029938
0.0932279974222183 0.9217799901962280 0.2876400053501129
0.0928720012307167 0.9208390116691589 0.2844679951667786
0.1078699976205826 0.9227659702301025 0.2884350121021271
0.0934960022568702 0.9232620000839233 0.2912130057811737
0.0932279974222183 0.9217799901962280 0.2876400053501129
0.1066230013966560 0.9212419986724854 0.2849330008029938
0.0797479972243309 0.9210190176963807 0.2907649874687195
0.0805730000138282 0.9196109771728516 0.2872529923915863
0.0932279974222183 0.9217799901962280 0.2876400053501129
0.0934960022568702 0.9232620000839233 0.2912130057811737
0.0656239986419677 0.9087030291557312 0.2773869931697845
0.0724280029535293 0.9142320156097412 0.2817580103874206
0.0707549974322319 0.9147570133209229 0.2845869958400726
0.0629480034112930 0.9088709950447082 0.2801420092582703
0.0811500027775764 0.9188159704208374 0.2843430042266846
0.0805730000138282 0.9196109771728516 0.2872529923915863
0.0707549974322319 0.9147570133209229 0.2845869958400726
0.0724280029535293 0.9142320156097412 0.2817580103874206
0.0797479972243309 0.9210190176963807 0.2907649874687195
0.0687419995665550 0.9158800244331360 0.2880490124225616
0.0707549974322319 0.9147570133209229 0.2845869958400726
0.0805730000138282 0.9196109771728516 0.2872529923915863
0.0599279999732971 0.9095309972763062 0.2836039960384369
0.0629480034112930 0.9088709950447082 0.2801420092582703
0.0707549974322319 0.9147570133209229 0.2845869958400726
0.0687419995665550 0.9158800244331360 0.2880490124225616
0.0541069991886615 0.8992900252342225 0.2658199965953827
0.0596570000052452 0.9038310050964356 0.2718850076198578
0.0563209988176822 0.9036059975624084 0.2744129896163940
0.0502850003540515 0.8986570239067077 0.2680410146713257
0.0656239986419677 0.9087030291557312 0.2773869931697845
0.0629480034112930 0.9088709950447082 0.2801420092582703
0.0563209988176822 0.9036059975624084 0.2744129896163940
0.0596570000052452 0.9038310050964356 0.2718850076198578
0.0599279999732971 0.9095309972763062 0.2836039960384369
0.0527409985661506 0.9036560058593750 0.2779699862003326
0.0563209988176822 0.9036059975624084 0.2744129896163940
0.0629480034112930 0.9088709950447082 0.2801420092582703
0.0463679991662502 0.8980159759521485 0.2717469930648804
0.0502850003540515 0.8986570239067077 0.2680410146713257
0.0563209988176822 0.9036059975624084 0.2744129896163940
0.0527409985661506 0.9036560058593750 0.2779699862003326
0.1373430043458939 0.9024850130081176 0.2457759976387024
0.1355279982089996 0.8997229933738708 0.2485339939594269
0.1378940045833588 0.8988969922065734 0.2493170052766800
0.1398240029811859 0.9017660021781921 0.2465279996395111
0.1330330073833466 0.8968679904937745 0.2516030073165893
0.1352210044860840 0.8958489894866943 0.2524049878120422
0.1378940045833588 0.8988969922065734 0.2493170052766800
0.1355279982089996 0.8997229933738708 0.2485339939594269
0.1373099982738495 0.8944169878959656 0.2528710067272186
0.1401080042123795 0.8976439833641052 0.2497020065784454
0.1378940045833588 0.8988969922065734 0.2493170052766800
0.1352210044860840 0.8958489894866943 0.2524049878120422
0.1421049982309341 0.9006000161170959 0.2468740046024323
0.1398240029811859 0.9017660021781921 0.2465279996395111
0.1378940045833588 0.8988969922065734 0.2493170052766800
0.1401080042123795 0.8976439833641052 0.2497020065784454
0.1330330073833466 0.8968679904937745 0.2516030073165893
0.1291719973087311 0.8938350081443786 0.2552930116653442
0.1310729980468750 0.8924329876899720 0.2561010122299194
0.1352210044860840 0.8958489894866943 0.2524049878120422
0.1238389983773232 0.8909509778022766 0.2595430016517639
0.1253969967365265 0.8891720175743103 0.2604210078716278
0.1310729980468750 0.8924329876899720 0.2561010122299194
0.1291719973087311 0.8938350081443786 0.2552930116653442
0.1269149929285049 0.8869969844818116 0.2612000107765198
0.1329070031642914 0.8906379938125610 0.2567090094089508
0.1310729980468750 0.8924329876899720 0.2561010122299194
0.1253969967365265 0.8891720175743103 0.2604210078716278
0.1373099982738495 0.8944169878959656 0.2528710067272186
0.1352210044860840 0.8958489894866943 0.2524049878120422
0.1310729980468750 0.8924329876899720 0.2561010122299194
0.1329070031642914 0.8906379938125610 0.2567090094089508
0.1238389983773232 0.8909509778022766 0.2595430016517639
0.1169290021061897 0.8885329961776733 0.2642920017242432
0.1181500032544136 0.8865990042686463 0.2653909921646118
0.1253969967365265 0.8891720175743103 0.2604210078716278
0.1088500022888184 0.8868499994277955 0.2687039971351624
0.1096619963645935 0.8848299980163574 0.2700079977512360
0.1181500032544136 0.8865990042686463 0.2653909921646118
0.1169290021061897 0.8885329961776733 0.2642920017242432
0.1104440018534660 0.8822559714317322 0.2710829973220825
0.1193479970097542 0.8841819763183594 0.2663309872150421
0.1181500032544136 0.8865990042686463 0.2653909921646118
0.1096619963645935 0.8848299980163574 0.2700079977512360
0.1269149929285049 0.8869969844818116 0.2612000107765198
0.1253969967365265 0.8891720175743103 0.2604210078716278
0.1181500032544136 0.8865990042686463 0.2653909921646118
0.1193479970097542 0.8841819763183594 0.2663309872150421
0.1088500022888184 0.8868499994277955 0.2687039971351624
0.1000230014324188 0.8861730098724365 0.2719550132751465
0.1002599969506264 0.8839910030364991 0.2732770144939423
0.1096619963645935 0.8848299980163574 0.2700079977512360
0.0906379967927932 0.8868029713630676 0.2737460136413574
0.0903109982609748 0.8845689892768860 0.2750369906425476
0.1002599969506264 0.8839910030364991 0.2732770144939423
0.1000230014324188 0.8861730098724365 0.2719550132751465
0.0899249985814094 0.8818839788436890 0.2762979865074158
0.1004590019583702 0.8812829852104187 0.2744399905204773
0.1002599969506264 0.8839910030364991 0.2732770144939423
0.0903109982609748 0.8845689892768860 0.2750369906425476
0.1104440018534660 0.8822559714317322 0.2710829973220825
0.1096619963645935 0.8848299980163574 0.2700079977512360
0.1002599969506264 0.8839910030364991 0.2732770144939423
0.1004590019583702 0.8812829852104187 0.2744399905204773
0.0906379967927932 0.8868029713630676 0.2737460136413574
0.0808930024504661 0.8890439867973327 0.2737829983234405
0.0801799967885017 0.8870540261268616 0.2751159965991974
0.0903109982609748 0.8845689892768860 0.2750369906425476
0.0718870013952255 0.8914849758148193 0.2727270126342773
0.0709040015935897 0.8899019956588745 0.2741160094738007
0.0801799967885017 0.8870540261268616 0.2751159965991974
0.0808930024504661 0.8890439867973327 0.2737829983234405
0.0698250010609626 0.8879910111427308 0.2756929993629456
0.0793780013918876 0.8846859931945801 0.2765510082244873
0.0801799967885017 0.8870540261268616 0.2751159965991974
0.0709040015935897 0.8899019956588745 0.2741160094738007
0.0899249985814094 0.8818839788436890 0.2762979865074158
0.0903109982609748 0.8845689892768860 0.2750369906425476
0.0801799967885017 0.8870540261268616 0.2751159965991974
0.0793780013918876 0.8846859931945801 0.2765510082244873
0.0718870013952255 0.8914849758148193 0.2727270126342773
0.0647260025143623 0.8927140235900879 0.2712349891662598
0.0635090023279190 0.8915709853172302 0.2726350128650665
0.0709040015935897 0.8899019956588745 0.2741160094738007
0.0584889985620975 0.8933320045471191 0.2695260047912598
0.0570570006966590 0.8926579952239990 0.2709119915962219
0.0635090023279190 0.8915709853172302 0.2726350128650665
0.0647260025143623 0.8927140235900879 0.2712349891662598
0.0556840002536773 0.8916239738464356 0.2724330127239227
0.0622580014169216 0.8901060223579407 0.2742190062999725
0.0635090023279190 0.8915709853172302 0.2726350128650665
0.0570570006966590 0.8926579952239990 0.2709119915962219
0.0698250010609626 0.8879910111427308 0.2756929993629456
0.0709040015935897 0.8899019956588745 0.2741160094738007
0.0635090023279190 0.8915709853172302 0.2726350128650665
0.0622580014169216 0.8901060223579407 0.2742190062999725
0.1407710015773773 0.8895450234413147 0.2520419955253601
0.1435630023479462 0.8929939866065979 0.2485010027885437
0.1420190036296844 0.8955249786376954 0.2493029981851578
0.1391839981079102 0.8921449780464173 0.2526560127735138
0.1453949958086014 0.8959959745407104 0.2455639988183975
0.1439860016107559 0.8985520005226135 0.2464029937982559
0.1420190036296844 0.8955249786376954 0.2493029981851578
0.1435630023479462 0.8929939866065979 0.2485010027885437
0.1421049982309341 0.9006000161170959 0.2468740046024323
0.1401080042123795 0.8976439833641052 0.2497020065784454
0.1420190036296844 0.8955249786376954 0.2493029981851578
0.1439860016107559 0.8985520005226135 0.2464029937982559
0.1373099982738495 0.8944169878959656 0.2528710067272186
0.1391839981079102 0.8921449780464173 0.2526560127735138
0.1420190036296844 0.8955249786376954 0.2493029981851578
0.1401080042123795 0.8976439833641052 0.2497020065784454
0.1295839995145798 0.8808100223541260 0.2620739936828613
0.1360650062561035 0.8851969838142395 0.2567780017852783
0.1346070021390915 0.8880580067634583 0.2569130063056946
0.1283539980649948 0.8840219974517823 0.2617770135402679
0.1407710015773773 0.8895450234413147 0.2520419955253601
0.1391839981079102 0.8921449780464173 0.2526560127735138
0.1346070021390915 0.8880580067634583 0.2569130063056946
0.1360650062561035 0.8851969838142395 0.2567780017852783
0.1373099982738495 0.8944169878959656 0.2528710067272186
0.1329070031642914 0.8906379938125610 0.2567090094089508
0.1346070021390915 0.8880580067634583 0.2569130063056946
0.1391839981079102 0.8921449780464173 0.2526560127735138
0.1269149929285049 0.8869969844818116 0.2612000107765198
0.1283539980649948 0.8840219974517823 0.2617770135402679
0.1346070021390915 0.8880580067634583 0.2569130063056946
0.1329070031642914 0.8906379938125610 0.2567090094089508
0.1117879971861839 0.8747879862785339 0.2720110118389130
0.1214599981904030 0.8772469758987427 0.2672820091247559
0.1204859986901283 0.8808040022850036 0.2669549882411957
0.1111700013279915 0.8785799741744995 0.2717039883136749
0.1295839995145798 0.8808100223541260 0.2620739936828613
0.1283539980649948 0.8840219974517823 0.2617770135402679
0.1204859986901283 0.8808040022850036 0.2669549882411957
0.1214599981904030 0.8772469758987427 0.2672820091247559
0.1269149929285049 0.8869969844818116 0.2612000107765198
0.1193479970097542 0.8841819763183594 0.2663309872150421
0.1204859986901283 0.8808040022850036 0.2669549882411957
0.1283539980649948 0.8840219974517823 0.2617770135402679
0.1104440018534660 0.8822559714317322 0.2710829973220825
0.1111700013279915 0.8785799741744995 0.2717039883136749
0.1204859986901283 0.8808040022850036 0.2669549882411957
0.1193479970097542 0.8841819763183594 0.2663309872150421
0.0889379978179931 0.8747249841690063 0.2785620093345642
0.1006600037217140 0.8737180233001709 0.2758820056915283
0.1005809977650642 0.8775179982185363 0.2752839922904968
0.0894199982285499 0.8782899975776672 0.2775120139122009
0.1117879971861839 0.8747879862785339 0.2720110118389130
0.1111700013279915 0.8785799741744995 0.2717039883136749
0.1005809977650642 0.8775179982185363 0.2752839922904968
0.1006600037217140 0.8737180233001709 0.2758820056915283
0.1104440018534660 0.8822559714317322 0.2710829973220825
0.1004590019583702 0.8812829852104187 0.2744399905204773
0.1005809977650642 0.8775179982185363 0.2752839922904968
0.1111700013279915 0.8785799741744995 0.2717039883136749
0.0899249985814094 0.8818839788436890 0.2762979865074158
0.0894199982285499 0.8782899975776672 0.2775120139122009
0.1005809977650642 0.8775179982185363 0.2752839922904968
0.1004590019583702 0.8812829852104187 0.2744399905204773
0.0674119964241981 0.8828750252723694 0.2795149981975556
0.0774940028786659 0.8784869909286499 0.2797259986400604
0.0783979967236518 0.8815649747848511 0.2781980037689209
0.0685580000281333 0.8854370117187500 0.2776539921760559
0.0889379978179931 0.8747249841690063 0.2785620093345642
0.0894199982285499 0.8782899975776672 0.2775120139122009
0.0783979967236518 0.8815649747848511 0.2781980037689209
0.0774940028786659 0.8784869909286499 0.2797259986400604
0.0899249985814094 0.8818839788436890 0.2762979865074158
0.0793780013918876 0.8846859931945801 0.2765510082244873
0.0783979967236518 0.8815649747848511 0.2781980037689209
0.0894199982285499 0.8782899975776672 0.2775120139122009
0.0698250010609626 0.8879910111427308 0.2756929993629456
0.0685580000281333 0.8854370117187500 0.2776539921760559
0.0783979967236518 0.8815649747848511 0.2781980037689209
0.0793780013918876 0.8846859931945801 0.2765510082244873
0.0533870011568069 0.8878780007362365 0.2759929895401001
0.0597859993577003 0.8857539892196655 0.2780629992485046
0.0609409995377063 0.8879870176315308 0.2761749923229218
0.0544399991631507 0.8898749947547913 0.2742309868335724
0.0674119964241981 0.8828750252723694 0.2795149981975556
0.0685580000281333 0.8854370117187500 0.2776539921760559
0.0609409995377063 0.8879870176315308 0.2761749923229218
0.0597859993577003 0.8857539892196655 0.2780629992485046
0.0698250010609626 0.8879910111427308 0.2756929993629456
0.0622580014169216 0.8901060223579407 0.2742190062999725
0.0609409995377063 0.8879870176315308 0.2761749923229218
0.0685580000281333 0.8854370117187500 0.2776539921760559
0.0556840002536773 0.8916239738464356 0.2724330127239227
0.0544399991631507 0.8898749947547913 0.2742309868335724
0.0609409995377063 0.8879870176315308 0.2761749923229218
0.0622580014169216 0.8901060223579407 0.2742190062999725
0.1453949958086014 0.8959959745407104 0.2455639988183975
0.1435630023479462 0.8929939866065979 0.2485010027885437
0.1446689963340759 0.8905029892921448 0.2476900070905685
0.1462689936161041 0.8933179974555969 0.2448090016841888
0.1407710015773773 0.8895450234413147 0.2520419955253601
0.1419959962368012 0.8871099948883057 0.2513000071048737
0.1446689963340759 0.8905029892921448 0.2476900070905685
0.1435630023479462 0.8929939866065979 0.2485010027885437
0.1430419981479645 0.8847579956054688 0.2504979968070984
0.1455599963665009 0.8880270123481751 0.2468740046024323
0.1446689963340759 0.8905029892921448 0.2476900070905685
0.1419959962368012 0.8871099948883057 0.2513000071048737
0.1468760073184967 0.8905749917030335 0.2440959960222244
0.1462689936161041 0.8933179974555969 0.2448090016841888
0.1446689963340759 0.8905029892921448 0.2476900070905685
0.1455599963665009 0.8880270123481751 0.2468740046024323
0.1295839995145798 0.8808100223541260 0.2620739936828613
0.1304789930582047 0.8779339790344238 0.2620080113410950
0.1371770054101944 0.8825629949569702 0.2563689947128296
0.1360650062561035 0.8851969838142395 0.2567780017852783
0.1312050074338913 0.8752229809761047 0.2617610096931458
0.1381179988384247 0.8800410032272339 0.2558209896087646
0.1371770054101944 0.8825629949569702 0.2563689947128296
0.1304789930582047 0.8779339790344238 0.2620080113410950
0.1430419981479645 0.8847579956054688 0.2504979968070984
0.1419959962368012 0.8871099948883057 0.2513000071048737
0.1371770054101944 0.8825629949569702 0.2563689947128296
0.1381179988384247 0.8800410032272339 0.2558209896087646
0.1407710015773773 0.8895450234413147 0.2520419955253601
0.1360650062561035 0.8851969838142395 0.2567780017852783
0.1371770054101944 0.8825629949569702 0.2563689947128296
0.1419959962368012 0.8871099948883057 0.2513000071048737
0.1117879971861839 0.8747879862785339 0.2720110118389130
0.1122360005974770 0.8718829751014710 0.2721590101718903
0.1221589967608452 0.8743000030517578 0.2673310041427612
0.1214599981904030 0.8772469758987427 0.2672820091247559
0.1125990003347397 0.8694189786911011 0.2722220122814179
0.1227200031280518 0.8716560006141663 0.2672449946403503
0.1221589967608452 0.8743000030517578 0.2673310041427612
0.1122360005974770 0.8718829751014710 0.2721590101718903
0.1312050074338913 0.8752229809761047 0.2617610096931458
0.1304789930582047 0.8779339790344238 0.2620080113410950
0.1221589967608452 0.8743000030517578 0.2673310041427612
0.1227200031280518 0.8716560006141663 0.2672449946403503
0.1295839995145798 0.8808100223541260 0.2620739936828613
0.1214599981904030 0.8772469758987427 0.2672820091247559
0.1221589967608452 0.8743000030517578 0.2673310041427612
0.1304789930582047 0.8779339790344238 0.2620080113410950
0.0889379978179931 0.8747249841690063 0.2785620093345642
0.0886249989271163 0.8721179962158203 0.2793369889259338
0.1007260009646416 0.8709139823913574 0.2763069868087769
0.1006600037217140 0.8737180233001709 0.2758820056915283
0.0883909985423088 0.8699970245361329 0.2799699902534485
0.1007890030741692 0.8686050176620484 0.2766470015048981
0.1007260009646416 0.8709139823913574 0.2763069868087769
0.0886249989271163 0.8721179962158203 0.2793369889259338
0.1125990003347397 0.8694189786911011 0.2722220122814179
0.1122360005974770 0.8718829751014710 0.2721590101718903
0.1007260009646416 0.8709139823913574 0.2763069868087769
0.1007890030741692 0.8686050176620484 0.2766470015048981
0.1117879971861839 0.8747879862785339 0.2720110118389130
0.1006600037217140 0.8737180233001709 0.2758820056915283
0.1007260009646416 0.8709139823913574 0.2763069868087769
0.1122360005974770 0.8718829751014710 0.2721590101718903
0.0674119964241981 0.8828750252723694 0.2795149981975556
0.0666960030794143 0.8809490203857422 0.2807990014553070
0.0769229978322982 0.8762339949607849 0.2807990014553070
0.0774940028786659 0.8784869909286499 0.2797259986400604
0.0661950036883354 0.8793389797210693 0.2817980051040649
0.0765200033783912 0.8743950128555297 0.2816430032253265
0.0769229978322982 0.8762339949607849 0.2807990014553070
0.0666960030794143 0.8809490203857422 0.2807990014553070
0.0883909985423088 0.8699970245361329 0.2799699902534485
0.0886249989271163 0.8721179962158203 0.2793369889259338
0.0769229978322982 0.8762339949607849 0.2807990014553070
0.0765200033783912 0.8743950128555297 0.2816430032253265
0.0889379978179931 0.8747249841690063 0.2785620093345642
0.0774940028786659 0.8784869909286499 0.2797259986400604
0.0769229978322982 0.8762339949607849 0.2807990014553070
0.0886249989271163 0.8721179962158203 0.2793369889259338
0.0533870011568069 0.8878780007362365 0.2759929895401001
0.0526020005345344 0.8861010074615479 0.2773990035057068
0.0590139999985694 0.8839529752731323 0.2794390022754669
0.0597859993577003 0.8857539892196655 0.2780629992485046
0.0519490018486976 0.8844259977340699 0.2786340117454529
0.0584300011396408 0.8823620080947876 0.2805599868297577
0.0590139999985694 0.8839529752731323 0.2794390022754669
0.0526020005345344 0.8861010074615479 0.2773990035057068
0.0661950036883354 0.8793389797210693 0.2817980051040649
0.0666960030794143 0.8809490203857422 0.2807990014553070
0.0590139999985694 0.8839529752731323 0.2794390022754669
0.0584300011396408 0.8823620080947876 0.2805599868297577
0.0674119964241981 0.8828750252723694 0.2795149981975556
0.0597859993577003 0.8857539892196655 0.2780629992485046
0.0590139999985694 0.8839529752731323 0.2794390022754669
0.0666960030794143 0.8809490203857422 0.2807990014553070
