860
860
1087
1087
773
773
1086
826
826
827
827
820
824
824
859
868
868
840
872
872
873
872
872
864
808
821
865
808
805
808
794
794
779
826
1088
870
1089
861
861
869
827
875
871
883
882
883
882
877
877
821
863
991
805
991
985
863
863
985
992
1011
1010
877
883
877
883
875
875
882
882
870
870
871
871
846
846
1089
777
1010
1010
983
983
1010
983
984
984
984
986
986
986
751
751
751
750
750
750
925
925
925
732
732
732
730
730
730
729
729
729
775
775
1096
778
778
778
845
845
845
948
983
983
754
1008
1015
926
751
986
946
695
925
750
927
692
730
732
695
716
775
729
715
970
845
778
716
753
754
753
754
948
948
946
926
946
926
927
695
927
695
695
692
695
692
715
716
715
716
716
970
716
970
298
1077
1077
298
348
1078
1077
1077
1078
184
1077
1078
184
298
1077
184
348
209
209
1078
228
194
209
209
194
347
209
194
1078
1078
209
347
228
233
233
194
243
233
233
233
235
219
233
233
194
194
233
219
235
233
235
235
243
234
235
233
212
189
235
234
221
235
235
189
212
199
189
189
175
334
189
199
334
189
189
334
221
189
189
189
348
1077
1076
348
298
298
1076
1077
220
1075
1076
298
350
348
1076
1075
228
209
209
236
348
348
209
209
350
230
209
348
237
236
209
230
243
233
242
328
228
236
242
233
237
242
242
236
328
328
242
242
328
327
327
328
326
212
327
327
212
234
327
212
243
328
327
234
175
199
199
539
212
212
199
199
326
341
199
212
539
539
199
341
326
287
341
326
549
442
341
287
539
341
341
442
326
326
341
341
328
328
327
327
328
327
327
328
326
326
327
327
326
327
327
326
237
242
242
237
328
328
242
242
328
242
242
328
237
237
242
242
350
230
230
350
237
237
230
230
237
230
230
237
350
350
230
230
316
187
1075
316
350
350
1075
187
350
1075
1075
350
220
316
1075
1075
549
441
441
549
198
198
441
441
198
441
441
198
549
549
441
441
198
343
343
198
333
333
343
343
333
343
343
333
198
198
343
343
333
123
123
333
265
265
123
123
265
123
123
265
333
333
123
123
265
467
467
265
332
332
467
467
332
467
467
332
265
265
467
467
332
113
113
332
1108
331
113
113
331
113
113
331
332
332
113
113
1108
185
185
331
330
330
185
185
330
185
185
330
331
331
185
185
279
436
441
198
471
550
441
436
549
441
441
550
198
198
441
441
122
288
343
333
279
198
343
288
198
343
343
198
333
333
343
343
466
266
123
265
122
333
123
266
333
123
123
333
265
265
123
123
305
466
467
332
466
265
467
466
265
467
467
265
332
332
467
467
186
136
113
331
305
332
113
136
332
113
113
332
331
331
113
113
315
186
185
330
186
331
185
186
331
185
185
331
330
330
185
185
471
436
436
439
279
279
436
436
279
436
436
279
439
439
436
436
122
122
288
288
122
288
288
122
279
279
288
288
279
288
288
279
466
466
266
266
466
266
266
466
122
122
266
266
122
266
266
122
305
305
466
466
305
466
466
305
466
466
466
466
466
466
466
466
186
186
136
136
186
136
136
186
305
305
136
136
305
136
136
305
315
315
186
186
315
186
186
315
186
186
186
186
186
186
186
186