1043
1043
1042
1042
1043
1043
1042
1042
1031
1036
1037
1331
1036
1329
578
1238
1333
1333
1043
1043
1037
1036
1037
1037
621
619
621
603
402
619
529
1038
1039
1039
531
531
1038
1039
531
531
531
1036
1038
1037
1037
1036
1156
1241
637
637
936
936
1347
637
667
666
637
637
667
667
960
932
933
1004
931
1347
1347
960
960
1000
1000
1000
1000
759
960
666
1000
1347
1347
1347
1347
1347
1347
667
667
1347
131
1000
1000
131
131
1020
1020
394
394
1031
1043
1043
1031
1347
1347
1043
1031
1347
1347
597
595
1347
1347
1347
1347
1327
1347
1347
1347
1347
1347
1347
1347
1347
1145
1145
1145
1150
1146
1146
1146
1145
1150
1300
1288
1300
1299
1290
628
628
657
685
1290
1290
1241
936
1240
930
933
933
1150
1132
1132
796
795
15
15
1132
15
964
961
762
964
961
961
759
759
685
1299
1141
1344
1344
1299
929
931
929
581
931
931
1290
1156
1146
1146
1145
1145
1145
1145
1344
1141
1141
1141
686
1144
1144
1144
796
795
795
796
166
15
759
960
759
666
666
665
665
665
591
1290
1241
933
932
931
1347
1347
1347
1347
1347
1347
1347
1347
1153
1153
1154
1154
1154
1154
1153
1153
1344
1344
702
702
685
704
685
703
657
703
594
594
594
594
1327
1327
597
595
1327
1327
581
581
929
582
930
930
1240
1197
1197
1240
611
635
655
702
684
702
702
702
581
594
589
1336
604
602
602
621
621
621
619
621
619
616
616
619
616
33
33
33
619
402
619
619
621
648
646
646
648
646
633
633
645
602
602
605
601
624
623
600
580
580
579
579
582
582
567
567
632
632
7
7
7
633
627
1342
1342
662
1342
662
700
699
700
699
679
679
698
698
678
678
10
10
702
1342
1342
1342
661
662
699
698
698
699
679
679
578
1329
1238
1195
604
602
621
619
645
700
700
633
357
702
702
1347
1347
1347
1347
1347
1347
1347
1347
1347
1347
1347
1347
1347
1347
1347
1347
1347
1347
1347
1347
1347
1347
1347
1347
1347
1347
1347
1347
1347
1347
1347
1347
1347
880
880
881
880
879
879
878
881
881
1060
1060
1059
1060
1060
1059
1058
1059
1059
1066
1066
1066
1070
1061
1061
1061
1070
1070
1054
1050
1055
1054
909
1026
1026
1055
1056
1347
1347
1347
1347
1347
1347
1347
1347
1347
1347
878
878
878
878
879
879
1347
878
988
1347
1347
1347
1347
1347
1347
1347
988
1347
1347
1347
1027
1347
1347
1347
1347
1347
1347
1347
1347
1347
1347
1347
1347
1347
1347
1347
1347
1347
1347
1347
1347
1347
1347
1347
1347
1347
1347
1347
1347
1347
1347
1347
1347
1347
1347
1347
1347
1347
1347
1347
1347
1347
1347
1347
1347
1347
1347
1347
1347
1347
1347
1347
1347
1347
1347
1347
1347
1347
1347
1347
1347
1347
1347
1347
1347
1347
1347
884
884
886
886
1058
1058
1058
1058
1058
1058
1058
1027
1027
1059
1059
1059
1058
884
884
879
886
886
878
878
1058
1027
1347
1347
1347
1347
1347
1347
1347
1347
1347
1347
889
889
890
890
887
889
893
890
893
893
887
887
888
888
885
885
1347
1347
1347
1347
1347
1347
1347
1347
1065
1060
1060
1060
1060
1060
1060
1060
1347
1347
1347
1347
1347
1347
1347
1347
1347
1347
1347
1347
1347
1347
1347
1347
1347
1347
1347
1347
1347
1347
1347
1347
1347
1347
1347
1347
1347
988
989
989
988
988
988
1028
1028
1028
1028
1028
1064
1064
1061
1061
1061
1064
1064
1064
1064
1347
1347
1347
1347
1347
1347
1347
1347
1347
1347
1347
1347
1347
1347
1347
1347
1347
1347
1347
1347
1347
1347
1347
1347
1347
1347
1347
1347
1347
1347
1347
1347
1347
1347
1347
1347
1347
1347
1347
1347
1347
1347
1347
1347
1347
1347
1347
1347
1347
1347
1347
1347
1347
1347
1347
1347
1347
1347
1347
1053
1053
1057
1060
1065
1065
1065
1029
1029
1244
1244
1245
976
894
895
959
958
804
823
27
496
28
774
774
792
792
774
819
819
792
1083
1003
1003
1327
1031
1329
594
595
595
595
1327
1031
1327
1031
1042
1042
558
556
1235
1193
556
1235
1234
1234
1192
1193
1194
588
588
563
564
1334
1332
1335
580
580
1239
586
1191
1190
1190
571
571
562
1189
1189
585
586
570
570
598
599
997
573
1041
1040
999
996
1244
1030
1030
1291
1025
1025
1030
596
1025
596
1025
1030
596
1074
1024
1030
1025
1244
1244
1030
1025
936
936
930
930
933
929
929
579
1242
1284
1286
1248
1286
1248
742
1160
1161
1160
942
1161
671
671
668
596
595
741
741
742
764
763
763
744
742
1158
639
1158
638
1200
639
1199
629
1157
1232
1232
1233
993
903
901
901
900
957
957
858
898
899
888
885
903
897
897
894
694
928
1002
924
697
676
676
1002
1002
688
691
690
689
914
772
968
969
705
971
969
844
970
970
969
707
715
693
673
715
693
692
692
672
640
706
640
640
672
643
940
938
950
677
921
950
1262
1261
670
669
1263
714
1264
711
1264
711
972
972
772
772
771
860
860
968
991
806
794
780
821
821
808
794
780
808
782
807
782
758
755
756
736
737
1006
739
739
1018
737
1006
1006
1007
1015
1008
1008
1007
908
908
907
907
952
907
904
904
905
719
718
717
720
1019
1068
717
720
694
927
695
927
926
926
598
598
584
584
584
617
575
576
910
618
620
603
1336
1196
1336
600
613
1245
1293
1247
612
1285
1051
1048
1050
1051
909
905
906
977
978
1023
1063
1062
1023
614
1246
1246
614
738
739
1049
1067
1241
593
1197
1290
1197
1289
1290
1241
1290
1156
590
1198
1337
600
603
602
1337
606
620
620
619
621
609
617
609
610
592
1289
592
1288
1289
1288
591
1156
621
602
619
646
648
623
1338
635
1339
636
611
1288
655
655
786
1000
1020
786
759
759
760
980
785
630
666
667
658
665
960
761
762
965
812
964
963
963
965
812
616
616
610
633
645
710
710
723
723
722
740
723
723
704
1287
1300
656
628
793
793
724
725
771
724
727
726
801
944
945
766
1165
1164
1163
962
765
835
799
799
800
799
799
791
790
767
767
790
768
634
634
644
644
634
644
681
647
647
1008
1008
1015
1008
1008
1009
862
821
806
990
991
991
1008
1009
1016
1010
990
862
1011
992
862
870
870
777
1089
870
777
846
971
971
861
975
871
871
869
875
875
871
845
845
845
845
715
693
775
729
730
692
778
778
775
778
1096
729
729
730
730
695
927
925
750
751
926
869
874
874
869
873
873
883
882
882
883
883
882
750
751
925
925
750
751
1098
843
843
1098
843
843
846
1097
1097
972
771
943
943
1162
784
788
913
913
911
911
745
1022
1119
1119
1119
784
789
789
789
912
920
919
918
748
916
747
915
917
917
746
789
789
920
920
783
783
784
785
785
1119
784
942
917
915
916
916
791
800
815
815
816
920
981
981
831
830
832
855
830
830
852
833
638
658
630
660
680
660
680
681
681
682
682
682
650
650
650
649
622
622
649
680
681
660
660
680
699
700
700
661
661
813
814
809
829
809
829
810
853
811
811
810
810
963
963
963
722
740
722
740
740
723
684
684
687
687
664
683
708
709
709
967
967
966
967
698
699
679
679
698
699
662
662
662
1342
1342
1142
700
661
700
661
1145
1145
1145
1145
1150
1145
1146
1146
1146
1141
722
1141
1141
1144
740
966
967
966
1153
1146
966
966
1344
1344
1344
1344
1344
702
702
702
702
702
702
1342
1342
651
651
651
777
846
777
777
777
846
776
728
728
776
731
733
733
731
877
876
752
752
876
992
1012
1012
992
983
1102
984
1101
1101
1102
986
1100
1093
1093
1100
1094
1099
1099
1094
732
732
732
1095
1096
1095
1097
1095
1096
1091
1091
1090
1090
797
854
796
795
798
851
1092
1092
1069
1067
1014
934
935
938
940
921
629
629
1157
637
637
666
657
941
641
641
941
642
642
1258
941
922
1260
1258
1258
1200
1260
1258
1204
1203
1202
1265
727
1266
726
1204
712
770
769
832
834
981
855
855
855
982
982
942
747
982
982
982
982
982
982
982
982
748
919
1144
1144
1144
1144
1154
1154
740
651
1155
1042
1037
1037
1043
1036
1034
995
1032
994
1038
531
531
0
1031
1031
1042
1043
1047
1046
578
567
557
565
790
790
574
572
574
1191
586
599
599
618
618
896
838
1098
1097
1097
846
846
846
846
846
975
843
1097
1097
846
846
742
942
915
764
764
1159
979
1346
1301
1346
1005
675
674
695
695
694
695
924
694
921
923
1256
921
1198
1256
1241
1241
1240
754
983
948
984
753
754
754
948
735
754
753
734
718
735
757
757
758
952
951
842
842
841
841
859
874
859
868
868
873
840
868
824
824
840
867
953
955
952
781
848
1052
1052
1049
951
1051
793
771
819
773
773
771
773
1087
860
773
773
1089
861
861
1088
846
1089
1086
1086
774
774
826
1087
1086
826
1088
1088
841
1089
979
1201
974
1259
706
973
689
705
705
716
716
858
838
957
866
839
825
827
827
820
827
877
877
865
865
865
865
872
850
849
850
867
847
956
849
902
903
781
840
824
820
1085
1009
1009
1009
1009
756
780
756
986
986
948
946
946
696
675
939
1243
1283
1283
932
931
594
804
1085
823
1244
1291
1291
1048
1043
1053
905
1291
1085
743
1021
748
942
813
15
795
19
19
19
15
761
814
759
961
961
703
685
685
1299
654
663
654
623
625
646
648
645
633
632
632
632
7
7
7
1347
1347
1347
1347
1347
1347
1347
1347
1347
1347
1347
1347
1347
1347
1347
1347
1347
1347
1347
1347
1347
1347
1347
1347
1347
1347
1347
1347
1347
1347
1347
1347
1347
1347
1347
1347
1347
1347
1347
1347
1347
1347
1347
1347
1347
1347
1036
1038
1032
1039
994
0
0
0
531
1036
1039
531
1347
1347
1347
1347
1347
1347
1347
1347
1347
1347
1347
1347
1347
1347
1347
1347
1347
1347
1347
1347
1347
1347
1036
1037
1347
1347
1347
1347
1347
1347
1347
1347
1347
1347
1347
1347
1347
1347
1347
1347
1347
1347
1347
1347
1347
1347
1347
1031
1347
1347
1043
1031
595
595
1025
1347
1347
1347
1347
1347
1347
1347
1347
1347
1347
1347
1347
1347
1347
1347
1347
1347
1347
1347
1347
1347
1347
1347
1347
1347
1347
1347
1347
1347
1347
1347
1347
1347
1347
1347
1347
1347
1347
1347
1042
1031
1327
1043
1043
1037
1347
1347
1037
1037
1347
1347
1347
1347
1347
1347
1347
1347
1029
1029
1291
1029
1347
1347
1347
1327
1030
1347
1347
1347
1347
1347
1347
1347
1029
1347
1347
1347
1347
1347
1347
1347
1347
1347
1347
1347
1347
1347
1347
1347
1347
1347
1347
1347
1347
1347
1347
1347
1347
1347
1347
1347
1347
1347
1347
1347
1347
1347
1347
1347
1347
1347
1347
1347
1347
1347
1347
1347
1347
1347
1347
1347
1347
1347
1347
1347
1347
1347
1347
1347
1347
1347
1347
1347
1347
1347
1347
1347
1347
1347
1347
1347
1347
1347
1347
1347
1043
1037
1036
1347
1347
1347
1347
1347
1347
1347
1347
1347
1347
1347
1347
1347
1347
1060
1060
1060
1060
1347
1347
1347
1060
1060
1347
1347
1347
1347
1347
1347
1029
1028
1028
1028
1028
1028
1028
1028
1028
1029
1029
1029
1029
1028
1028
1028
1028
1064
1064
1064
1064
1064
1064
1064
1064
1065
1028
1028
1028
1028
1028
1028
1028
1028
1064
1064
1028
1028
1064
1028
1028
1028
1064
1064
1064
1028
1347
1347
1347
1347
1347
1347
1347
1347
1347
1065
1065
1065
1065
1064
1064
1028
1028
1028
1347
1064
1347
1028
1028
1029
1028
1028
1028
1028
1028
1028
1028
1028
1028
1028
1065
1065
1065
1347
1347
1347
1347
1347
1347
1347
1029
1028
1029
1029
1065
1065
1347
1347
1347
1347
1347
1347
1347
1347
1347
1347
1347
1347
1347
1347
1347
1347
1029
1029
1029
1029
1029
1029
1244
1244
1029
1244
1029
1029
1029
1029
1029
1029
1029
1029
1029
1029
1029
1028
1028
1028
1028
1028
1028
1029
1029
1029
1028
1029
1029
1029
1029
1029
1244
1029
1029
1028
1028
1028
1028
1028
1028
1028
1064
1064
1064
1064
1064
1064
1064
1064
1065
1065
1064
1065
1064
1064
1065
1065
1065
1065
1065
1065
1065
1065
1060
1065
1065
1065
1065
1065
1028
1064
1064
1064
1064
1064
1064
1064
1064
1064
1064
1065
1065
1065
1065
1064
1064
1064
1064
1064
1064
1064
1064
1065
1065
1065
1347
1347
1028
1347
1347
1028
1029
1244
1244
1244
1244
1029
1029
1244
1244
1244
1244
1064
1064
1064
1064
1064
1064
1347
1064
1347
1347
1347
1347
1347
1347
1347
1347
1347
1028
1028
1064
1064
1064
1064
1064
1064
1065
1065
1065
1065
1065
1065
1065
1065
1065
1065
1065
1065
1060
1060
1065
1065
1060
1347
1060
1347
1347
1347
1347
1347
1347
1029
1029
1029
1244
1244
1029
1029
1028
1029
1029
1065
1060
1065
1060
1028
1028
1028
1028
1028
1028
1028
1028
1028
1028
1028
1029
1029
1029
1029
1029
1244
1244
1244
1244
1065
1065
1065
1065
1029
1244
1028
1028
1065
1065
1029
1029
1029
830
851
1328
1328
1031
1042
1043
1043
1036
1038
1038
1038
529
529
529
1038
1038
1031
1031
1031
1031
1042
777
846
777
776
777
1095
776
728
728
728
731
733
733
731
876
752
752
876
992
1012
1102
992
1102
1101
1101
1102
1100
1093
1093
1100
1094
1099
1099
1094
1095
1096
1095
1095
1096
1091
1091
1090
1091
1090
1092
1092
1097
1095
1347
1347
1347
1347
1347
1347
1347
1347
1347
1347
1347
1347
1347
1347
1347
1347
1347
1347
1347
1347
1347
1347
1347
1091
1091
1099
1091
728
728
876
728
752
749
1101
1012
1100
1101
1093
1100
1099
1099
1091
1091
1091
1091
1090
1092
1091
702
702
721
721
1346
1345
662
1342
1150
1145
1141
1141
1153
1153
1344
702
740
1150
1150
1150
1132
1132
1132
702
960
961
703
703
704
1154
1144
1144
761
760
760
1020
1020
797
394
394
394
797
394
394
1038
529
1039
531
1347
1347
1132
1150
1150
1132
1132
1132
1150
1150
1132
678
10
678
10
30
892
892
30
892
30
29
891
891
29
1347
1347
891
29
1347
1347
1347
1347
1347
1347
1347
1347
1347
1347
1347
1347
1347
1347
1347
1347
1347
1347
1347
1347
1347
1347
1347
1347
1347
1347
1347
1347
1347
1347
1347
1347
1347
1082
818
818
16
819
24
1166
1165
944
25
801
13
802
26
817
26
17
822
836
21
836
21
8
631
631
8
33
607
608
6
583
5
607
33
837
31
857
20
9
659
631
8
10
659
659
9
829
22
829
22
10
678
678
10
4
569
569
1187
1188
1187
583
5
559
3
559
1230
560
2
34
34
853
1072
853
1072
1150
1132
852
23
852
23
14
851
798
32
35
35
726
35
1266
1208
11
11
725
11
769
12
958
28
1
1
817
18
819
24
1083
27
1
1
1347
1347
1347
1347
1347
1347
1347
1347
1347
1347
1347
1347
1347
1347
1347
1347
1347
1347
1347
1347
1347
1347
1347
1347
1347
1347
1347
1347
1347
1347
1347
1347
851
14
528
41
41
528
48
41
41
41
41
528
41
41
528
528
41
528
532
532
1311
533
1313
1313
1311
532
1222
50
1311
1313
1309
533
1311
50
41
528
528
528
533
533
528
528
532
533
528
533
528
528
528
533
401
534
401
517
1313
530
401
534
401
530
517
401
529
531
531
529
531
531
529
531
530
529
531
529
532
533
533
530
528
528
533
533
528
532
533
528
530
530
533
532
1176
351
351
1219
307
351
351
351
1347
277
351
351
277
1219
351
277
84
307
351
351
308
307
351
307
307
351
351
307
1176
351
351
351
277
277
412
419
1347
1347
412
277
1347
418
412
1347
275
419
412
418
308
483
483
308
263
483
483
483
483
308
483
483
84
84
308
307
308
308
308
84
483
483
308
308
308
307
308
483
1347
1347
1347
1347
1347
1347
1347
1347
1347
1347
1347
1347
307
307
307
351
307
307
1347
307
1347
351
307
1347
308
483
483
307
483
483
307
483
307
307
483
307
483
393
393
483
393
393
483
393
308
483
393
483
48
48
528
528
48
528
528
48
1347
1347
528
528
533
528
528
1347
1347
1347
1347
418
1347
1347
1347
1347
57
428
1347
1347
275
418
1347
428
1347
1347
1347
1347
1347
1347
1347
1347
48
1307
1347
1347
57
1347
1347
1307
1347
1347
1347
1347
1347
1347
1347
1347
1347
1347
1347
1347
1126
1130
1126
1126
1130
1126
1126
1130
1129
1129
1126
1126
1129
1126
1126
1129
1306
1305
1306
1280
83
396
1306
1305
79
79
1306
396
1282
1280
1306
79
1282
277
1219
1282
412
412
1219
277
274
1220
1219
412
1282
1282
1219
1220
1130
1132
1132
1130
1132
15
1132
1132
166
1132
15
144
1130
1132
166
1129
264
309
117
263
263
309
264
309
309
309
263
117
117
309
309
83
1305
1305
83
1306
1305
1305
1305
1324
1324
1305
1305
1122
83
1305
1324
412
418
273
412
418
418
273
418
427
273
273
418
274
412
273
273
79
1176
1282
79
1282
1282
1282
1176
1282
79
1282
1282
1129
1126
1126
1129
1126
1126
1126
1126
1126
1126
1126
1126
1129
1129
1126
1126
1324
1122
1122
1122
1124
1124
1122
1122
1124
99
1122
1124
1122
1122
1122
99
144
144
166
166
144
166
166
144
166
166
166
166
308
308
263
483
309
263
263
308
263
263
263
263
263
483
263
263
84
84
84
84
79
92
84
84
92
92
84
92
308
84
84
92
1176
1282
54
351
1282
1176
54
1282
79
84
54
1176
84
351
54
84
277
412
1219
1219
412
277
1219
412
1282
1282
1219
277
1176
1219
1219
1282
275
418
419
419
418
418
419
418
412
412
419
418
277
419
419
412
1347
1347
1347
1347
1347
1347
1347
1347
1347
1347
1347
1347
1347
528
1347
1347
48
1347
1347
528
1347
1347
1347
1347
1347
1347
1347
1347
1129
1129
1136
1136
1129
117
1136
1129
117
1135
1136
117
1135
1136
1136
1135
1135
1136
1136
1135
1129
1129
1136
1136
1129
1136
1136
1129
1135
1135
1136
1136
1324
1122
1324
1324
1122
1324
1324
1122
1324
433
1324
1324
433
1324
1324
433
1124
310
83
99
105
83
83
310
83
83
83
83
1122
99
83
83
79
396
396
92
83
83
396
396
105
105
396
83
92
92
396
105
418
52
52
418
1307
1307
52
52
52
52
52
1307
427
418
52
52
418
418
428
52
275
428
428
418
57
57
428
428
1307
52
428
57
48
1307
1307
48
1307
57
1307
1307
57
1307
1307
57
48
48
1307
1307
427
426
273
427
274
274
273
426
274
273
273
274
427
427
273
273
274
274
1220
1220
274
1220
1220
274
1177
1177
1220
1220
1282
1220
1220
1177
1177
421
69
1177
433
72
69
421
1306
1280
69
72
1282
1177
69
1280
1306
72
77
1305
433
433
77
72
433
433
77
433
1324
1305
77
433
52
52
427
52
427
427
427
52
427
52
427
427
1222
1313
1316
59
1313
534
1316
1313
401
400
1316
534
63
59
1316
400
63
400
401
400
401
401
401
400
517
401
401
401
401
400
401
401
517
402
402
517
402
402
402
402
517
517
402
402
401
517
517
401
517
517
402
517
517
401
517
402
401
401
517
517
517
517
517
401
517
517
517
517
401
518
518
62
377
367
518
518
367
518
518
367
62
62
518
518
401
62
400
400
62
387
400
62
66
399
400
387
68
400
400
399
1177
1220
424
423
274
425
424
1220
425
424
424
425
68
423
424
424
425
425
426
426
274
426
426
425
427
417
426
426
417
426
426
417
367
367
357
357
377
367
357
367
357
367
357
357
68
399
398
423
66
1322
398
399
433
421
398
1322
1177
423
398
421
66
89
1322
1322
89
1322
1322
89
433
433
1322
1322
433
1322
1322
433
62
521
80
387
521
80
80
521
89
89
80
80
66
387
80
89
190
272
272
190
521
521
272
272
62
518
272
521
367
190
272
518
367
357
225
190
225
357
225
225
190
190
225
225
433
1322
1322
433
89
89
1322
1322
313
1322
1322
89
1322
433
1322
1322
521
521
272
272
521
272
272
521
190
190
272
272
190
272
272
190
417
1309
50
426
1309
50
50
1309
1222
1222
50
50
425
426
50
1222
425
1222
1179
424
1222
59
1179
1222
63
63
1179
59
68
424
1179
63
68
63
400
400
63
400
400
63
401
401
400
400
401
400
400
401
401
401
517
518
401
517
517
401
517
377
517
517
377
518
517
377
521
521
80
80
521
80
80
521
313
89
80
80
89
80
80
89
377
377
367
367
517
402
367
377
367
402
367
367
1324
433
433
433
433
433
433
433
1322
433
433
433
433
433
433
433
1347
1347
1347
1347
1347
1347
1347
1347
1347
1347
1347
1347
1347
1347
1347
1347
1347
1347
1347
1347
1347
1347
1347
1347
1347
1347
1347
1347
1347
1347
1347
1347
1347
1347
1347
1347
1347
1347
1347
1347
1347
1347
1347
1347
1347
1347
1347
1347
1347
1347
1347
1347
1347
1347
1347
1347
239
239
231
239
231
231
231
239
232
245
231
231
245
239
231
245
141
141
537
141
537
537
537
141
462
537
537
537
141
141
537
537
547
546
547
547
546
546
547
546
477
477
547
546
477
547
547
477
535
535
460
154
536
460
460
535
177
177
460
460
178
154
460
177
1347
1347
1347
1347
1347
1347
1347
1347
1347
1347
1347
1347
1347
1347
1347
1347
1347
1347
1347
1347
1347
1347
1347
1347
1347
1347
1347
1347
1347
1347
1347
1347
232
232
232
232
335
232
232
232
1347
245
232
232
245
232
232
245
335
1347
1347
232
1347
1347
1347
1347
1347
1347
1347
1347
1347
232
1347
1347
335
335
1347
1347
214
1347
1347
335
1347
1347
1347
1347
1347
1347
1347
1347
1347
1347
1347
1347
1347
1347
1347
1347
1347
1347
1347
1347
1347
1347
1347
1347
1347
1347
1347
1347
1347
1347
1347
1347
1347
1347
1347
1347
1347
1347
1347
1347
1347
1347
1347
1347
1347
1347
1347
1347
1347
1347
1347
1347
1347
1347
1347
1347
1347
1347
1347
1347
1347
1347
1347
1347
1347
1347
1347
1347
1347
1347
1347
1347
1347
1347
1347
1347
1347
1347
1347
1347
1347
1347
1347
1347
1347
1347
1347
1347
1347
1347
1347
1347
1347
1347
1347
1347
1347
1347
1347
1347
1347
1347
1347
1347
1347
1347
1347
1347
1347
1347
1347
1347
1347
1347
1347
1347
1347
1347
1347
1347
1347
1347
1347
1347
1347
1347
1347
1347
1347
1347
1347
1347
1347
1347
1347
1347
1347
1347
1347
1347
1347
1347
1347
1347
1347
1347
1347
1347
1347
1347
1347
1347
1347
1347
1347
1347
1347
1347
1347
1347
1347
1347
1347
1347
1347
1347
1347
1347
1347
1347
1347
1347
1347
1347
1347
1347
1347
1347
1347
1347
537
1347
1347
1347
1347
1347
1347
1347
1347
1347
1347
1347
1347
1347
1347
1347
1347
1347
1347
1347
1347
1347
246
245
1347
247
246
1347
247
246
246
247
245
245
246
246
462
462
462
462
462
537
462
462
537
1347
462
537
1347
462
462
1347
462
462
462
462
214
214
462
462
214
462
462
214
462
462
462
462
462
537
537
537
536
537
537
537
141
537
537
537
1347
1347
462
462
1347
1347
462
1347
214
462
462
1347
462
462
462
462
245
245
246
246
245
246
246
245
247
247
246
246
247
246
246
247
232
232
232
245
232
232
232
232
245
245
232
232
245
245
232
245
462
462
462
537
214
214
462
462
177
460
462
214
536
537
462
460
1347
1347
1347
1347
1347
1347
1347
1347
1347
1347
1347
1347
1347
1347
1347
1347
1347
1347
1347
1347
1347
1347
1347
1347
1347
1347
1347
1347
1347
1347
1347
1347
1347
1347
250
247
1347
445
250
1347
445
250
250
445
247
247
250
250
247
247
250
248
247
250
250
247
445
445
250
250
444
248
250
445
444
248
248
444
249
249
248
248
247
248
248
249
444
444
248
248
249
281
281
249
239
239
281
281
245
246
281
239
247
249
281
246
1347
1347
1347
1347
1347
1347
1347
1347
1347
1347
1347
1347
1347
1347
1347
1347
1347
1347
1347
1347
1347
1347
1347
1347
1347
1347
1347
1347
548
141
141
141
141
141
141
141
141
141
141
141
141
141
141
141
1347
1347
141
141
1347
1347
141
1347
141
141
141
1347
141
141
141
141
537
141
1347
1347
141
1347
1347
141
1347
1347
1347
1347
1347
1347
1347
1347
1347
1347
1347
1347
1347
1347
1347
1347
1347
1347
1347
1347
1347
1347
1347
1347
1347
1347
1347
1347
1347
1347
1347
1347
1347
1347
1347
1347
1347
1347
1347
1347
1347
1347
1347
1347
1347
1347
1347
1347
1347
1347
1347
1347
1347
1347
1347
1347
1347
1347
1347
1347
1347
1347
1347
1347
1347
1347
1347
1347
1347
1347
1347
1347
1347
1347
1347
1347
1347
1347
1347
1347
1347
1347
1347
1347
1347
1347
1347
1347
1347
1347
1347
1347
1347
1347
1347
1347
1347
1347
1347
1347
1347
1347
1347
1347
1347
1347
1347
1347
1347
1347
1347
1347
1347
1347
1347
1347
1347
1347
1347
1347
1347
1347
1347
1347
1347
1347
1347
1347
1347
1347
1347
1347
1347
1347
1347
1347
1347
1347
1347
1347
1347
1347
1347
1347
1347
1347
1347
1347
1347
1347
1347
1347
1347
1347
1347
1347
1347
1347
1347
1347
1347
1347
1347
1347
232
231
336
335
231
336
336
231
178
177
336
336
177
335
336
177
232
232
335
335
232
335
335
232
177
214
335
335
214
335
335
214
214
335
335
214
335
232
335
335
232
335
335
232
214
214
335
335
280
280
280
280
478
478
280
280
280
280
280
478
477
477
477
477
477
477
477
477
280
477
477
477
478
478
478
478
477
477
478
478
280
478
478
477
478
478
478
478
1347
1347
1347
1347
1347
1347
1347
1347
1347
1347
1347
1347
1347
1347
1347
1347
1347
1347
1347
1347
1347
1347
1347
1347
1347
1347
1347
1347
1347
1347
1347
1347
1347
1347
1347
1347
1347
1347
1347
1347
1347
1347
1347
1347
1347
1347
1347
1347
1347
1347
1347
1347
1347
1347
1347
1347
1347
1347
1347
1347
1347
1347
1347
1347
1347
1347
1347
1347
1347
1347
1347
1347
1347
1347
1347
1347
1347
1347
1347
1347
1347
1347
1347
1347
1347
1347
1347
1347
1347
1347
1347
1347
1347
1347
1347
1347
1347
1347
1347
1347
1347
1347
1347
1347
1347
1347
1347
1347
1347
1347
1347
1347
1347
1347
1347
1347
1347
1347
1347
1347
1347
1347
1347
1347
1347
1347
1347
1347
1347
1347
1347
1347
1347
1347
1347
1347
1347
1347
1347
1347
1347
1347
1347
1347
1347
1347
1347
1347
1347
1347
1347
1347
1347
1347
1347
1347
1347
1347
1347
1347
1347
1347
1347
1347
1347
1347
1347
1347
1347
1347
1347
1347
1347
1347
1347
1347
1347
1347
1347
1347
1347
1347
1347
1347
1347
1347
1347
1347
1347
1347
1347
1347
1347
1347
1347
1347
1347
1347
1347
1347
1347
1347
1347
1347
1347
1347
1347
1347
1347
1347
1347
1347
1347
1347
1347
1347
1347
1347
1347
1347
1347
1347
1347
1347
1347
1347
1347
1347
1347
1347
1347
1347
535
142
142
535
546
546
142
142
547
128
142
546
536
535
142
128
536
128
141
537
547
548
141
128
548
141
141
548
141
537
141
141
547
547
548
548
477
478
548
547
478
548
548
478
548
548
548
548
280
280
36
36
280
457
36
280
1253
1254
36
457
1254
36
36
1254
251
443
497
498
497
443
344
497
345
498
497
344
161
162
162
161
1081
162
162
162
258
258
162
162
161
161
162
258
44
48
1307
44
57
57
1307
48
57
52
1307
57
1309
44
1307
52
57
48
48
1307
44
41
48
48
41
48
48
41
1307
1307
48
48
46
1181
1225
391
1182
1226
1225
1181
1226
1225
1225
1226
391
391
1225
1225
46
1180
1181
1181
49
389
1181
1180
45
45
1181
389
1182
1181
1181
45
46
1312
1314
1180
1221
424
1314
1312
424
1315
1314
424
49
1180
1314
1315
514
1184
1184
1183
1185
1185
1184
1184
371
381
1184
1185
381
1183
1184
381
514
514
380
1184
515
379
380
514
370
370
380
379
1185
1184
380
370
1226
512
511
1225
407
510
511
512
40
39
511
510
391
1225
511
39
1254
1297
37
37
37
65
37
1297
65
37
37
65
37
65
429
65
57
57
429
65
57
429
429
57
65
65
429
429
37
37
65
65
1253
527
65
37
1073
429
65
527
57
65
65
429
65
65
37
37
65
37
37
65
1254
1254
37
37
1254
37
37
1254
277
274
274
277
1221
425
274
274
273
273
274
425
412
277
274
273
1250
1255
1279
1277
1255
1279
1279
1255
277
277
1279
1279
412
1277
1279
277
297
1172
1171
1172
86
261
1171
1172
261
1171
1171
261
283
1172
1171
1171
57
1307
429
429
1307
57
429
1307
65
65
429
57
65
429
429
65
297
297
93
93
297
132
93
297
145
145
93
132
296
93
93
145
1174
300
1174
299
1175
353
1174
300
1210
299
1174
353
1211
299
1174
299
371
1228
1228
381
405
1227
1228
1228
381
381
1228
1227
255
254
501
501
253
500
501
254
218
224
501
500
224
501
501
224
253
254
281
249
255
255
281
254
239
281
281
255
249
249
281
281
253
249
252
252
249
248
252
249
444
251
252
248
251
252
252
251
465
464
268
267
268
268
268
464
415
415
268
268
100
267
268
415
95
94
109
110
259
314
109
94
135
151
109
314
260
110
109
151
135
314
314
196
259
314
314
314
315
315
314
314
197
196
314
315
111
96
112
136
304
305
112
96
305
112
112
305
136
136
112
112
73
73
73
482
303
304
73
73
304
96
73
304
111
482
73
96
413
414
87
451
415
268
87
414
268
87
87
268
450
451
87
87
1270
85
448
1276
95
110
448
85
260
447
448
110
1273
1276
448
447
1273
447
489
1272
260
488
489
447
488
489
489
488
1272
1272
489
489
260
151
151
151
135
135
151
151
298
298
151
135
152
151
151
298
539
540
334
342
540
334
334
540
189
212
334
334
212
342
334
212
189
334
164
189
540
139
164
334
140
164
164
139
340
189
164
164
541
551
552
124
551
552
552
551
473
463
552
552
463
124
552
463
551
551
138
551
541
138
138
551
550
550
138
138
471
551
138
550
505
504
504
505
256
503
504
504
503
504
504
503
125
505
504
504
437
291
114
115
291
114
114
291
475
474
114
114
473
115
114
474
465
267
266
465
100
122
266
267
122
266
266
122
466
465
266
266
515
379
379
379
378
369
379
379
369
369
379
369
370
379
379
369
49
61
388
389
534
60
388
61
516
58
388
60
45
389
388
58
424
1178
1316
1315
423
1316
1316
1178
534
61
1316
1316
49
1315
1316
61
456
1251
1295
1253
1294
526
1295
1251
1073
527
1295
526
1253
1253
1295
527
544
544
154
506
535
154
154
544
178
178
154
154
505
506
154
178
256
504
337
256
505
178
337
504
178
336
337
178
231
256
337
336
280
477
127
457
477
461
127
477
456
1253
127
461
1253
457
127
1253
126
126
476
129
456
461
476
126
477
546
476
461
546
129
476
546
456
126
64
1251
126
64
64
126
1252
1252
64
64
1294
1251
64
1252
473
474
553
463
475
554
553
474
102
463
553
554
463
463
553
463
1219
1282
1177
56
1281
1177
1177
1282
423
1178
1177
1177
424
56
1177
1178
1219
1219
1282
1282
1209
53
1282
1219
1176
1282
1282
53
1281
1282
1282
1282
423
423
1317
1316
422
1317
1317
423
400
534
1317
1317
534
1316
1317
534
534
534
60
60
400
401
60
534
517
60
60
401
516
60
60
60
378
378
368
369
403
368
368
378
369
369
368
368
1281
1281
55
1177
1280
55
55
1281
422
423
55
55
423
1177
55
423
1281
1282
1281
1281
1176
1176
1281
1282
54
1280
1281
1176
1280
1281
1281
1280
400
400
401
401
387
62
401
400
518
517
401
62
517
401
401
517
422
421
1318
1317
430
1319
1318
421
387
400
1318
1319
400
1317
1318
400
1280
1280
69
55
72
72
69
1280
430
421
69
72
422
55
69
421
262
262
393
483
320
131
393
262
484
263
393
131
263
483
393
263
352
301
307
84
262
483
307
301
263
308
307
483
92
84
307
308
485
270
523
264
270
523
523
270
130
130
523
523
117
264
523
130
517
517
402
402
518
377
402
517
367
403
402
377
403
402
402
403
104
311
311
104
310
311
311
311
311
312
311
311
116
104
311
312
1280
1280
1298
1280
54
79
1298
1280
78
1306
1298
79
72
1280
1298
1306
257
120
119
257
446
106
119
120
488
119
119
106
152
257
119
119
173
149
285
286
148
284
285
149
1169
1168
285
284
1167
286
285
1168
181
172
171
171
169
171
171
172
171
171
171
171
170
170
293
293
169
292
293
170
148
149
293
292
173
293
293
149
366
376
376
366
519
519
376
376
520
376
376
519
366
366
376
376
550
550
550
550
174
550
550
550
550
471
550
550
471
550
550
471
325
538
342
212
539
539
342
538
539
342
342
539
212
212
342
342
174
174
550
550
549
470
550
174
550
550
550
470
325
325
538
538
325
287
538
325
549
442
538
287
539
538
538
442
350
1075
187
350
316
187
187
1075
350
350
187
187
197
196
196
196
329
220
196
196
298
135
196
220
135
196
196
135
350
350
230
230
350
230
230
350
237
237
230
230
236
230
230
237
330
330
330
330
197
315
330
330
315
330
330
315
136
112
112
136
305
305
112
112
332
113
112
305
331
136
112
113
331
331
185
185
1108
185
185
331
330
185
185
185
331
113
113
331
332
332
113
113
332
113
113
332
1108
331
113
113
466
266
266
466
122
122
266
266
333
123
266
122
265
466
266
123
236
236
240
240
236
242
240
236
328
243
240
242
243
240
240
243
236
237
242
242
237
242
242
237
328
328
242
242
328
242
242
328
333
333
123
123
333
123
123
333
265
265
123
123
265
123
123
265
1110
1110
210
210
1111
1111
210
1110
316
210
210
1111
210
210
210
210
260
151
488
488
152
152
488
151
152
119
488
152
488
488
488
119
148
491
491
284
283
1171
491
491
261
1170
491
1171
1169
284
491
1170
524
486
486
158
145
508
486
486
468
146
486
508
146
158
486
146
1118
524
1118
1118
524
158
1118
524
146
168
1118
158
168
1118
1118
168
146
146
160
168
468
159
160
146
494
495
160
159
319
168
160
495
494
159
147
493
468
133
147
159
134
134
147
133
492
493
147
134
168
168
168
168
146
168
168
168
319
319
168
168
319
168
168
319
296
145
156
156
145
486
156
145
524
524
156
486
320
156
156
524
524
524
320
524
1118
524
320
524
1118
320
320
524
320
524
320
320
283
492
134
283
492
134
134
492
134
283
134
134
492
493
493
493
148
292
493
493
169
169
493
292
494
493
493
169
181
180
172
172
319
495
172
180
494
169
172
495
169
172
172
169
181
323
180
180
324
319
180
323
319
319
180
319
319
180
180
319
324
317
204
205
182
216
204
317
204
204
204
216
203
205
204
204
262
301
301
300
352
352
301
301
1175
300
301
352
1174
300
301
300
366
376
375
365
520
520
375
376
520
375
375
520
365
365
375
375
520
75
75
520
385
385
75
75
385
75
75
385
520
520
75
75
520
519
70
75
519
70
70
519
386
386
70
70
385
75
70
386
520
520
375
375
521
375
375
520
365
365
375
375
365
375
375
365
520
75
80
520
385
313
80
75
313
80
80
313
521
520
80
80
191
202
165
155
202
165
165
202
270
270
165
165
485
155
165
270
202
215
179
165
179
179
179
215
271
271
179
179
270
165
179
271
130
130
130
130
311
311
130
130
310
130
130
311
117
130
130
130
116
312
312
116
311
311
312
312
312
312
312
311
116
116
312
312
77
91
91
77
98
98
91
91
434
90
91
98
432
77
91
90
270
271
522
523
271
522
522
271
143
522
522
522
130
523
522
522
521
521
272
375
521
272
272
521
190
190
272
272
365
375
272
190
385
89
89
313
1120
1322
89
89
1322
89
89
1322
313
313
89
89
313
313
80
80
313
80
80
313
521
521
80
80
521
80
80
521
1126
1126
1126
1126
1129
1129
1126
1126
1129
1126
1126
1129
1130
1126
1126
1126
116
312
116
1122
312
312
116
312
1124
1122
116
312
1122
1122
116
1122
143
522
522
143
271
1129
522
522
1129
1136
522
1129
143
143
522
1136
143
143
143
522
312
311
143
143
311
130
143
311
130
522
143
130
1324
1324
1324
1324
433
433
1324
1324
433
1324
1324
433
1122
1324
1324
1324
433
433
433
433
1322
1322
433
433
1322
433
433
1322
433
433
433
433
432
90
81
81
434
81
81
90
385
386
81
81
386
81
81
386
316
316
187
187
316
187
187
316
187
187
187
187
350
187
187
187
350
187
153
230
187
153
153
187
121
121
153
153
237
230
153
121
237
121
241
242
121
241
241
121
244
244
241
241
328
242
241
244
328
244
238
327
244
238
238
244
211
211
238
238
325
327
238
211
325
211
287
287
211
287
287
211
440
440
287
287
549
287
287
440
549
440
1115
441
440
1115
1115
440
1114
1114
1115
1115
198
441
1115
1114
198
1114
1113
343
1114
1113
1113
1114
1107
1107
1113
1113
333
343
1113
1107
333
1107
1106
123
1107
1106
1106
1107
1112
1112
1106
1106
265
123
1106
1112
265
467
467
265
332
332
467
467
332
467
467
332
265
265
467
467
1108
1108
1109
185
1108
1109
1109
1108
1111
1109
1109
1109
330
185
1109
1109
1108
113
1103
1108
332
1104
1103
113
1104
1103
1103
1104
1108
1108
1103
1103
320
318
394
131
167
395
394
318
166
144
394
395
484
131
394
144
1112
1105
1105
1112
1104
1104
1105
1105
332
467
1105
1104
265
1112
1105
467
102
554
554
545
475
459
554
554
126
129
554
459
546
545
554
129
291
452
453
114
1252
64
453
452
126
459
453
64
475
114
453
459
1250
413
451
1255
413
451
451
413
450
450
451
451
1255
1255
451
450
1209
353
353
53
1210
353
353
353
1175
1175
353
353
1176
53
353
1175
1176
1175
351
1176
1175
352
351
1175
352
351
351
352
54
1176
351
351
54
351
84
79
352
84
84
351
92
396
84
84
78
79
84
396
449
449
74
74
302
302
74
449
303
73
74
302
73
74
74
73
449
449
1269
449
1269
1269
1269
449
1271
354
1269
1269
302
449
1269
354
1210
1271
1211
299
1271
1269
1211
1271
1269
1269
1211
1269
1211
299
1211
1269
261
261
1214
1215
86
1213
1214
261
1270
1276
1214
1213
1273
1215
1214
1276
1272
489
106
1274
488
106
106
489
446
446
106
106
1275
1274
106
446
1272
490
1215
1272
1169
1170
1215
490
261
1215
1215
1170
1273
1272
1215
1215
1275
150
107
1274
1167
1168
107
150
1169
490
107
1168
1272
1274
107
490
181
322
317
323
182
317
317
322
324
324
317
317
324
323
317
324
203
203
203
203
167
318
203
203
320
320
203
318
1118
203
203
320
1118
1118
525
525
168
147
525
1118
283
525
525
147
1118
524
525
525
1118
525
525
524
283
525
525
525
203
203
525
525
1118
525
525
203
283
525
525
525
324
205
525
525
203
525
525
205
283
525
525
525
324
324
525
525
324
525
525
324
283
525
525
525
319
319
495
159
324
525
495
319
283
159
495
525
1124
1124
1124
1124
1124
312
1124
1124
143
1135
1124
312
1135
1124
1124
1135
385
385
81
89
385
81
81
385
434
1138
81
81
1120
89
81
1138
41
528
533
533
40
510
533
528
407
384
533
510
532
533
533
384
405
363
364
406
364
363
530
364
532
384
364
530
407
406
364
384
1307
48
48
48
41
41
48
48
41
48
48
41
41
41
38
528
44
392
38
41
391
39
38
392
40
528
38
39
1221
1312
50
425
46
47
50
1312
1309
417
50
47
273
425
50
417
44
44
410
392
1309
47
410
44
46
391
410
47
391
392
410
391
171
171
170
170
169
170
170
171
170
170
170
170
381
1227
382
513
405
406
382
1227
407
512
382
406
1226
513
382
512
1182
1183
513
1226
514
1183
513
1183
381
513
513
1183
1226
1226
513
513
1182
45
514
1183
45
515
514
45
515
514
514
515
514
1183
514
514
45
58
515
515
516
516
515
58
378
379
515
516
515
515
515
379
516
60
516
516
517
402
516
60
403
378
516
402
378
516
516
378
253
252
499
500
251
498
499
252
345
208
499
498
218
500
499
208
197
330
1111
1110
330
1111
1111
330
1111
1110
1111
1111
1110
1110
1111
1110
316
316
316
316
316
316
316
316
316
316
316
316
316
316
316
316
329
329
316
316
210
210
316
329
316
316
316
210
329
196
210
329
197
1110
210
196
1110
210
210
1110
210
329
210
210
1111
1111
1111
1109
1111
1111
1111
1111
330
1109
1111
1111
316
316
316
316
316
1111
316
316
1111
1111
316
1111
1111
316
316
1111
283
283
297
1172
297
297
297
283
297
1172
297
297
283
491
492
492
148
493
492
491
492
492
492
493
262
300
296
262
1174
296
296
300
296
156
296
296
320
262
296
156
1174
299
1173
296
1211
479
1173
299
297
93
1173
479
296
296
1173
93
77
1304
1326
91
104
104
1326
1304
116
1326
1326
104
98
91
1326
1326
437
88
435
291
415
414
435
88
413
458
435
414
291
291
435
458
265
467
466
466
332
305
466
467
305
466
466
305
466
466
466
466
465
465
466
465
466
466
466
465
305
305
466
466
304
465
466
305
268
464
465
464
465
465
465
464
304
304
465
465
303
464
465
304
450
87
269
450
268
464
269
87
303
302
269
464
302
450
269
302
1255
450
450
1257
450
450
450
450
302
354
450
450
1271
1257
450
354
1255
1257
1257
1209
1271
1271
1257
1257
1210
353
1257
1271
1209
1209
1257
353
277
1279
1219
1219
1255
1209
1219
1279
1209
1219
1219
1209
1219
1219
1219
1219
1221
274
1220
424
277
1219
1220
274
1219
56
1220
1219
424
424
1220
56
550
470
441
436
549
441
470
198
198
441
279
436
198
471
471
436
439
550
436
436
471
279
279
436
436
436
439
436
279
278
438
439
436
551
551
439
438
471
439
439
551
436
436
439
439
473
552
115
115
551
438
115
552
278
278
115
438
437
115
115
278
463
463
542
542
102
543
542
463
125
140
542
543
140
542
542
140
236
229
229
236
349
349
229
229
350
230
229
349
236
236
229
230
236
240
240
228
243
243
240
240
233
233
240
243
228
228
240
233
233
233
219
233
226
219
219
233
194
194
219
219
228
233
219
194
503
454
176
504
200
163
176
454
125
125
176
163
125
504
176
125
544
102
507
507
102
545
507
102
546
507
507
545
544
544
543
102
125
125
543
544
125
543
543
125
102
102
543
543
152
152
257
257
161
258
257
152
258
258
257
258
257
257
257
258
184
184
152
184
161
152
152
184
152
152
152
152
152
184
152
152
1077
184
184
298
184
184
184
184
152
298
184
184
298
298
184
298
1075
1076
220
220
1077
298
220
1076
298
220
220
298
329
220
220
220
316
1075
316
316
1075
220
316
1075
329
316
316
220
1078
161
161
1078
161
161
161
161
161
184
161
161
184
1078
161
184
348
348
1078
1077
1078
1078
1078
348
184
184
1078
1078
1077
1077
1078
184
349
349
1076
1076
348
1077
1076
349
1077
1076
1076
1077
1075
1076
1076
1076
316
1075
1075
1075
350
349
1075
1075
349
1076
1075
349
1075
1075
1075
1076
1211
1269
479
479
1269
1212
479
1269
86
1172
479
1212
297
479
479
1172
1270
1213
1268
480
86
1212
1268
1213
1269
449
1268
1212
449
480
1268
449
95
85
481
482
1270
480
481
85
449
74
481
480
73
482
481
74
111
259
94
482
259
94
94
259
95
482
94
94
73
482
94
482
111
136
259
259
136
186
259
136
315
314
259
186
259
259
259
314
330
330
186
185
315
186
186
330
136
136
186
186
331
185
186
136
218
208
218
224
195
217
218
208
227
224
218
217
224
224
218
224
228
194
209
209
194
347
209
194
1078
348
209
347
348
209
209
348
236
228
209
229
228
209
209
228
348
349
209
209
349
229
209
349
325
327
327
325
328
328
327
327
328
327
327
328
325
325
327
327
212
234
234
212
243
243
234
234
328
327
234
243
325
212
234
327
189
234
234
212
233
243
234
234
243
234
234
243
212
212
234
234
340
223
235
189
226
233
235
223
233
234
235
233
189
189
235
234
227
226
223
222
226
223
223
226
340
201
223
223
200
222
223
201
224
224
222
213
227
222
222
224
200
454
222
222
503
213
222
454
256
255
502
503
255
501
502
255
224
213
502
501
503
503
502
213
200
201
163
163
340
164
163
201
140
140
163
164
125
163
163
140
195
194
219
217
194
219
219
194
226
226
219
219
227
217
219
226
194
194
347
347
195
1079
347
194
161
161
347
1079
1078
347
347
161
539
442
174
174
549
174
174
442
174
174
174
174
539
539
174
174
539
174
174
539
174
550
174
174
550
174
174
550
540
540
540
541
539
174
540
540
550
138
540
174
541
541
540
138
140
139
541
542
540
541
541
139
541
124
541
541
463
542
541
124
333
343
343
333
279
198
343
343
198
343
343
198
333
333
343
343
122
288
279
122
436
279
279
288
279
343
279
279
333
122
279
343
100
101
288
122
278
436
288
101
436
288
288
436
122
122
288
288
437
278
88
88
278
101
88
278
100
415
88
101
415
88
88
415
1250
1249
420
413
1252
452
420
1249
291
458
420
452
413
413
420
458
412
1278
1278
1277
1294
1252
1278
1278
1252
1249
1278
1252
1250
1277
1278
1249
273
418
419
273
1073
526
419
418
1294
1278
419
526
412
273
419
1278
57
429
52
52
1073
418
52
429
273
417
52
418
1309
52
52
417
218
208
345
208
345
344
345
208
1081
1079
345
344
195
208
345
1079
1254
1297
1297
1254
37
1297
1297
1297
1254
1254
1297
1297
544
506
506
544
505
505
506
506
125
544
506
505
41
41
528
528
41
528
528
41
40
528
528
528
535
544
142
142
544
507
142
544
546
142
142
507
239
255
256
239
255
255
256
255
256
256
256
255
231
239
256
256
1254
1254
1297
1297
1253
37
1297
1254
37
1297
1297
37
161
1079
1079
162
195
1079
1079
1079
1081
162
1079
1079
134
133
487
118
468
508
487
133
145
132
487
508
297
118
487
132
283
147
159
159
168
168
159
147
319
159
159
168
283
283
283
283
134
118
283
283
297
283
283
118
166
166
15
191
15
166
19
15
191
191
15
19
484
144
155
485
166
191
155
144
191
155
155
191
485
485
155
155
485
264
263
485
117
309
263
264
263
263
263
309
484
485
263
263
117
130
309
309
310
105
309
130
92
308
309
105
263
309
309
308
310
311
83
105
104
83
83
311
78
396
83
83
92
105
83
396
104
1304
1305
83
77
397
1305
1304
72
1306
1305
397
78
83
1305
1306
430
72
397
431
72
397
397
72
77
77
397
397
432
431
397
77
387
1319
76
387
430
431
76
1319
432
81
76
431
386
387
76
81
518
62
62
518
387
387
62
62
386
70
62
387
519
518
62
70
366
367
377
376
367
377
377
367
518
518
377
377
519
376
377
518
366
357
357
367
357
357
357
357
367
367
357
357
1347
1347
1347
1347
1347
1347
1347
1347
1347
1347
1347
1347
1347
1347
1347
1347
1347
1347
1347
1347
1347
1347
1347
1347
1347
1347
1347
1347
1347
1347
1347
1347
1347
1347
1347
1347
1347
1347
1347
1347
1347
1347
1347
1347
1347
1347
1347
1347
1347
1347
1347
1347
1347
1347
1347
1347
1347
1347
1347
1347
1347
1347
1347
1347
1347
1347
1347
1347
1347
1347
1347
1347
1347
1347
1347
1347
1347
1347
1347
1347
1347
1347
1347
1347
1347
1347
1347
1347
1347
1347
1347
1347
1347
1347
1347
1347
1347
1347
1347
1347
1347
1347
1347
1347
1347
1347
1347
1347
532
529
0
530
0
529
0
0
363
530
0
0
532
530
529
532
529
530
529
529
532
532
529
529
1347
1347
1347
1347
1347
1347
1347
1347
1347
1347
1347
1347
1347
1347
1347
1347
1347
1347
1347
1347
1347
1347
1347
1347
1347
1347
1347
1347
1347
1347
1347
1347
1347
1347
1347
1347
533
532
1347
1347
363
1347
1347
532
1347
1347
1347
1347
1347
1347
1347
1347
1347
1347
1347
1347
1347
1347
1347
1347
1347
1347
1347
1347
1347
1347
1347
1347
1347
1347
1347
1347
1347
1347
1347
1347
1347
1347
1347
1347
1347
1347
1347
1347
1347
1347
1347
1347
1347
1347
1347
1347
1347
48
1347
1347
48
528
1347
48
1347
1347
1347
528
1347
1347
1347
1347
1347
1347
57
48
1347
65
57
1347
65
57
57
65
48
48
57
57
1347
1347
1347
1347
1347
1347
1347
1347
1347
1347
1347
1347
1347
1347
1347
1347
1347
1347
1347
1347
1347
1347
1347
1347
1347
1347
1347
1347
1347
1347
1347
1347
1347
1347
1347
1347
1347
1347
1347
1347
1347
1347
1347
1347
1347
1347
1347
1347
1347
1347
1347
1347
1347
1347
1347
1347
1347
1347
1347
1347
1347
1347
1347
1347
1347
1347
1347
1347
1347
1347
1347
1347
1347
1347
1347
1347
1347
1347
1347
1347
1347
1347
1347
1347
1347
1347
1347
1347
1347
1347
1347
1347
1347
1347
1347
1347
1347
1347
1347
1347
1347
1347
1347
1347
1347
1347
1347
1347
1347
1347
1347
1347
48
1307
48
41
1307
48
48
1307
41
528
48
48
528
41
48
528
533
1347
1347
533
1347
1347
1347
1347
1347
533
1347
1347
532
533
533
532
528
528
533
533
41
533
533
528
532
532
533
533
1347
1347
1347
1347
1347
1347
1347
1347
1347
1347
1347
1347
1347
1347
1347
1347
1347
1347
1347
1347
1347
1347
1347
1347
1347
1347
1347
1347
1347
1347
1347
1347
1254
1297
36
36
1347
1347
36
1297
1347
1347
36
1347
36
36
36
1347
65
57
1307
57
1307
1307
1307
57
48
57
1307
1307
65
65
37
37
1347
1347
37
65
1347
1297
37
1347
1254
37
37
1297
1347
1347
1347
1347
1347
1347
1347
1347
1347
1347
1347
1347
1347
1347
1347
1347
1347
1347
1347
1347
1347
1347
1347
1347
1347
1347
1347
1347
1347
1347
1347
1347
1347
1347
1347
1347
1347
1347
1347
1347
1347
1347
1347
1347
1347
1347
1347
1347
36
1347
1347
36
1347
1347
1347
1347
1347
1347
1347
1347
1347
36
1347
1347
1347
1347
1347
1347
1347
1347
1347
1347
1347
1347
1347
1347
1347
1347
1347
1347
1347
1347
1347
1347
1347
1347
1347
1347
1347
1347
1347
1347
1347
1347
1347
1347
1347
1347
1347
1347
1347
1347
1347
1347
1347
1347
1347
1347
1347
1347
1347
1347
1347
1347
1347
1347
1347
1347
1347
1347
1347
1347
1347
1347
1347
1347
1347
1347
1347
1347
1347
1347
1347
1347
1347
1347
1347
1347
1347
1347
1347
1347
1347
1347
1347
1347
1347
1347
1347
1347
1347
1347
1347
1347
1347
1347
1347
1347
1347
1347
1347
1347
1347
1347
1347
1347
1347
1347
1347
1347
1347
1347
1347
1347
1347
1347
1347
1347
1347
1347
1347
1347
1347
1347
1347
1347
1347
1347
1347
1347
1347
1347
1347
1347
1347
1347
1347
1347
1347
1347
1347
1347
1347
1347
1347
1347
1347
1347
1347
1347
1347
1347
1347
1347
1347
1347
1347
1347
1347
1347
1347
1347
1347
1347
1347
1347
1347
1347
1347
1347
1347
1347
1347
1347
1347
1347
1347
1347
1347
1347
1347
1347
1347
1347
1347
1347
1347
1347
1347
1347
1347
1347
1347
1347
1347
1347
1347
1347
1347
1347
1347
1347
1347
1347
1347
1347
1347
1347
1347
1347
1347
1347
1347
1347
1347
1347
1347
1347
1347
1347
1347
1347
1347
1347
1347
1347
1347
1347
1347
1347
1347
1347
1347
1347
1347
1347
1347
1347
1347
1347
1347
1347
1347
1347
1347
1347
1347
1347
1347
1347
1347
1347
1347
1347
1347
1347
1347
1347
1347
1347
1347
1347
1347
1347
1347
1347
1347
1347
1347
1347
1347
1347
1347
1347
1347
1347
1347
1347
1347
1347
1347
1347
1347
1347
1347
1347
1347
1347
1347
1347
1347
1347
1347
1347
1347
1347
1347
1347
1347
1347
1347
1347
1347
1347
1347
1347
1347
1347
1347
1347
1347
1347
1347
1347
1347
1347
1347
1347
1347
1347
1347
1347
1347
1347
1347
1347
1347
1347
48
41
528
528
528
533
528
41
533
533
528
533
1347
528
528
533
532
530
532
533
363
532
532
530
533
533
532
532
528
533
532
533
1347
1347
1347
1347
1347
1347
1347
1347
1347
1347
1347
1347
1347
1347
1347
1347
1347
1347
1347
1347
1347
1347
1347
1347
1347
1347
1347
1347
1347
1347
1347
1347
1347
1347
1347
1347
1347
1347
1347
1347
1347
1347
1347
1347
1347
1347
1347
1347
1347
1347
1347
1347
1347
1347
1347
1347
1347
1347
1347
1347
1347
1347
1347
1347
1347
1347
1347
1347
1347
1347
1347
1347
1347
1347
1347
1347
1347
1347
1347
1347
1347
1347
1347
1347
1347
1347
1347
1347
141
141
141
141
141
141
141
141
1347
1347
141
141
1347
141
141
1347
1347
1347
1347
1347
1347
1347
1347
1347
1347
1347
1347
1347
1347
1347
1347
1347
36
280
280
280
280
280
280
280
280
280
280
280
280
280
280
280
36
36
36
36
36
280
36
36
280
280
36
280
280
36
36
280
478
478
478
478
548
478
478
478
478
478
478
478
478
478
478
478
280
280
280
280
280
280
280
280
280
280
280
280
280
280
280
280
280
280
280
280
280
280
280
280
36
280
280
280
478
280
280
478
280
280
280
280
280
280
280
280
478
478
280
280
280
280
280
280
280
280
280
280
478
478
280
280
478
280
280
478
1347
1347
1347
1347
1347
1347
1347
1347
1347
1347
1347
1347
1347
1347
1347
1347
548
478
548
548
478
478
548
478
478
548
548
478
548
548
548
548
280
1347
280
280
1347
478
280
1347
478
280
280
478
280
280
280
280
280
280
280
280
280
280
280
280
36
280
280
280
280
280
280
280
280
280
280
280
280
280
280
280
280
280
280
280
280
280
280
280
548
548
548
548
478
1347
548
548
1347
1347
548
1347
548
548
548
1347
280
1347
1347
1347
1347
1347
1347
1347
1347
1347
1347
1347
1347
1347
280
36
1347
36
280
1347
36
36
280
36
548
1347
1347
548
1347
1347
1347
1347
1347
1347
1347
1347
1347
548
1347
1347
1347
1347
1347
1347
1347
1347
1347
1347
1347
1347
1347
1347
1347
1347
1347
1347
1347
36
36
1347
36
36
36
36
36
36
36
36
1347
1347
36
36
1254
1254
36
1254
36
36
36
1254
36
36
36
36
36
1254
36
36
36
36
36
36
36
36
36
36
36
36
36
36
36
36
36
36
280
280
280
280
280
280
280
280
36
36
280
280
36
280
280
36
280
36
36
280
36
36
36
36
36
36
36
36
280
280
36
36
280
36
36
36
1254
36
36
36
36
36
36
36
280
280
36
36
280
36
36
280
36
36
36
36
478
280
280
280
280
280
280
280
280
280
280
280
280
280
280
280
478
478
478
478
478
478
478
478
478
478
478
478
478
478
478
478
548
548
478
548
478
478
478
548
478
478
478
478
548
548
478
478
548
548
548
548
548
548
548
548
548
548
548
548
548
548
548
548
548
548
548
548
548
548
548
548
548
548
548
548
548
548
548
548
141
548
548
548
548
548
548
548
548
548
548
548
1347
548
548
548
280
280
280
280
280
280
280
280
478
478
280
280
478
280
280
478
478
478
478
478
478
478
478
478
478
478
478
478
478
478
478
478
478
478
478
478
478
478
478
478
478
478
478
478
478
478
478
478
478
478
478
478
478
478
478
478
478
548
548
548
548
548
548
548
548
548
548
548
478
478
478
478
478
478
478
478
478
478
478
478
478
478
478
478
478
478
478
478
478
478
478
478
478
478
478
478
478
478
478
478
548
548
548
548
548
548
548
548
548
548
548
548
548
548
548
548
548
1347
1347
548
1347
1347
1347
1347
1347
1347
1347
1347
548
548
1347
1347
1347
1347
1347
280
1347
1347
1347
1347
1347
1347
1347
1347
280
280
1347
1347
280
280
280
280
36
36
280
280
36
36
280
36
1347
280
280
36
1254
1254
1254
1254
36
36
1254
1254
36
1254
1254
36
1254
1254
1254
1254
1254
1254
1254
1254
1254
1254
1254
1254
1254
1254
1254
1254
478
478
478
478
478
478
478
478
478
478
478
478
478
478
478
478
478
478
478
478
478
478
478
478
478
478
478
478
478
478
478
478
478
478
478
478
478
478
478
478
478
478
478
478
478
478
478
1347
478
478
478
478
478
478
478
478
1347
1347
478
478
1347
1347
1347
1347
478
1347
1347
1347
1347
1347
1347
1347
1347
1347
1347
1347
1347
1347
1347
1347
1347
1347
1347
1347
1347
1347
1347
1347
1347
1347
1347
1347
1347
1347
1347
1347
1347
1347
1347
1347
1347
1347
1347
1347
1347
1347
1347
1347
1347
1347
1347
1347
1347
1347
1347
1347
1347
1347
1347
1347
1347
1347
1347
1347
36
36
280
280
280
280
280
36
280
280
280
280
478
478
478
478
478
478
478
478
478
478
478
478
478
478
478
478
478
478
548
548
478
548
548
478
548
548
548
548
548
548
548
548
548
548
548
548
548
548
548
548
548
548
548
548
548
548
548
548
548
548
548
548
548
548
548
548
548
548
548
548
548
548
548
548
141
548
548
548
548
548
548
548
548
548
548
548
548
548
548
548
141
141
141
548
141
141
141
141
548
548
141
141
548
548
141
548
1347
141
141
1347
141
141
141
141
141
548
141
141
1347
1347
141
548
1347
1347
1347
1347
1347
1347
1347
1347
1347
1347
1347
1347
1347
1347
1347
1347
1347
1347
1347
1347
1347
1347
1347
1347
1347
1347
1347
1347
1347
1347
1347
1347
1347
1347
1347
1347
1347
1347
1347
1347
1347
1347
1347
1347
1347
1347
1347
1347
1347
36
36
1347
36
36
36
36
36
36
36
36
1347
1347
36
36
1254
1254
1254
36
1254
1254
1254
1254
1254
1254
1254
1254
36
36
1254
1254
36
36
36
36
1254
36
36
36
36
36
36
36
36
36
36
36
280
36
36
280
36
36
36
36
36
280
36
36
280
280
36
280
36
36
36
36
280
280
36
36
280
36
36
280
548
141
141
548
141
141
141
141
141
141
141
141
548
548
141
141
280
280
280
280
280
280
280
280
478
280
280
280
280
280
280
280
478
280
280
280
280
280
280
280
280
280
280
280
280
280
280
280
280
280
280
280
280
280
280
280
280
280
280
280
280
280
280
280
478
478
280
280
478
280
280
478
280
280
280
280
280
280
280
280
280
280
280
280
36
280
280
280
36
280
36
36
280
280
36
280
36
36
36
280
36
36
36
36
36
36
36
36
36
36
36
36
36
36
36
36
1254
1254
1254
1254
1254
1254
1254
1254
1254
1254
1254
1254
478
478
548
548
478
548
548
478
548
548
548
548
548
548
548
548
548
548
548
548
478
478
548
548
478
548
548
478
548
548
548
548
36
36
1254
36
36
1254
1254
36
1254
1254
1254
1254
1254
36
1254
1254
280
280
280
280
280
280
280
280
478
478
280
280
478
280
280
478
548
548
548
548
478
548
548
548
548
548
548
548
36
36
36
36
36
36
36
36
36
36
36
36
36
36
36
36
36
36
36
36
36
36
36
36
36
36
36
36
36
36
36
36
204
167
204
204
167
203
204
167
203
204
204
203
427
52
1308
417
52
48
1308
52
48
1308
1308
48
417
417
1308
1308
528
528
41
41
1309
1309
41
528
417
1308
41
1309
48
41
41
1308
528
533
528
528
532
532
528
533
532
533
528
532
1309
528
528
533
532
530
530
532
530
530
530
530
532
532
530
530
528
533
530
532
532
530
530
533
529
529
530
530
530
532
530
529
52
1307
48
48
1307
48
48
1307
41
41
48
48
48
48
48
41
1307
1307
48
48
48
48
48
1307
41
48
48
48
48
528
41
48
533
528
41
528
41
48
41
528
316
316
187
187
1109
187
187
316
153
187
187
187
187
187
187
187
187
187
153
153
153
121
153
187
121
121
153
121
121
153
153
121
121
121
241
241
121
241
241
121
244
244
241
241
244
241
241
244
244
244
238
238
244
238
238
244
211
211
238
238
211
238
238
211
211
211
287
287
211
287
287
211
1115
440
287
287
440
287
287
440
440
440
1115
1115
1115
1115
1115
440
1114
1114
1115
1115
1114
1115
1115
1114
1114
1114
1113
1113
1114
1113
1113
1114
1107
1107
1113
1113
1107
1113
1113
1107
1107
1107
1106
1106
1107
1106
1106
1107
1112
1112
1106
1106
1112
1106
1106
1112
1108
1108
1109
1109
1103
1108
1109
1108
1109
1109
1109
1108
1111
1109
1109
1109
1104
1104
1103
1103
1104
1103
1103
1104
1103
1108
1103
1103
1108
1103
1103
1108
1112
1112
1105
1105
1112
1105
1105
1112
1104
1104
1105
1105
1104
1105
1105
1104
1111
1109
1111
316
1109
1109
1111
1109
1109
316
1111
1109
316
316
1111
316
1347
1347
1347
1347
1347
1347
1347
1347
1347
1347
1347
1347
1347
1347
1347
1347
1347
1347
1347
1347
1347
1347
1347
1347
1347
1347
1347
1347
1347
1347
1347
1347
1347
1347
1347
1347
1347
1347
1347
1347
1347
1347
1347
1347
1347
1347
1347
1347
1347
1347
1347
1347
1347
1347
1347
1347
1347
1347
1347
1347
1347
1347
1347
1347
1347
1347
1347
1347
1347
1347
1347
1347
1347
1347
1347
1347
1347
1347
1347
1347
1347
153
187
1103
1103
1109
1103
1103
187
1112
1103
1103
1103
121
121
121
121
153
1103
121
121
1112
121
121
1103
244
241
121
238
121
121
121
241
1112
238
121
121
211
238
137
211
244
238
137
238
1112
211
137
238
1115
287
440
1114
211
211
440
287
1112
1114
440
211
1114
1115
1114
1113
1115
1114
1114
1115
1112
1113
1114
1114
1107
1113
1113
1107
1114
1113
1113
1113
1112
1107
1113
1113
1112
1106
1112
1112
1107
1107
1112
1106
1112
1112
1112
1107
1109
1108
1103
1103
1103
1103
1103
1108
1112
1103
1103
1103
1103
1103
1103
1103
1104
1104
1103
1103
1112
1103
1103
1104
1104
1105
1105
1104
1112
1112
1105
1105
1112
1104
1105
1112
1109
1109
1103
1103
1109
1103
1103
1109
1112
1103
1103
1103
434
98
433
1138
98
103
433
98
103
433
433
103
1120
1138
433
433
98
1326
1325
103
116
116
1325
1326
116
1325
1325
116
103
103
1325
1325
313
89
89
313
1322
1322
89
89
1322
1322
89
1322
313
313
89
1322
1130
1126
1126
1130
1129
1129
1126
1126
271
179
1126
1129
179
1130
1126
179
1122
1122
1122
1324
1124
1124
1122
1122
1124
1122
1122
1124
1324
1324
1122
1122
143
1136
1136
1135
1129
1129
1136
1136
1129
1136
1136
1129
1135
1135
1136
1136
1122
1324
1324
1122
433
433
1324
1324
103
1325
1324
433
116
1122
1324
1325
143
312
312
143
1124
312
312
312
312
143
312
312
143
143
312
143
1130
1130
1130
1126
1130
1130
1130
1130
1126
1126
1130
1130
433
433
433
433
1322
1322
433
433
1120
433
433
1322
103
433
433
433
308
92
308
308
92
309
308
92
309
308
308
309
92
105
105
309
105
105
105
105
117
309
105
105
309
309
105
309
105
310
310
105
1124
1135
310
310
1135
1135
310
1135
117
105
310
1135
1124
1124
1124
1135
1124
1124
1124
1124
1135
1135
1124
1124
1135
1135
1124
1135
1130
1130
485
1126
144
484
485
1130
263
264
485
484
1129
1126
485
264
144
144
484
484
144
393
484
144
263
263
484
393
263
484
484
263
144
394
393
393
394
394
393
394
393
393
394
483
483
393
393
263
393
393
483
394
166
394
394
394
144
166
394
394
530
530
530
530
1313
532
530
530
532
530
530
532
529
529
530
529
532
530
529
530
530
529
529
530
1347
1347
1347
1347
1347
1347
1347
1347
1347
1347
1347
1347
1130
1130
1132
1132
1130
1130
1130
1130
1132
1126
1130
1130
1130
1130
1130
1130
1130
1126
1126
1130
1130
1126
1130
1130
1126
225
225
225
225
190
190
225
225
190
225
225
190
282
282
282
282
444
444
282
282
444
282
282
444
295
295
282
295
444
445
295
282
445
295
295
445
295
1347
295
295
445
445
295
295
1347
1347
295
445
1347
1347
1347
1347
1347
1347
1347
1347
1347
1347
1347
1347
1347
1347
1347
1347
1347
1347
1347
1347
1347
1347
1347
1347
1347
1347
1347
1347
1347
1347
1347
1347
1347
1347
1347
1347
1347
1347
1347
1347
1347
1347
1347
1347
1347
1347
1347
1347
1347
1347
1347
1347
1347
1347
1347
1347
1347
1347
1347
1347
1347
1347
1347
1347
1347
1347
1347
1347
1347
1347
1347
1347
1347
1347
1347
1347
1347
1347
1347
1347
1347
1347
1347
1347
1347
1347
1347
1347
1347
1347
1347
1347
1347
1347
1347
1347
1347
1347
1347
1347
1347
1347
1347
1347
1347
1347
1347
1347
1347
183
183
258
183
258
162
183
258
1081
183
183
162
286
1167
173
286
173
286
286
173
1167
1167
286
286
294
173
192
294
170
293
294
192
173
173
294
293
206
193
206
206
181
171
206
206
171
193
206
171
356
356
357
356
366
366
356
357
366
356
356
366
358
404
359
358
369
368
358
359
403
404
358
368
404
357
404
404
403
403
404
404
367
357
404
403
321
206
207
321
182
322
321
207
181
206
321
322
356
355
356
356
366
365
356
356
365
355
356
365
355
355
355
355
365
365
355
355
365
355
355
365
202
19
202
202
202
202
202
202
191
19
202
202
225
225
355
225
365
190
225
355
190
225
225
190
360
360
1186
360
1185
370
360
1186
370
360
360
370
359
359
360
359
370
369
359
360
369
359
359
369
361
1186
361
361
371
1185
361
361
1185
1186
361
1185
362
361
34
362
405
1228
362
34
371
361
362
1228
215
202
215
215
179
215
215
215
202
202
215
215
1130
215
1130
1130
1130
1130
1130
1130
179
215
1130
1130
216
207
216
216
204
216
216
216
182
207
216
216
395
167
166
395
166
395
395
166
167
167
395
395
446
35
1275
446
1275
446
446
1275
446
35
446
446
11
11
35
11
446
120
11
35
257
11
11
120
150
1275
1167
150
1167
150
150
1167
1275
1275
150
150
443
282
443
443
251
251
443
443
444
282
443
251
1
34
363
1
405
34
1
363
192
192
193
192
171
170
192
193
170
192
192
170
258
258
11
258
257
258
258
11
258
258
258
258
1081
344
183
1081
1081
344
1081
183
345
344
1081
344
1
0
1347
1
1347
1347
1
1347
363
0
1
1347
1347
1347
1347
1347
1347
1347
1347
1347
1347
1347
1347
1347
1347
1347
1347
1347
1347
1347
1347
1347
1347
1347
1347
1347
1347
1347
1347
1347
1347
1347
1347
1347
1347
1347
1347
1347
1347
1347
1347
1347
1347
1347
1347
1347
1347
1347
1347
1347
1347
1347
1347
1347
1347
1347
1347
1347
1347
1347
1347
1347
1347
1347
1347
1347
1347
1347
1347
1347
1347
1347
1347
1347
1347
1347
1347
1347
1347
1347
1347
1347
1347
1347
1347
1347
1347
1347
1347
1347
1347
1347
1347
1347
1347
1347
1347
1347
1347
1347
1347
1347
167
216
167
167
167
167
167
167
204
216
167
167