0.1013329997658730 0.5952870249748230 0.1776210069656372
0.0966010019183158 0.5924950242042542 0.1925539970397949
0.0832730010151863 0.5699179768562317 0.1890600025653839
0.0275519993156194 0.5299270153045654 0.1945360004901886
0.0253059994429349 0.5202360153198242 0.2062480002641678
0.0114949997514486 0.5149670243263245 0.2120109945535660
0.0926799997687339 0.5901830196380616 0.2021079957485199
0.0895640030503273 0.5897709727287292 0.2111860066652298
0.0773010030388832 0.5682579874992371 0.2077890038490295
0.1190889999270439 0.6195049881935119 0.1456490010023117
0.1142909973859787 0.6141189932823181 0.1605619937181473
0.1048410013318062 0.5968040227890015 0.1603129953145981
0.0232299994677305 0.5151749849319458 0.2155620008707046
0.0231170002371072 0.5150830149650573 0.2285279929637909
0.0115179996937513 0.5132560133934021 0.2345750033855438
0.0612769983708858 0.5493530035018921 0.1843080073595047
0.0567950010299682 0.5401930212974548 0.1969970017671585
0.0395740009844303 0.5286110043525696 0.2019540071487427
0.0869060009717941 0.5928630232810975 0.2213220000267029
0.0828699991106987 0.6021819710731506 0.2363439947366715
0.0731960013508796 0.5866180062294006 0.2341990023851395
0.1236630007624626 0.6485440135002136 0.1937910020351410
0.1181389987468719 0.6467649936676026 0.2125419974327087
0.1123339980840683 0.6279010176658630 0.2032440006732941
0.1371089965105057 0.6655669808387757 0.1504770070314407
0.1287849992513657 0.6510930061340332 0.1704819947481156
0.1219400018453598 0.6316570043563843 0.1636230051517487
0.0252529997378587 0.5263000130653381 0.2429639995098114
0.0232439991086721 0.5494980216026306 0.2565180063247681
0.0111419996246695 0.5496749877929688 0.2612560093402862
0.0519560016691684 0.5342860221862793 0.2071759998798370
0.0486899986863136 0.5317209959030152 0.2134300023317337
0.0351580008864402 0.5203340053558349 0.2207430005073548
0.0682749971747398 0.5515170097351074 0.1986259967088699
0.1021720021963120 0.6106820106506348 0.2080579996109009
0.0983429998159408 0.6089169979095459 0.2164600044488907
0.0484919995069503 0.5383329987525940 0.2240169942378998
0.0449879989027977 0.5540900230407715 0.2381670027971268
0.0323700010776519 0.5486950278282166 0.2489490061998367
0.1121800020337105 0.6467459797859192 0.2266329973936081
0.1077549979090691 0.6483989953994751 0.2367680072784424
0.1042999997735024 0.6283090114593505 0.2248309999704361
0.0677699968218803 0.6038129925727844 0.2503579854965210
0.0762929990887641 0.6171039938926697 0.2525979876518250
0.0733660012483596 0.6305559873580933 0.2625550031661987
0.1020969972014427 0.6499729752540589 0.2493699938058853
0.0966269969940185 0.6518859863281251 0.2590200006961822
0.0937580019235611 0.6358069777488709 0.2487159967422485
0.0199200008064508 0.5685210227966308 0.2630699872970581
0.0174059998244047 0.5838029980659485 0.2693260014057159
0.0067969998344779 0.5835649967193604 0.2722550034523010
0.0419889986515045 0.5761889815330506 0.2501110136508942
0.0413680002093315 0.5985890030860901 0.2642160058021545
0.0288679990917444 0.5888019800186157 0.2658309936523437
0.0559780001640319 0.5889570116996765 0.2484509944915772
0.0687180012464523 0.6405259966850281 0.2718180119991302
0.0665049999952316 0.6483290195465088 0.2765829861164093
0.0583419986069202 0.6416699886322021 0.2795310020446777
0.0835449993610382 0.6298750042915345 0.2551940083503723
0.0797469988465309 0.6385539770126342 0.2636870145797730
0.0167759992182254 0.5991629958152771 0.2813299894332886
0.0182910002768039 0.6074450016021728 0.2941769957542419
0.0084220003336668 0.6044269800186157 0.2967210114002228
0.0839809998869895 0.6461510062217713 0.2660009860992432
0.0887959972023963 0.6421779990196228 0.2594639956951141
0.0913809984922409 0.6537020206451416 0.2654770016670227
0.1028060019016266 0.8206210136413574 0.2864870131015778
0.0993309989571571 0.8387529850006103 0.2832550108432770
0.0800559967756271 0.8464490175247192 0.2858519852161407
0.0368230007588863 0.6105819940567017 0.2768689990043640
0.0352689996361732 0.6192049980163574 0.2878600060939789
0.0267949998378753 0.6123560070991516 0.2907530069351196
0.0478280000388622 0.6230949759483337 0.2763789892196655
0.0652849972248077 0.6499580144882202 0.2777729928493500
0.0580569989979267 0.6433449983596801 0.2806020081043244
0.0718600004911422 0.6505299806594848 0.2749249935150147
0.0681179985404014 0.7597389817237853 0.2978090047836304
0.0666010007262229 0.7487300038337708 0.2984189987182617
0.0813980028033256 0.7230110168457032 0.2908470034599304
0.0184160005301237 0.6178230047225952 0.2990700006484986
0.0091369999572634 0.6155509948730469 0.2996810078620911
0.0609350018203258 0.6554809808731080 0.2765350043773651
0.0530590005218982 0.6506630182266235 0.2792510092258453
0.0725909993052482 0.6586059927940369 0.2770029902458191
0.0740550011396408 0.6538029909133911 0.2753109931945801
0.0756129994988441 0.6513770222663880 0.2733249962329865
0.0664250031113624 0.7338910102844238 0.2993560135364532
0.0752919986844062 0.7161009907722473 0.2939719855785370
0.0945459976792335 0.8492720127105713 0.2799780070781708
0.0799949988722801 0.8533189892768860 0.2818279862403870
0.1475590020418167 0.8435779809951782 0.2520630061626434
0.1539510041475296 0.8209499716758728 0.2497909963130951
0.1631859987974167 0.8271769881248474 0.2352019995450973
0.0168309994041919 0.6293240189552307 0.2895419895648956
0.0084979999810457 0.6252520084381103 0.2917770147323608
0.0374669991433620 0.6270539760589600 0.2917450070381165
0.0264250002801418 0.6229649782180786 0.2968629896640778
0.0464910008013248 0.6295970082283020 0.2836759984493256
0.0688360035419464 0.6550059914588928 0.2772749960422516
0.0429470017552375 0.8696399927139282 0.2866249978542328
0.0400869995355606 0.8630560040473938 0.2960979938507080
0.0500180013477802 0.8541560173034668 0.2955749928951263
0.0925680026412010 0.8701130151748657 0.2703750133514404
0.0817390009760856 0.8722079992294312 0.2716020047664642
0.1131170019507408 0.8507440090179443 0.2718330025672913
0.1050190031528473 0.8702660202980041 0.2672550082206726
0.1364919990301132 0.8559669852256774 0.2546969950199127
0.1555269956588745 0.8497750163078308 0.2418420016765595
0.0346800014376640 0.6394940018653870 0.2833699882030487
0.0251759998500347 0.6333730220794678 0.2855840027332306
0.0461409986019134 0.6338919997215270 0.2871469855308533
0.0655680000782012 0.6585850119590760 0.2753559947013855
0.0686110034584999 0.6610950231552124 0.2758409976959228
0.0701799988746643 0.6577820181846619 0.2772440016269684
0.0643189996480941 0.8535330295562744 0.2876139879226684
0.0670970007777214 0.8585000038146972 0.2823140025138855
0.0553039982914924 0.8665869832038880 0.2813310027122498
0.0681710019707679 0.6594070196151734 0.2767859995365143
0.0660339966416358 0.6585159897804260 0.2759099900722504
0.0709889978170394 0.8737159967422486 0.2724550068378449
0.0623750016093254 0.8784329891204835 0.2722750008106232
0.1657799929380417 0.8662170171737670 0.2225629985332489
0.1756680011749268 0.8519669771194458 0.2090110033750534
0.1781439930200577 0.8635429739952087 0.2004590034484863
0.1515009999275207 0.8769069910049439 0.2328269928693772
0.1676370054483414 0.8750309944152832 0.2151149958372116
0.1779929995536804 0.8897910118103027 0.1929239928722381
0.1744280010461807 0.9054949879646301 0.1996600031852722
0.1627009958028793 0.9023360013961792 0.2169049978256226
0.0589670017361641 0.6689050197601318 0.2834779918193817
0.0562199987471103 0.6615329980850220 0.2829540073871612
0.0627939999103546 0.6605420112609864 0.2786059975624084
0.0582000017166137 0.6817070245742798 0.2972239851951599
0.0531920008361339 0.6741489768028260 0.2940579950809479
0.0601759999990463 0.6692540049552918 0.2863030135631561
0.0409369990229606 0.8035870194435119 0.3186079859733581
0.0426030009984970 0.7986969947814941 0.3112640082836151
0.0432390011847019 0.7979390025138854 0.3057180047035217
0.0364429987967014 0.8026120066642761 0.3332220017910004
0.0373350009322166 0.7947520017623901 0.3365249931812286
0.0419519990682601 0.7942119836807251 0.3269760012626648
0.1388150006532669 0.8903499841690063 0.2428690046072006
0.1540870070457459 0.8829249739646912 0.2280620038509369
0.1724780052900314 0.9182869791984558 0.2114659994840622
0.1696899980306625 0.9292770028114319 0.2239599972963333
0.1606989949941635 0.9203150272369385 0.2355059981346130
0.0511900000274181 0.6739640235900879 0.2899059951305389
0.0477190017700195 0.6618880033493042 0.2880150079727173
0.0336599983274936 0.7181590199470520 0.3266099989414215
0.0410629995167255 0.7134109735488892 0.3206590116024017
0.0455049984157085 0.7254139780998230 0.3149079978466034
0.0442930012941360 0.7788730263710022 0.3050960004329681
0.0159750003367662 0.8108540177345276 0.3594030141830444
0.0224079992622137 0.8080180287361146 0.3507190048694611
0.0209470000118017 0.8176419734954834 0.3444629907608032
0.0298870000988245 0.9094219803810120 0.2887130081653595
0.0304829999804496 0.9327750205993652 0.3065299987792969
0.0195240005850791 0.9043999910354614 0.2989029884338379
0.1504860073328018 0.9171980023384095 0.2463009953498840
0.1521340012550354 0.9109399914741516 0.2383359968662262
0.1616420000791550 0.9118400216102600 0.2262230068445206
0.1651380062103271 0.9397510290145874 0.2357079982757568
0.1551329940557480 0.9281669855117798 0.2476360052824020
0.0328340008854866 0.7699339985847473 0.3122099936008453
0.0468299984931945 0.7605019807815552 0.3061200082302093
0.0395359992980957 0.7804549932479858 0.3098230063915252
0.0245840009301900 0.7977560162544251 0.3541469871997833
0.0220880005508661 0.9384779930114746 0.3155570030212403
0.0145819997414946 0.9091299772262573 0.3073180019855500
0.1473399996757507 0.9229969978332520 0.2543340027332306
0.0212280005216598 0.7519649863243103 0.3218150138854980
0.0106210000813007 0.7512040138244628 0.3275609910488129
0.0146570000797510 0.7398149967193604 0.3290210068225860
0.0155469998717308 0.7883359789848328 0.3664740025997162
0.0228790007531642 0.7891179919242860 0.3567430078983307
0.0087169995531439 0.8123419880867004 0.3650099933147430
0.0155130000784993 0.8212260007858276 0.3510699868202209
0.0484229996800422 0.9550690054893494 0.3167960047721863
0.0352619998157024 0.9572929739952087 0.3190479874610901
0.1351930052042008 0.9187009930610657 0.2598339915275574
0.1412129998207092 0.9293580055236817 0.2636489868164062
0.0001579999952809 0.8125860095024109 0.3675320148468017
0.0086989998817443 0.8237059712409974 0.3567500114440918
-0.0000799999979790 0.7471079826354980 0.3306910097599030
0.0000079999999798 0.7335259914398194 0.3341020047664643
0.0275580007582902 0.6941810250282287 0.3200030028820038
0.0329609997570514 0.7079870104789734 0.3259350061416626
0.0250390004366636 0.7131400108337403 0.3320429921150207
0.0192450005561113 0.7259100079536438 0.3340249955654144
0.0274139996618032 0.7231270074844361 0.3302499949932099
0.0247750002890825 0.7395499944686890 0.3240360021591187
0.0172049999237060 0.7989599704742432 0.3658840060234070
0.0111600002273917 0.9133830070495606 0.3114300072193146
0.0404389984905719 0.9227449893951416 0.2915199995040893
0.1308510005474091 0.9224910140037536 0.2653369903564453
-0.0005259999888949 0.9142280220985413 0.3153519928455353
0.0140410000458359 0.9401400089263916 0.3182489871978760
0.0091559998691082 0.7989180088043213 0.3708930015563965
0.0000409999993280 0.7230820059776306 0.3385869860649109
0.0215440001338720 0.6580200195312500 0.3025610148906708
0.0257559996098280 0.6892259716987610 0.3091610074043274
0.0170259997248649 0.6916769742965699 0.3139750063419342
0.0082719996571540 0.7882940173149108 0.3707799911499023
0.0222709998488426 0.9564419984817505 0.3203389942646027
0.0673120021820068 0.9401929974555969 0.3001919984817505
0.0731550008058548 0.9624180197715759 0.3129619956016541
0.0585689991712570 0.9597780108451844 0.3160589933395386
0.0538030005991458 0.9229760169982911 0.2857080101966858
0.0662700012326240 0.9294090270996093 0.2888019979000092
0.1549199968576431 0.9505630135536193 0.2541750073432922
0.1477310061454773 0.9362850189208984 0.2593699991703034
-0.0000629999994998 0.9546719789505005 0.3220849931240082
0.0000000000000000 0.7882980108261108 0.3724179863929748
0.0144889997318387 0.7134209871292114 0.3358719944953919
0.0113970004022121 0.7734469771385193 0.3444130122661590
0.0093069998547434 0.7715970277786255 0.3451789915561676
0.0091420002281665 0.7692430019378662 0.3332780003547668
0.0070389998145401 0.7791900038719177 0.3648740053176880
0.0055189998820424 0.7730050086975098 0.3561089932918548
0.0108510004356503 0.7749080061912536 0.3542259931564331
0.0661299973726272 0.9797120094299316 0.3149429857730865
0.0840300023555755 0.9450280070304870 0.3004620075225830
0.0914150029420852 0.9630110263824463 0.3068690001964569
0.0597879998385906 0.9180999994277955 0.2779250144958496
0.0694679990410804 0.9243370294570922 0.2824049890041351
0.1307740062475204 0.9682769775390625 0.2816810011863708
0.1240660026669502 0.9501249790191651 0.2848370075225830
0.1380379945039749 0.9457039833068847 0.2719880044460297
-0.0002090000052703 0.7726380228996276 0.3575829863548279
0.0070679998025298 0.7600960135459900 0.3283849954605103
0.0054429997690021 0.7655450105667114 0.3351429998874664
-0.0003199999919161 0.7633910179138184 0.3349559903144836
0.0000000000000000 0.7126790285110474 0.3379510045051574
0.0090279998257756 0.7003499865531922 0.3285999894142151
0.0191489998251199 0.6980860233306885 0.3247619867324829
0.0157570000737905 0.7623860239982605 0.3227089941501617
0.0164190009236335 0.7713720202445984 0.3220179975032806
0.0051520001143217 0.7690510153770447 0.3466410040855408
0.0818739980459213 0.9343510270118714 0.2905910015106201
0.0457900017499923 0.9096890091896058 0.2754180133342743
0.0427180007100105 0.9123479723930359 0.2800819873809814
0.0349529981613159 0.8967360258102417 0.2764750123023987
0.1231189966201782 0.9261109828948974 0.2717329859733581
0.0004320000007282 0.7679370045661926 0.3475250005722046
-0.0000570000011066 0.7007099986076355 0.3295710086822510
0.0080019999295473 0.6932560205459594 0.3176049888134003
0.0063849999569356 0.6534420251846313 0.3066909909248352
0.0134899998083710 0.6552489995956421 0.3055570125579834
0.1031159982085228 0.9479330182075501 0.2958079874515533
0.1117440015077591 0.9653869867324829 0.2956719994544983
0.0982950031757354 0.9384570121765137 0.2918150126934051
0.0825050026178359 0.9279170036315918 0.2850619852542877
0.1165490001440048 0.9406549930572509 0.2854110002517700
0.1086229979991913 0.9304890036582947 0.2804569900035858
0.1325220018625259 0.9365630149841308 0.2735320031642914
-0.0019140000222250 0.6532059907913208 0.3060030043125153
0.0957959964871406 0.9301279783248901 0.2840459942817688
0.1445910036563873 1.0724430084228520 0.2513599991798401
0.1719119995832443 1.0612410306930540 0.2239969968795776
0.1829780042171478 1.0891059637069700 0.2061659991741180
0.1275009959936142 1.1173479557037350 0.2519589960575104
0.1179009974002838 1.0814290046691890 0.2714500129222870
0.1010409966111183 1.1271059513092040 0.2629449963569641
0.0775860026478767 1.1343350410461430 0.2692300081253052
0.0720089972019195 1.0912840366363520 0.2921400070190429
0.0520350001752376 1.1405529975891110 0.2723140120506287
0.0258910004049539 1.1432839632034300 0.2745789885520935
0.0232120007276535 1.1008950471878050 0.3013260066509247
0.0694350004196167 1.0100439786911010 0.3108989894390106
0.0681580007076263 1.0489250421524050 0.3035089969635010
0.0468420013785362 1.0523240566253660 0.3080430030822754
0.0923530012369155 1.0125160217285160 0.3012109994888306
0.0897179991006851 1.0476210117340090 0.2954689860343933
0.1120849996805191 1.0123330354690550 0.2879259884357452
0.1109919995069504 1.0456030368804930 0.2829740047454834
0.1310950070619583 1.0092320442199710 0.2737640142440796
0.1339090019464493 1.0391010046005250 0.2652390003204346
0.1533299982547760 1.0001089572906490 0.2546589970588684
0.1614039987325668 1.0288889408111570 0.2398740053176880
0.1810790002346039 0.9824349880218506 0.2045380026102066
0.1857150048017502 1.0036369562149050 0.1910790055990219
0.1773079931735992 1.0190180540084840 0.2141939997673035
0.0612759999930858 0.5725039839744568 0.2342689931392670
0.0898599997162818 0.6185629963874817 0.2403160035610199
0.0000000000000000 0.7792549729347229 0.3665919899940491
0.0136780003085732 0.7801039814949036 0.3616659939289093
0.0190570000559091 0.7816929817199707 0.3570860028266907
0.0338440015912056 0.7834550142288209 0.3352150022983551
0.0369919985532760 0.7813739776611328 0.3248569965362549
0.0417850017547607 0.7882310152053833 0.3263370096683502
0.0368210002779960 0.7796249985694885 0.3201850056648254
0.0426069982349872 0.7866230010986328 0.3174810111522675
0.0423289984464645 0.7903860211372375 0.3091059923171997
0.0290939994156360 0.8829380273818970 0.2888459861278534
0.0360019989311695 0.8078770041465759 0.3279179930686950
0.0278740003705024 0.8127880096435547 0.3368889987468719
0.0300329998135566 0.7970849871635437 0.3467110097408294
0.0371679998934268 0.7908149957656860 0.3375009894371033
0.0295570008456707 0.7854539752006531 0.3473190069198609
0.1240260004997253 0.8197770118713379 0.2760089933872223
0.1202040016651154 0.8379459977149964 0.2738969922065735
0.1176299974322319 0.8711799979209900 0.2613590061664581
0.1275330036878586 0.8533669710159301 0.2623609900474548
0.0931679978966713 0.5812000036239624 0.1625359952449799
0.1100540012121200 0.6117740273475647 0.1779479980468750
0.1055829972028732 0.6111789941787720 0.1976290047168732
0.0942419990897178 1.0860459804534910 0.2840850055217743
0.0339960008859634 0.8222370147705078 0.3163979947566986
0.0406179986894130 0.8114699721336365 0.3092460036277771
0.0425999984145164 0.8197420239448548 0.3084169924259186
0.0351010002195835 0.8305069804191589 0.3141500055789948
0.0279019996523857 0.8379459977149964 0.3206340074539185
0.0143600003793835 0.8406850099563598 0.3381479978561402
0.0146540002897381 0.8483049869537353 0.3337689936161041
0.0083600003272295 0.8512920141220092 0.3389840126037597
0.1306210011243820 0.8787919878959656 0.2515580058097839
0.1245969980955124 0.8741909861564636 0.2566570043563843
0.1478620022535324 0.8713189959526062 0.2384440004825592
0.1355569958686829 0.8854479789733887 0.2465140074491501
0.1431120038032532 0.8623030185699462 0.2465279996395111
0.0006350000039674 0.8968200087547302 0.3187279999256134
0.0094950003549456 0.8943269848823547 0.3146739900112152
0.0145800001919269 0.8907600045204163 0.3094649910926819
0.1825779974460602 0.9299070239067077 0.1892179995775223
0.1788319945335388 0.9449809789657592 0.2062090039253235
0.1726530045270920 0.9572089910507203 0.2230470031499863
0.1616420000791550 0.9664649963378907 0.2450349926948548
0.1298609972000122 0.9835569858551026 0.2803960144519806
0.1436070054769516 0.9590510129928589 0.2691949903964996
0.1097650006413460 0.9842069745063781 0.2949999868869782
0.0866769999265670 0.9829519987106323 0.3080599904060364
0.0000290000007225 1.0084739923477170 0.3187899887561798
0.0250569991767406 1.0082019567489620 0.3183290064334869
0.0238060001283884 1.0532740354537960 0.3108310103416443
0.0000000000000000 1.1445159912109370 0.2749870121479035
0.0006109999958425 1.1015620231628420 0.3024460077285766
0.0619859993457794 0.7243180274963379 0.3025619983673096
0.0696860030293464 0.7091199755668640 0.2966639995574951
0.0548800006508827 0.7153260111808777 0.3081440031528473
0.0638310015201568 0.7013850212097167 0.2994160056114196
0.0336409993469715 0.8135719895362854 0.3222860097885132
0.0204199999570846 0.8271750211715698 0.3377290070056915
0.0149490004405379 0.8308280110359192 0.3440989851951599
0.0085669998079538 0.8336240053176879 0.3494629859924316
0.0006859999848529 0.8355939984321594 0.3520910143852234
0.0407119989395141 0.7024499773979187 0.3198069930076599
0.0481380000710487 0.6949689984321594 0.3116660118103027
0.0364420004189014 0.6871359944343567 0.3115609884262085
0.0441519990563392 0.6812040209770203 0.3038679957389832
0.0342859998345375 0.6853179931640625 0.3036249876022339
0.0299839992076158 0.6605470180511475 0.2988319993019104
0.0388839989900589 0.6613450050354004 0.2936669886112213
0.0439030006527900 0.8755419850349426 0.2790580093860626
0.0347779989242553 0.8842239975929261 0.2773430049419403
0.0501989983022213 0.8839020133018493 0.2712599933147430
0.0426919981837272 0.8878750205039978 0.2700769901275635
0.0293729994446039 0.8736129999160767 0.2970199882984161
0.0621480010449886 0.8440799713134766 0.2939980030059814
0.0804649963974952 0.8325250148773193 0.2910389900207519
0.0526279993355274 0.8046129941940307 0.3030529916286468
0.0500789992511272 0.7023450136184692 0.3115830123424530
0.0756840035319328 0.7764700055122376 0.2961210012435913
0.0487120002508163 0.7982410192489624 0.3039120137691498
0.0592329986393451 0.6898419857025147 0.2998900115489960
0.0414340011775493 0.6814100146293640 0.2965520024299622
0.0269290003925561 0.7662600278854371 0.3151850104331970
0.0139330001547932 0.7759209871292114 0.3520880043506622
0.1291700005531311 0.9136580228805542 0.2642470002174378
0.1320649981498718 0.9107890129089356 0.2596119940280914
0.1254799962043762 0.9152740240097046 0.2680769860744476
0.1177899986505508 0.9183520078659058 0.2744820117950439
0.1060200035572052 0.9224590063095092 0.2813510000705719
0.0952019989490509 0.9238640069961548 0.2840780019760132
0.0717929974198341 0.9164729714393615 0.2815769910812378
0.1854069977998733 1.0439699888229370 0.1990810036659241
0.1713480055332184 0.9913880228996276 0.2280039936304092
0.1478530019521713 0.9767779707908630 0.2639279961585998
0.1353819966316223 0.9082390069961548 0.2539480030536652
0.1415839940309524 0.9096850156784058 0.2478100061416626
0.1393360048532486 0.9147070050239564 0.2539750039577484
0.0414149984717369 0.8957200050354004 0.2710140049457550
0.0453790016472339 0.8920500278472900 0.2669950127601624
-0.0001110000011976 0.6231610178947448 0.2936530113220215
-0.0000890000010258 0.6147210001945495 0.2997350096702576
-0.0000240000008489 0.6047729849815369 0.2983039915561676
0.0065850000828504 0.5980420112609864 0.2838200032711029
0.0000000000000000 0.5836120247840882 0.2729830145835876
0.0000000000000000 0.5686069726943970 0.2673690021038055
0.0094189997762441 0.5683379769325256 0.2664529979228973
0.0000000000000000 0.5507429838180542 0.2626239955425262
0.0136580001562833 0.5252969861030579 0.2475869953632355
0.0000000000000000 0.5148649811744690 0.2392230033874512
0.0000000000000000 0.5095720291137695 0.2265280038118363
0.0108380001038312 0.5113610029220581 0.2218279987573624
0.0000000000000000 0.5119069814682007 0.2160249948501587
0.0000000000000000 0.5193420052528381 0.2032520025968552
0.0136559996753931 0.5232989788055420 0.1991200000047684
0.0000000000000000 0.5291699767112732 0.1882500052452087
0.0164679996669292 0.5339409708976746 0.1845649927854538
0.0186730008572340 0.5468580126762390 0.1658750027418137
0.0267130006104707 0.6023600101470948 0.2781229913234711
0.0294220000505447 0.5716840028762817 0.2573849856853485
0.0361239984631538 0.5292689800262451 0.2338429987430572
0.0364760011434555 0.5222030282020569 0.2104600071907044
0.0426930002868175 0.5380570292472839 0.1909510046243668
0.0461630001664161 0.5499100089073181 0.1763969957828522
0.0626799985766410 0.5582680106163025 0.1711219996213913
0.0481330007314682 0.5587750077247620 0.1644809991121292
0.0500329993665218 0.7377719879150391 0.3092589974403381
0.0765589997172355 0.6570259928703308 0.2754060029983521
0.0733719989657402 0.6467289924621582 0.2722629904747009
0.0588699989020824 0.6334339976310730 0.2737219929695129
0.0516740009188652 0.6082569956779480 0.2630519866943359
0.0000000000000000 0.5978929996490478 0.2848210036754608
0.0318409986793994 0.5546460151672364 0.1642760038375854
0.0307819992303848 0.5420460104942322 0.1805099993944168
0.1430159956216812 0.6909329891204835 0.1631930023431778
0.1358619928359985 0.6795809864997864 0.1853079944849014
0.1361600011587143 0.8407419919967652 0.2624959945678711
0.1144109964370728 0.6105800271034241 0.1313350051641464
0.1263419985771179 0.6320300102233887 0.1272449940443039
0.1171590015292168 0.6288390159606934 0.1838980019092560
0.0674740001559257 0.6590819954872132 0.2765429913997650
0.0669410005211830 0.6591010093688965 0.2758870124816894
0.0661339983344078 0.6584849953651428 0.2760559916496277
0.1613699942827225 0.8590909838676453 0.2313099950551987
0.1520359963178635 0.9023950099945069 0.2304199934005737
0.1535300016403198 0.8935390114784241 0.2267020046710968
0.0473470017313957 1.0087590217590330 0.3160470128059388
0.0482200011610984 1.0959509611129760 0.2984519898891449
-0.0001780000020517 1.0536860227584840 0.3115809857845306
0.1706099957227707 0.8388419747352600 0.2214770019054413
0.1822440028190613 0.8366370201110840 0.1892340034246445
0.1430570036172867 0.8205699920654296 0.2621969878673554
0.1549299955368042 0.8873999714851379 0.2258619964122772
0.1788409948348999 0.8753169775009156 0.1953230053186417
0.0520239993929863 0.8625159859657288 0.2875309884548187
0.0343459993600845 0.7334960103034973 0.3205760121345520
0.0339809991419315 0.7455220222473144 0.3166260123252868
0.0333729982376098 0.7549949884414673 0.3140490055084228
0.0431980006396770 0.7965490221977234 0.3169499933719635
0.0409879982471466 0.8003579974174500 0.3246710002422333
0.0400019995868206 0.8055859804153443 0.3124530017375946
0.0204770006239414 0.8845940232276916 0.3035179972648621
0.0201489999890327 0.8366150259971619 0.3320330083370209
0.0206610001623630 0.8440989851951599 0.3272590041160584
0.0262800008058548 0.8215289711952210 0.3304690122604370
0.0280789993703365 0.8060020208358765 0.3437800109386444
0.0306919999420642 0.7920510172843933 0.3469249904155731
-0.0000920000020414 0.9696750044822693 0.3223789930343628
0.0274149999022483 0.9722809791564941 0.3211050033569336
0.0465169996023178 0.9743189811706543 0.3188979923725128
0.0436140000820159 0.7914959788322449 0.3163180053234100
0.1927320063114166 1.0226440429687500 0.1746719926595688
0.2025139927864075 1.0436569452285770 0.1555449962615967
0.1955099999904633 1.0663739442825320 0.1811159998178482
0.0179159995168447 0.5568810105323791 0.1538179963827133
0.0331690013408660 0.5618039965629578 0.1545359939336777
0.0009469999931752 0.5398240089416504 0.1688069999217987
0.0029060000088065 0.5500090122222900 0.1535300016403198
0.0653069987893104 0.5657749772071838 0.1599819958209991
0.0491539984941482 0.5662609934806824 0.1539269983768463
0.0669749975204467 0.5719509720802307 0.1490010023117065
0.0499240010976791 0.5717509984970093 0.1444209963083267
0.0332159996032714 0.5682830214500428 0.1458380073308945
0.0178709998726844 0.5642639994621277 0.1464129984378815
-0.0002490000042598 0.5599560141563416 0.1448249965906143
0.0833140015602111 0.5752959847450257 0.1561750024557114
0.0858580023050308 0.5825039744377137 0.1429080069065094
0.0697610005736351 0.5783709883689880 0.1382440030574799
0.0442069992423057 0.6458089947700500 0.2817600071430206
0.0763129964470863 0.5758569836616516 0.2197930067777634
0.0640759989619255 0.5495589971542358 0.2090799957513809
0.0806209966540336 0.5690780282020569 0.1991460025310516
0.0727860033512115 0.5564560294151306 0.1911100000143051
0.0758759975433349 0.5610830187797546 0.1794669926166534
0.0794249996542930 0.5687260031700134 0.1662050038576126
0.0980229973793029 0.5878390073776244 0.1504949927330017
0.1097180023789406 0.6031280159950257 0.1471280008554459
0.1027219966053963 0.5963990092277527 0.1366560012102127
0.1076349988579750 0.6053010225296020 0.1219229996204376
0.1216399967670441 0.6245779991149902 0.1132529973983765
0.0888530015945434 0.5891879796981811 0.1294959932565689
0.0876569971442222 0.5740870237350464 0.1757950037717819
0.1861629933118820 0.9670850038528443 0.1838289946317673
0.1425099968910217 0.9054570198059082 0.2425590008497238
0.1846880018711090 0.9121530055999756 0.1775150001049042
0.1949820071458817 0.9592090249061585 0.1482540071010589
0.1879139989614487 0.9485359787940979 0.1660490036010742
0.1897490024566650 0.9224910140037536 0.1526869982481003
0.1913210004568100 0.9827499985694885 0.1682460010051727
0.1969559937715530 0.9294130206108093 0.1346269994974136
0.2049030065536499 0.9358410239219666 0.1168669983744621
0.2032829970121384 0.9693030118942260 0.1309199929237366
0.1991160064935684 0.9983710050582885 0.1502929925918579
0.2096209973096848 1.0165330171585080 0.1274430006742477
0.2119970023632050 0.9791219830513001 0.1078519970178604
0.2090689986944199 0.9412230253219604 0.0910980030894279
0.1991049945354462 0.8717859983444214 0.1041560024023056
0.1950699985027313 0.8720840215682984 0.1282519996166229
0.1923120021820068 0.8437119722366333 0.1323850005865097
0.1916790008544922 0.8722289800643921 0.1502020061016083
0.1898829936981201 0.8475890159606934 0.1564719974994660
0.2026350051164627 0.8715990185737610 0.0775500014424324
0.1938689947128296 0.8420240283012390 0.1054280027747154
0.2053209990262985 0.9042000174522400 0.0821800008416175
0.2033060044050217 0.9016929864883423 0.1071809977293015
0.1653839945793152 0.8915709853172302 0.2121109962463379
0.1675519943237305 0.8828740119934083 0.2117110043764114
0.1870229989290237 0.8731039762496948 0.1741639971733093
0.1858579963445663 0.8555889725685120 0.1796360015869140
0.1920309960842132 0.8960649967193604 0.1469240039587021
0.1869550049304962 0.8906189799308777 0.1709489971399307
0.1963360011577606 0.8991760015487671 0.1279409974813461
-0.1013389974832535 0.5952910184860229 0.1776240020990372
-0.0876590013504028 0.5740889906883240 0.1757970005273819
-0.0833470001816749 0.5700070261955261 0.1890099942684173
-0.0275599993765354 0.5299310088157654 0.1945340037345886
-0.0136649999767541 0.5233029723167420 0.1991160064935684
-0.0115040000528097 0.5149689912796020 0.2120079994201660
-0.0926840007305145 0.5901870131492614 0.2021089941263199
-0.0807769969105720 0.5693860054016113 0.1994230002164841
-0.0773330032825470 0.5682979822158813 0.2077810019254684
-0.1284649968147278 0.6409890055656433 0.1469729989767075
-0.1190980002284050 0.6195179820060730 0.1456640064716339
-0.1143030002713204 0.6141399741172791 0.1605699956417084
-0.0232389997690916 0.5151789784431457 0.2155600041151047
-0.0108479997143149 0.5113620162010193 0.2218270003795624
-0.0115229999646544 0.5132560133934021 0.2345750033855438
-0.0612839981913566 0.5493559837341309 0.1843080073595047
-0.0427110008895397 0.5380589962005615 0.1909539997577667
-0.0395769998431205 0.5286120176315308 0.2019529938697815
-0.0869090035557746 0.5928670167922973 0.2213239967823028
-0.0763339996337890 0.5759140253067016 0.2198220044374466
-0.0732069984078407 0.5866720080375671 0.2342389971017837
-0.1236660033464432 0.6485459804534912 0.1937949955463409
-0.1171720027923584 0.6288700103759766 0.1839099973440170
-0.1123360022902489 0.6279010176658630 0.2032440006732941
-0.1371109932661056 0.6655669808387757 0.1504800021648407
-0.1219530031085014 0.6316810250282287 0.1636310070753098
-0.0252589993178844 0.5263000130653381 0.2429610043764114
-0.0136620001867413 0.5252919793128967 0.2475820034742355
-0.0111440001055598 0.5496749877929688 0.2612569928169251
-0.0519439987838268 0.5342710018157959 0.2071910053491592
-0.0364580005407333 0.5221940279006958 0.2104340046644211
-0.0351620018482208 0.5203350186347962 0.2207420021295548
-0.0486660003662109 0.5316870212554932 0.2134210020303726
-0.0641240030527114 0.5495849847793579 0.2089709937572479
-0.0682799965143203 0.5515729784965515 0.1987690031528473
-0.1081409975886345 0.6285549998283386 0.2163240015506744
-0.1021739989519119 0.6106820106506348 0.2080579996109009
-0.0983429998159408 0.6089190244674683 0.2164600044488907
-0.0484180003404617 0.5383049845695496 0.2241089940071106
-0.0361290015280246 0.5292710065841675 0.2338410019874573
-0.0323739983141422 0.5486950278282166 0.2489479929208756
-0.1121819987893104 0.6467459797859192 0.2266339957714081
-0.1043030023574829 0.6283090114593505 0.2248319983482361
-0.0677729994058609 0.6038129925727844 0.2503570020198822
-0.0627669990062713 0.6193100214004517 0.2623310089111328
-0.0733660012483596 0.6305540204048156 0.2625569999217987
-0.1020980030298233 0.6499729752540589 0.2493710070848465
-0.0991320013999938 0.6302739977836609 0.2359679937362671
-0.0937590003013610 0.6358069777488709 0.2487159967422485
-0.0199250001460313 0.5685229897499084 0.2630679905414581
-0.0094250002875924 0.5683379769325256 0.2664529979228973
-0.0068020001053810 0.5835649967193604 0.2722539901733398
-0.0419929996132850 0.5761910080909729 0.2501100003719330
-0.0294250007718801 0.5716879963874817 0.2573870122432709
-0.0288740005344152 0.5888040065765381 0.2658309936523437
-0.0413709990680217 0.5985910296440124 0.2642149925231933
-0.0516769997775554 0.6082569956779480 0.2630519866943359
-0.0559809990227222 0.5889589786529541 0.2484519928693772
-0.0687189996242523 0.6405259966850281 0.2718189954757691
-0.0588710010051727 0.6334339976310730 0.2737230062484741
-0.0583419986069202 0.6416699886322021 0.2795310020446777
-0.0887999981641769 0.6421790122985839 0.2594639956951141
-0.0835470035672187 0.6298750042915345 0.2551920115947724
-0.0797479972243309 0.6385539770126342 0.2636879980564117
-0.0167789999395608 0.5991629958152771 0.2813290059566498
-0.0065850000828504 0.5980399847030639 0.2838200032711029
-0.0084250001236796 0.6044309735298157 0.2967329919338227
-0.0839809998869895 0.6461489796638488 0.2660009860992432
-0.0838339999318122 0.6541519761085510 0.2711319923400879
-0.0913819968700409 0.6537020206451416 0.2654770016670227
-0.1028020009398460 0.8206210136413574 0.2864890098571777
-0.0804580003023147 0.8325250148773193 0.2910420000553131
-0.0800520032644271 0.8464490175247192 0.2858549952507019
-0.0368250012397766 0.6105840206146240 0.2768700122833252
-0.0267169997096061 0.6023579835891724 0.2781220078468323
-0.0267960000783205 0.6123560070991516 0.2907530069351196
-0.0352710001170635 0.6192049980163574 0.2878589928150177
-0.0464910008013248 0.6295970082283020 0.2836759984493256
-0.0478289984166622 0.6230949759483337 0.2763780057430267
-0.0665030032396316 0.6483209729194641 0.2765829861164093
-0.0580569989979267 0.6433429718017578 0.2806020081043244
-0.0740529969334602 0.6538050174713135 0.2753140032291412
-0.0756139978766441 0.6513770222663880 0.2733260095119476
-0.0733729973435401 0.6467270255088806 0.2722640037536621
-0.0681189969182014 0.7597410082817078 0.2978099882602692
-0.0835539996623993 0.7317140102386474 0.2903130054473877
-0.0813980028033256 0.7230110168457032 0.2908470034599304
-0.0182910002768039 0.6074429750442505 0.2941760122776031
-0.0091369999572634 0.6155509948730469 0.2996810078620911
-0.0652830004692077 0.6499599814414979 0.2777749896049500
-0.0530590005218982 0.6506630182266235 0.2792510092258453
-0.0725739970803260 0.6585869789123535 0.2770060002803803
-0.0765589997172355 0.6570280194282532 0.2754069864749908
-0.0666019991040229 0.7487300038337708 0.2984200119972229
-0.0752929970622062 0.7161009907722473 0.2939729988574982
-0.0945380032062530 0.8492760062217713 0.2799789905548096
-0.0993129983544349 0.8387849926948548 0.2832480072975159
-0.1475570052862167 0.8435760140419007 0.2520680129528046
-0.1555240005254746 0.8497729897499085 0.2418490052223205
-0.1631859987974167 0.8271769881248474 0.2352090030908585
-0.0184160005301237 0.6178230047225952 0.2990700006484986
-0.0084990002214908 0.6252499818801880 0.2917770147323608
-0.0264250002801418 0.6229649782180786 0.2968640029430389
-0.0374680012464523 0.6270539760589600 0.2917459905147553
-0.0461420007050037 0.6338919997215270 0.2871479988098145
-0.0718590021133422 0.6505299806594848 0.2749260067939758
-0.0688150003552436 0.6550289988517761 0.2772760093212128
-0.0429430007934570 0.8696420192718506 0.2866289913654327
-0.0520199984312057 0.8625180125236511 0.2875350117683411
-0.0500140003859996 0.8541560173034668 0.2955780029296875
-0.0925630033016204 0.8701480031013489 0.2703740000724793
-0.0799909979104995 0.8533189892768860 0.2818300127983093
-0.1131030023097992 0.8507689833641052 0.2718279957771301
-0.1364890038967133 0.8559669852256774 0.2547039985656738
-0.1431069970130920 0.8623009920120239 0.2465319931507111
-0.0251759998500347 0.6333730220794678 0.2855840027332306
-0.0346800014376640 0.6394940018653870 0.2833699882030487
-0.0442069992423057 0.6458089947700500 0.2817600071430206
-0.0701450034976005 0.6578350067138671 0.2772459983825684
-0.0655689984560012 0.6585850119590760 0.2753590047359467
-0.0686130002140998 0.6610929965972900 0.2758390009403229
-0.0643140003085136 0.8535349965095520 0.2876169979572296
-0.0553039982914924 0.8665869832038880 0.2813310027122498
-0.0681729987263679 0.6594049930572509 0.2767870128154755
-0.0709830000996589 0.8737159967422486 0.2724550068378449
-0.0670920014381408 0.8585000038146972 0.2823179960250854
-0.1657769978046417 0.8662189841270447 0.2225700020790100
-0.1676339954137802 0.8750309944152832 0.2151229977607727
-0.1781460046768188 0.8635309934616088 0.2004629969596863
-0.1514990031719208 0.8768939971923828 0.2328370064496994
-0.1540880054235458 0.8829249739646912 0.2280630022287369
-0.1779900044202804 0.8897910118103027 0.1929319947957993
-0.1653800010681152 0.8915709853172302 0.2121189981698990
-0.1626980006694794 0.9023360013961792 0.2169129997491836
-0.0640799999237060 0.6651729941368102 0.2787869870662689
-0.0669440031051635 0.6591029763221741 0.2758870124816894
-0.0661320015788078 0.6584849953651428 0.2760530114173889
-0.0409319996833801 0.8036100268363953 0.3186079859733581
-0.0400060005486011 0.8055859804153443 0.3124560117721558
-0.0432410016655921 0.7979390025138854 0.3057189881801605
-0.0364449992775917 0.8026139736175537 0.3332229852676392
-0.0409899987280368 0.8003600239753723 0.3246710002422333
-0.0419550016522407 0.7942119836807251 0.3269770145416260
-0.1388169974088669 0.8903499841690063 0.2428690046072006
-0.1415449976921082 0.8929179906845093 0.2398360073566437
-0.1724739968776703 0.9182850122451782 0.2114759981632233
-0.1616380065679550 0.9118390083312988 0.2262279987335205
-0.1606930047273636 0.9203150272369385 0.2355149984359741
-0.0511909984052181 0.6739640235900879 0.2899059951305389
-0.0589670017361641 0.6689050197601318 0.2834779918193817
-0.0586419999599456 0.6641579866409302 0.2820970118045807
-0.0336610004305839 0.7181590199470520 0.3266110122203827
-0.0343470014631748 0.7334960103034973 0.3205780088901520
-0.0455060005187988 0.7254120111465454 0.3149090111255645
-0.0442930012941360 0.7788730263710022 0.3050960004329681
-0.0423309989273548 0.7903860211372375 0.3091039955615997
-0.0426059998571872 0.7986999750137329 0.3112680017948150
-0.0159740000963211 0.8108540177345276 0.3594079911708832
-0.0155119998380541 0.8212280273437500 0.3510729968547821
-0.0209470000118017 0.8176440000534058 0.3444660007953644
-0.0298839993774890 0.9094219803810120 0.2887170016765594
-0.0290830004960298 0.8829690217971802 0.2888419926166534
-0.0195339992642402 0.9044799804687500 0.2989160120487213
-0.1504829972982407 0.9172000288963318 0.2463099956512451
-0.1651349961757660 0.9397510290145874 0.2357179969549179
-0.1696870028972626 0.9292770028114319 0.2239709943532944
-0.0245789997279644 0.7977700233459473 0.3541530072689057
-0.0172049999237060 0.7989619970321655 0.3658879995346069
-0.0220810007303953 0.9384779930114746 0.3155600130558014
-0.0304760001599788 0.9327740073204041 0.3065319955348968
-0.1551280021667480 0.9281669855117798 0.2476440072059631
-0.0212290007621049 0.7519659996032714 0.3218159973621368
-0.0247760005295276 0.7395499944686890 0.3240369856357574
-0.0146570000797510 0.7398149967193604 0.3290210068225860
-0.0087130004540085 0.8123419880867004 0.3650130033493042
-0.0086960000917315 0.8237090110778808 0.3567529916763306
-0.0484110005199909 0.9550510048866272 0.3167909979820252
-0.1393309980630875 0.9147109985351562 0.2539829909801483
-0.1351870000362396 0.9187030196189880 0.2598420083522796
-0.1412079930305481 0.9293590188026428 0.2636559903621674
-0.1477299928665161 0.9363229870796204 0.2593840062618256
-0.0005150000215508 0.8250259757041932 0.3593209981918335
-0.0106210000813007 0.7512040138244628 0.3275620043277740
-0.0275580007582902 0.6941810250282287 0.3200039863586426
-0.0191489998251199 0.6980839967727661 0.3247619867324829
-0.0250400006771087 0.7131400108337403 0.3320440053939820
-0.0192460007965564 0.7259100079536438 0.3340260088443756
-0.0091519998386502 0.7989180088043213 0.3708969950675964
-0.0111549999564886 0.9133830070495606 0.3114350140094757
-0.0140310004353523 0.9401299953460694 0.3182500004768372
-0.0405069999396801 0.9227430224418641 0.2914850115776062
-0.1308519989252090 0.9224910140037536 0.2653380036354065
-0.1473450064659119 0.9230269789695740 0.2543559968471527
-0.0001180000035674 0.9402580261230469 0.3201499879360199
-0.0000230000005103 0.7993410229682922 0.3728019893169403
-0.0255539994686842 0.6607360243797302 0.3008649945259094
-0.0172990001738071 0.6575620174407959 0.3042339980602264
-0.0170269999653101 0.6916790008544922 0.3139750063419342
-0.0155480001121759 0.7883359789848328 0.3664749860763550
-0.0352489985525608 0.9573289752006531 0.3190549910068512
-0.0673130005598068 0.9401909708976746 0.3001919984817505
-0.0534630008041858 0.9356920123100280 0.2994639873504639
-0.0585570000112056 0.9597780108451844 0.3160609900951386
-0.0538039989769458 0.9229760169982911 0.2857089936733246
-0.1549199968576431 0.9506019949913025 0.2541890144348145
-0.0274139996618032 0.7231270074844361 0.3302499949932099
-0.0113970004022121 0.7734450101852417 0.3444130122661590
-0.0105229998007416 0.7723619937896728 0.3344970047473907
-0.0091429995372891 0.7692430019378662 0.3332790136337280
-0.0070389998145401 0.7791900038719177 0.3648740053176880
-0.0136789996176958 0.7801039814949036 0.3616659939289093
-0.0108519997447729 0.7749080061912536 0.3542270064353943
-0.0465099997818470 0.9743120074272156 0.3188990056514740
-0.0661159977316856 0.9797120094299316 0.3149470090866089
-0.0731429979205131 0.9624180197715759 0.3129659891128540
-0.0914060026407241 0.9630299806594848 0.3068729937076568
-0.0598010011017322 0.9181119799613952 0.2779330015182495
-0.0662700012326240 0.9294090270996093 0.2888019979000092
-0.1307650059461594 0.9682769775390625 0.2816900014877319
-0.1436010003089905 0.9590510129928589 0.2692039906978607
-0.1380310058593750 0.9457049965858459 0.2719970047473908
-0.0070670000277459 0.7600960135459900 0.3283860087394714
-0.0001679999986663 0.7572479844093322 0.3302020132541656
-0.0144889997318387 0.7134190201759338 0.3358719944953919
-0.0054440000094473 0.7655429840087891 0.3351440131664276
-0.0157559998333454 0.7623860239982605 0.3227109909057617
-0.0093080000951886 0.7715950012207031 0.3451780080795288
-0.0866639986634254 0.9829519987106323 0.3080640137195587
-0.0840210020542144 0.9450299739837646 0.3004670143127441
-0.0457869991660118 0.9096890091896058 0.2754229903221130
-0.0414160005748271 0.8957200050354004 0.2710149884223938
-0.0349560007452964 0.8967360258102417 0.2764750123023987
-0.1231200024485588 0.9261090159416198 0.2717339992523193
-0.1325200051069260 0.9365900158882141 0.2735449969768524
-0.0080019999295473 0.6932560205459594 0.3176040053367615
-0.1117310002446175 0.9654219746589660 0.2956809997558594
-0.0982950031757354 0.9384570121765137 0.2918150126934051
-0.0818749964237213 0.9343510270118714 0.2905910015106201
-0.0694729983806610 0.9243410229682922 0.2824069857597351
-0.1165390014648437 0.9406570196151734 0.2854180037975311
-0.1240630000829697 0.9501550197601318 0.2848530113697052
0.0001270000066142 0.6942020058631898 0.3185949921607971
-0.0824939981102943 0.9279209971427918 0.2850619852542877
-0.1031079962849617 0.9479349851608276 0.2958129942417145
-0.0957890003919601 0.9301360249519348 0.2840499877929687
-0.1445800065994263 1.0724530220031740 0.2513720095157623
-0.1567430049180985 1.1045069694519040 0.2337179929018020
-0.1829729974269867 1.0891059637069700 0.2061769962310791
-0.1274890005588532 1.1173479557037350 0.2519679963588715
-0.1010200008749962 1.1271320581436160 0.2629399895668030
-0.0942289978265762 1.0860459804534910 0.2840920090675354
-0.0719939991831779 1.0912909507751470 0.2921429872512817
-0.0520140007138252 1.1405529975891110 0.2723160088062286
-0.0482009984552860 1.0959550142288210 0.2984560132026673
-0.0231919996440410 1.1009249687194820 0.3013139963150024
-0.0694219991564750 1.0100439786911010 0.3109039962291718
-0.0473329983651638 1.0087590217590330 0.3160499930381775
-0.0468269996345043 1.0523240566253660 0.3080460131168365
-0.0923419967293739 1.0125160217285160 0.3012180030345917
-0.0681440010666847 1.0489289760589600 0.3035129904747009
-0.0897060036659240 1.0476210117340090 0.2954750061035156
-0.1109810024499893 1.0456049442291260 0.2829830050468445
-0.1310849934816360 1.0092320442199710 0.2737730145454407
-0.1120740026235580 1.0123349428176880 0.2879369854927063
-0.1533229947090149 1.0001130104064940 0.2546679973602295
-0.1338990032672882 1.0390989780426030 0.2652499973773956
-0.1810770034790039 0.9824349880218506 0.2045499980449676
-0.1713439971208572 0.9913880228996276 0.2280150055885315
-0.1773049980401993 1.0190199613571170 0.2142049968242645
-0.0612800009548664 0.5725060105323791 0.2342669963836670
-0.0762950032949447 0.6171039938926697 0.2525970041751861
-0.0898599997162818 0.6185629963874817 0.2403170019388199
-0.0082689998671412 0.7882940173149108 0.3707830011844635
-0.0468299984931945 0.7605019807815552 0.3061209917068481
-0.0395350009202957 0.7804530262947082 0.3098109960556030
-0.0400829985737800 0.8630560040473938 0.2961019873619080
-0.0293690003454685 0.8736109733581542 0.2970220148563385
-0.0280779991298914 0.8060050010681152 0.3437809944152832
-0.0278600007295608 0.8128129839897156 0.3368859887123108
-0.0300350002944469 0.7970830202102661 0.3467099964618683
-0.1240210011601448 0.8198130130767822 0.2760109901428223
-0.1176259964704514 0.8711799979209900 0.2613629996776581
-0.1245919987559319 0.8741890192031860 0.2566609978675842
-0.1358630061149597 0.6795790195465088 0.1853089928627014
-0.1287879943847656 0.6510930061340332 0.1704860031604767
-0.0931809991598129 0.5812129974365234 0.1625420004129410
-0.1202009990811348 0.8379439711570739 0.2739009857177734
-0.1100609973073006 0.6117860078811645 0.1779559999704361
-0.1055999994277954 0.6112120151519776 0.1976439952850342
-0.0630199983716011 0.5571460127830506 0.2201489955186844
-0.1719049960374832 1.0612390041351320 0.2240079939365387
-0.1613920032978058 1.0289150476455690 0.2398850023746491
-0.1178890019655228 1.0814510583877560 0.2714540064334869
-0.0339870005846023 0.8222450017929078 0.3164150118827820
-0.0351010002195835 0.8305069804191589 0.3141539990901947
-0.0425990000367164 0.8197439908981324 0.3084209859371185
-0.0267210006713867 0.8309230208396911 0.3248470127582550
-0.0279009994119405 0.8379459977149964 0.3206369876861572
-0.1306180059909820 0.8787919878959656 0.2515630125999451
-0.1478399932384491 0.8713399767875671 0.2384520024061203
-0.1613660007715225 0.8590909838676453 0.2313169986009598
-0.0941390022635459 0.6102709770202637 0.2266020029783249
-0.0145800001919269 0.9091320037841797 0.3073230087757110
-0.0145779997110366 0.8907619714736938 0.3094719946384430
-0.1825760006904602 0.9299070239067077 0.1892279982566834
-0.1726520061492920 0.9572409987449646 0.2230580002069473
-0.1788309961557388 0.9449809789657592 0.2062190026044845
-0.1616390049457550 0.9665009975433349 0.2450450062751770
-0.1298509985208511 0.9835569858551026 0.2804059982299805
-0.1478440016508102 0.9767990112304687 0.2639380097389221
-0.1097569987177849 0.9842069745063781 0.2950080037117004
-0.0237900000065565 1.0532759428024290 0.3108310103416443
-0.0258719995617866 1.1432880163192750 0.2745789885520935
-0.0664250031113624 0.7338910102844238 0.2993569970130920
-0.0696879997849464 0.7091199755668640 0.2966650128364563
-0.0548800006508827 0.7153260111808777 0.3081440031528473
-0.0619870014488697 0.7243189811706543 0.3025619983673096
-0.0262860003858804 0.8215389847755432 0.3304570019245148
-0.0336380004882812 0.8135759830474853 0.3222930133342743
-0.0149459997192025 0.8308510184288024 0.3440879881381988
-0.0085680000483989 0.8336390256881714 0.3494519889354706
-0.0410649999976158 0.7134109735488892 0.3206599950790405
-0.0500800013542175 0.7023450136184692 0.3115839958190918
-0.0481389984488487 0.6949689984321594 0.3116669952869415
-0.0407130010426044 0.7024499773979187 0.3198069930076599
-0.0441519990563392 0.6812040209770203 0.3038679957389832
-0.0342859998345375 0.6853179931640625 0.3036240041255951
-0.0414340011775493 0.6814100146293640 0.2965520024299622
-0.0432620011270046 0.6637459993362427 0.2920149862766266
-0.0347779989242553 0.8842239975929261 0.2773430049419403
-0.0439030006527900 0.8755419850349426 0.2790589928627014
-0.0501910001039505 0.8838999867439270 0.2712610065937042
-0.0204770006239414 0.8845959901809692 0.3035230040550232
-0.0817340016365051 0.8722079992294312 0.2716029882431030
-0.0426860004663467 0.8878769874572754 0.2700800001621246
-0.0526259988546371 0.8046339750289917 0.3030549883842468
-0.0487120002508163 0.7982410192489624 0.3039120137691498
-0.0406240001320838 0.8114680051803589 0.3092429935932159
-0.0329609997570514 0.7079849839210510 0.3259359896183014
-0.0364420004189014 0.6871340274810790 0.3115609884262085
-0.0257569998502731 0.6892259716987610 0.3091599941253662
-0.0344429984688758 0.6630520224571228 0.2970849871635437
-0.0756840035319328 0.7764700055122376 0.2961220145225525
-0.0704940035939216 0.7682089805603027 0.2972230017185211
-0.0638310015201568 0.7013850212097167 0.2994169890880585
-0.0582000017166137 0.6817049980163574 0.2972249984741211
-0.0531920008361339 0.6741489768028260 0.2940579950809479
-0.0513989999890327 0.6643429994583130 0.2864640057086945
-0.0623750016093254 0.8784329891204835 0.2722760140895844
-0.0055160000920295 0.7730029821395875 0.3561100065708161
-0.0139340003952384 0.7759190201759338 0.3520889878273011
-0.1320669949054718 0.9107879996299744 0.2596139907836914
-0.1254809945821762 0.9152740240097046 0.2680779993534088
-0.1086229979991913 0.9304890036582947 0.2804569900035858
-0.1177899986505508 0.9183520078659058 0.2744820117950439
-0.1060200035572052 0.9224590063095092 0.2813510000705719
-0.0952029973268508 0.9238659739494323 0.2840780019760132
-0.0825849995017051 0.9210090041160584 0.2838650047779083
-0.0716919973492622 0.9165549874305725 0.2816550135612488
-0.0632280036807060 0.9098259806632996 0.2769429981708527
-0.1955080032348633 1.0663720369338990 0.1811300069093704
-0.1854059994220734 1.0439909696578980 0.1990929991006851
-0.1353829950094223 0.9082390069961548 0.2539480030536652
-0.1415860056877136 0.9096829891204835 0.2478110045194626
-0.0427180007100105 0.9123479723930359 0.2800830006599426
0.0000000000000000 0.5269590020179748 0.2506819963455200
-0.0164780002087354 0.5339440107345581 0.1845639944076538
-0.0186829995363950 0.5468639731407165 0.1658760011196136
-0.0307919997721910 0.5420479774475098 0.1805099993944168
-0.0168299991637468 0.6293240189552307 0.2895419895648956
-0.0174129996448755 0.5838170051574707 0.2693319916725159
-0.0232490003108978 0.5494980216026306 0.2565160095691681
-0.0231229998171329 0.5150840282440186 0.2285269945859909
-0.0253030005842447 0.5202389955520630 0.2062399983406067
-0.0461709983646869 0.5499110221862793 0.1763959974050522
-0.0626880005002021 0.5582699775695801 0.1711219996213913
-0.0653150007128715 0.5657770037651062 0.1599819958209991
-0.0481420010328292 0.5587750077247620 0.1644829958677292
-0.0500340014696121 0.7377719879150391 0.3092609941959381
-0.0318519994616508 0.5546470284461975 0.1642780005931854
-0.1430190056562424 0.6909310221672058 0.1631940007209778
-0.1361580044031143 0.8407419919967652 0.2624999880790710
-0.1263429969549179 0.6320300102233887 0.1272490024566650
-0.0966290012001991 0.6518859863281251 0.2590210139751434
-0.0674749985337257 0.6590809822082519 0.2765429913997650
-0.1756729930639267 0.8519690036773682 0.2090059965848923
-0.1706099957227707 0.8388730287551880 0.2214819937944412
-0.1355569958686829 0.8854479789733887 0.2465160042047500
-0.1535310000181198 0.8935409784317016 0.2267040014266968
-0.1520379930734634 0.9023929834365844 0.2304220050573349
-0.1424960047006607 0.8996279835700988 0.2390850037336349
-0.1425089985132217 0.9054579734802246 0.2425599992275238
-0.1366669982671738 0.9024959802627564 0.2465890049934387
-0.0250429995357990 1.0082019567489620 0.3183310031890869
-0.0775609984993934 1.1343610286712650 0.2692160010337829
-0.1539559960365295 0.8209919929504394 0.2497970014810562
-0.1430550068616867 0.8205659985542298 0.2622019946575165
-0.1275299936532974 0.8533650040626525 0.2623640000820160
-0.0373379997909069 0.7947499752044677 0.3365269899368286
-0.0417850017547607 0.7882310152053833 0.3263359963893891
-0.1428589969873428 0.8959619998931885 0.2384669929742813
-0.1549309939146042 0.8873999714851379 0.2258629947900772
-0.1675489991903305 0.8828740119934083 0.2117179930210114
-0.1788389980792999 0.8753150105476379 0.1953310072422028
-0.0621399991214275 0.8440819978713989 0.2940019965171814
-0.0339820012450218 0.7455229759216308 0.3166269958019256
-0.0333729982376098 0.7549949884414673 0.3140499889850616
-0.0436140000820159 0.7914959788322449 0.3163180053234100
-0.0431989990174770 0.7965490221977234 0.3169510066509247
-0.0360019989311695 0.8078770041465759 0.3279219865798950
-0.0201409999281168 0.8366109728813171 0.3320490121841430
-0.0143630001693964 0.8406730294227601 0.3381560146808624
-0.0146530000492930 0.8483070135116577 0.3337740004062653
-0.0224089995026588 0.8080180287361146 0.3507249951362610
-0.0273969992995262 0.9722899794578552 0.3211059868335724
-0.0426069982349872 0.7866250276565551 0.3174819946289062
-0.1927340030670166 1.0226819515228270 0.1746859997510910
-0.1857140064239502 1.0036369562149050 0.1910900026559830
-0.1371160000562668 0.6564310193061829 0.1271869987249374
-0.1446660012006760 0.6702460050582885 0.1057230010628700
-0.1340080052614212 0.6464560031890870 0.1079659983515739
-0.0179270002990961 0.5568829774856568 0.1538210064172745
-0.0491719990968704 0.5662649869918823 0.1539289951324463
-0.0331769995391368 0.5618039965629578 0.1545390039682388
-0.0669850036501884 0.5719509720802307 0.1490000039339066
-0.0697690024971962 0.5783749818801880 0.1382399946451187
-0.0499339997768402 0.5717530250549316 0.1444160044193268
-0.0332229994237422 0.5682870149612427 0.1458359956741333
-0.0178849995136261 0.5642660260200500 0.1464139968156815
-0.0833209976553916 0.5752980113029480 0.1561779975891113
-0.0858649984002113 0.5825080275535584 0.1429090052843094
-0.0888589993119239 0.5891900062561036 0.1294959932565689
-0.0728119984269142 0.5564839839935303 0.1910869926214218
-0.0758960023522377 0.5610920190811157 0.1794729977846146
-0.0794430002570152 0.5687350034713745 0.1662099957466125
-0.0980279967188835 0.5878430008888244 0.1504960060119629
-0.1048450022935867 0.5968070030212402 0.1603160053491592
-0.1027259975671768 0.5964009761810303 0.1366569995880127
-0.1097220033407211 0.6031280159950257 0.1471309959888458
-0.1076399981975556 0.6053029894828796 0.1219239979982376
-0.1144139990210533 0.6105800271034241 0.1313380002975464
-0.1371960043907166 0.9052979946136475 0.2485940009355545
-0.1521289944648743 0.9109399914741516 0.2383430004119873
-0.1744299978017807 0.9055420160293580 0.1996700018644333
-0.1913249939680100 0.9827799797058106 0.1682579964399338
-0.1861660033464432 0.9671080112457275 0.1838400065898895
-0.1879139989614487 0.9485340118408204 0.1660600006580353
-0.1949799954891205 0.9592080116271973 0.1482650041580200
-0.1969590038061142 0.9294530153274536 0.1346350014209747
-0.1897490024566650 0.9224889874458313 0.1526969969272613
-0.1991139948368073 0.9983710050582885 0.1503040045499802
-0.2032819986343384 0.9693030118942260 0.1309289932250977
-0.2025099992752075 1.0436550378799440 0.1555570065975189
-0.2096240073442459 1.0165669918060300 0.1274539977312088
-0.2120009958744049 0.9791619777679443 0.1078639999032021
-0.1846880018711090 0.9121509790420532 0.1775240004062652
-0.2048999965190887 0.9358410239219666 0.1168759986758232
-0.1991129964590073 0.8718280196189880 0.1041629984974861
-0.1938769966363907 0.8420559763908387 0.1054340004920960
-0.1923229992389679 0.8437520265579223 0.1323900073766708
-0.1950699985027313 0.8720840215682984 0.1282619982957840
-0.1898850053548813 0.8475890159606934 0.1564809978008270
-0.2026370018720627 0.8715990185737610 0.0775600001215934
-0.1964309960603714 0.8416159749031067 0.0769240036606788
-0.2033060044050217 0.9016910195350647 0.1071920022368431
-0.2053250074386597 0.9042379856109619 0.0821909978985786
-0.2090719938278198 0.9412230253219604 0.0911070033907890
-0.1869550049304962 0.8906189799308777 0.1709589958190918
-0.1870239973068237 0.8731229901313782 0.1741700023412704
-0.1858550012111664 0.8555889725685120 0.1796589940786362
-0.1916790008544922 0.8722289800643921 0.1502110064029694
-0.1920289993286133 0.8960859775543213 0.1469330042600632
-0.1963319927453995 0.8991760015487671 0.1279499977827072
0.1371140033006668 0.6564310193061829 0.1271830052137375
0.1475259959697724 0.6874200105667114 0.1287579983472824
0.1446650028228760 0.6702439785003662 0.1057170033454895
0.1538349986076355 0.6956940293312073 0.1020049974322319
0.1501860022544861 0.7059100270271301 0.1458970010280609
0.1564140021800995 0.7222399711608887 0.1364839971065521
0.1630100011825562 0.7224410176277161 0.0948859974741935
0.1582150012254715 0.7195720076560974 0.1216799989342690
-0.1475290060043335 0.6874200105667114 0.1287579983472824
-0.1501879990100860 0.7059080004692078 0.1458979994058609
-0.1538369953632355 0.6956940293312073 0.1020129993557930
-0.1564159989356995 0.7222399711608887 0.1364849954843521
-0.1582289934158325 0.7195969820022583 0.1216590031981468
0.0631809979677200 0.9098529815673828 0.2769289910793304
0.0534310005605220 0.9357089996337891 0.2994920015335083
-0.0222619995474815 0.9564779996871949 0.3203440010547638
-0.0521919988095760 0.9034230113029480 0.2694489955902100
-0.0910620018839836 0.8858590126037597 0.2726159989833832
-0.0821020007133483 0.8864560127258300 0.2727249860763550
-0.0809760019183158 0.8910639882087707 0.2671279907226563
-0.1017019972205162 0.8854900002479553 0.2702629864215851
-0.0893130004405975 0.8888400197029114 0.2685680091381073
-0.1247339993715286 0.8904510140419007 0.2575080096721649
-0.1189979985356331 0.8881300091743469 0.2616940140724182
-0.1179680004715920 0.8896390199661254 0.2604010105133057
-0.0729440003633499 0.8881319761276244 0.2719179987907410
-0.0650350004434585 0.8917869925498962 0.2696219980716705
-0.0652690008282661 0.8923419713973999 0.2687689960002899
-0.0535710006952285 0.8899120092391968 0.2680949866771698
-0.0462279990315437 0.8881629705429078 0.2673439979553223
-0.0478960014879703 0.8890110254287720 0.2655099928379059
-0.1195880025625229 0.9143220186233521 0.2652849853038788
-0.1291709989309311 0.9136580228805542 0.2642480134963989
-0.0733809992671012 0.9132350087165833 0.2738670110702515
-0.0647220015525817 0.9075739979743958 0.2716760039329529
-0.0836659967899322 0.9175239801406861 0.2726469933986664
-0.1140159964561462 0.9165899753570556 0.2691819965839386
-0.0935669988393783 0.9191190004348755 0.2756960093975067
-0.1032269969582558 0.9189929962158203 0.2738170027732849
-0.1120110005140304 0.8862820267677307 0.2659299969673157
-0.1107869967818260 0.8886659741401673 0.2632650136947632
-0.0728989988565445 0.8918529748916626 0.2693729996681213
-0.0453790016472339 0.8920480012893677 0.2669959962368012
-0.0465320013463497 0.8904629945755005 0.2648699879646301
-0.0527970008552074 0.8903390169143676 0.2662020027637482
-0.1050150021910667 0.8703020215034484 0.2672579884529114
-0.1284870058298111 0.8936020135879516 0.2536410093307495
-0.1231089979410171 0.8914639949798584 0.2569819986820221
-0.1316560059785843 0.8964629769325257 0.2500610053539276
-0.1002620011568069 0.8876609802246094 0.2675620019435883
-0.1275220066308975 0.9101679921150208 0.2580350041389465
-0.1237849965691567 0.9122599959373475 0.2609069943428040
-0.0509879998862743 0.8981170058250427 0.2666499912738800
-0.1270350068807602 0.8940659761428833 0.2529110014438629
0.0935610011219978 0.9191190004348755 0.2757059931755066
0.0836580023169517 0.9175209999084472 0.2726669907569885
0.0809750035405159 0.8910639882087707 0.2671270072460175
0.1032280027866364 0.9189929962158203 0.2738189995288849
0.0893139988183975 0.8888400197029114 0.2685660123825073
0.1237849965691567 0.9122580289840699 0.2609069943428040
0.1195880025625229 0.9143220186233521 0.2652849853038788
0.1179810017347336 0.8896290063858033 0.2604140043258667
0.0733819976449012 0.9132390022277832 0.2738740146160126
0.0647590011358261 0.9075790047645569 0.2716160118579865
0.0652680024504661 0.8923419713973999 0.2687680125236511
0.0509870015084743 0.8981170058250427 0.2666499912738800
0.0465309992432594 0.8904629945755005 0.2648690044879913
0.0478960014879703 0.8890110254287720 0.2655099928379059
0.1140170022845268 0.9165899753570556 0.2691839933395386
0.0825709998607635 0.9210410118103027 0.2838869988918304
0.1107859984040260 0.8886619806289673 0.2632690072059631
0.0729100033640861 0.8918300271034241 0.2694070041179657
0.0462270006537437 0.8881629705429078 0.2673430144786835
0.0527959987521171 0.8903390169143676 0.2662029862403870
0.0535699985921382 0.8899120092391968 0.2680949866771698
0.0650350004434585 0.8917869925498962 0.2696219980716705
0.0821089968085289 0.8864560127258300 0.2727249860763550
0.0910620018839836 0.8858590126037597 0.2726159989833832
0.1017019972205162 0.8854900002479553 0.2702620029449463
0.1189970001578331 0.8881300091743469 0.2616930007934570
0.1120100021362305 0.8862820267677307 0.2659290134906769
0.1247339993715286 0.8904510140419007 0.2575080096721649
0.1284859925508499 0.8935999870300293 0.2536410093307495
0.1275209933519363 0.9101660251617431 0.2580350041389465
0.1231089979410171 0.8914639949798584 0.2569819986820221
0.0521899983286857 0.9034190177917481 0.2694450020790100
0.1002610027790070 0.8876609802246094 0.2675620019435883
0.1318349987268448 0.9070820212364197 0.2536660134792328
0.0729549974203109 0.8881300091743469 0.2719190120697021
0.1270339936017990 0.8940659761428833 0.2529110014438629
0.1424939930438995 0.8996260166168212 0.2390840053558350
0.1428570002317429 0.8959619998931885 0.2384649962186813
0.1415430009365082 0.8929179906845093 0.2398339956998825
0.1352490037679672 0.8984450101852417 0.2474499940872192
0.1316570043563843 0.8964650034904480 0.2500610053539276
0.1362449973821640 0.9006500244140625 0.2465389966964722
0.1311910003423691 0.8968769907951355 0.2494110018014908
0.1338420063257217 0.9001479744911194 0.2467820048332214
0.1371950060129166 0.9053000211715698 0.2485930025577545
0.1335279941558838 0.9046379923820495 0.2494149953126907
0.1366669982671738 0.9024959802627564 0.2465890049934387
0.1346970051527023 0.9025880098342895 0.2466930001974106
0.1349270045757294 0.9014319777488709 0.2465810030698776
-0.1362449973821640 0.9006500244140625 0.2465399950742722
-0.1349280029535294 0.9014319777488709 0.2465810030698776
-0.1346970051527023 0.9025880098342895 0.2466930001974106
-0.1352500021457672 0.8984469771385193 0.2474520057439804
-0.1311910003423691 0.8968769907951355 0.2494120001792908
-0.1338440030813217 0.9001500010490418 0.2467820048332214
-0.1318349987268448 0.9070839881896973 0.2536650002002716
-0.1335279941558838 0.9046379923820495 0.2494149953126907
0.0342009998857975 0.7801989912986756 0.3213439881801605
0.0366929993033409 0.7766060233116150 0.3138920068740845
0.0136789996176958 0.7776849865913391 0.3411839902400970
0.0105229998007416 0.7723619937896728 0.3344959914684296
0.0158190000802278 0.7854059934616088 0.3225849866867066
-0.0164199993014335 0.7713699936866760 0.3220190107822418
-0.0228799991309642 0.7891179919242860 0.3567459881305695
-0.0371700003743171 0.7908149957656860 0.3375020027160644
-0.0306950006633997 0.7920510172843933 0.3469249904155731
-0.0190580002963542 0.7816910147666931 0.3570869863033295
-0.0136789996176958 0.7776849865913391 0.3411839902400970
-0.0328329987823963 0.7699339985847473 0.3122099936008453
-0.0366920009255409 0.7766060233116150 0.3138929903507233
-0.0368219986557960 0.7796249985694885 0.3201850056648254
-0.0369930006563663 0.7813720107078552 0.3248580098152161
-0.0338440015912056 0.7834569811820984 0.3352150022983551
-0.0295599997043609 0.7854539752006531 0.3473199903964996
-0.0269300006330013 0.7662619948387146 0.3151859939098358
-0.0158210005611181 0.7854059934616088 0.3225849866867066
-0.0342019982635974 0.7801989912986756 0.3213430047035217
-0.0650070011615753 0.6575869917869568 0.2764860093593597
-0.0660329982638359 0.6585180163383484 0.2759079933166504
-0.0609330013394355 0.6554909944534301 0.2765229940414429
-0.0107450000941753 0.6552429795265198 0.3060959875583649
-0.0090279998257756 0.7003499865531922 0.3286010026931763
-0.0676899999380111 0.6626679897308349 0.2773979902267456
-0.0910049974918365 0.7383159995079040 0.2882210016250610
-0.0204119998961687 0.8271899819374084 0.3377360105514526
-0.0084939999505877 0.8437020182609558 0.3429419994354248
0.0006939999875612 0.8453620076179505 0.3460470139980316
0.0084899999201297 0.8437229990959168 0.3429319858551025
0.0267200004309415 0.8309270143508911 0.3248440027236938
0.0704940035939216 0.7682089805603027 0.2972219884395599
0.0910039991140365 0.7383159995079040 0.2882199883460998
0.0991310030221939 0.6302739977836609 0.2359679937362671
0.0941200032830238 0.6102049946784973 0.2265579998493195
0.0630009993910789 0.5570179820060730 0.2200639992952347
-0.0895669981837272 0.5897769927978515 0.2111890017986298
-0.1077580004930496 0.6484010219573975 0.2367690056562424
0.0006539999740198 0.8527699708938598 0.3420119881629944
-0.0083590000867843 0.8512899875640869 0.3389860093593597
0.1081399992108345 0.6285549998283386 0.2163240015506744
-0.0568049997091293 0.5401999950408936 0.1969909965991974
-0.0966050028800964 0.5924969911575318 0.1925559937953949
-0.1181410029530525 0.6467630267143250 0.2125429958105087
0.0966869965195655 0.7469199895858765 0.2866190075874329
0.1299459934234619 0.6748750209808349 0.2081449925899506
-0.1645569950342178 0.8035910129547119 0.2226080000400543
-0.1544149965047836 0.7950270175933838 0.2413830012083053
-0.1848209947347641 0.8167020082473755 0.1373939961194992
-0.1822520047426224 0.8366829752922058 0.1892410069704056
-0.1742070019245148 0.8172630071640014 0.2035229951143265
-0.1836729943752289 0.8223440051078797 0.1648849993944168
0.1544120013713837 0.7950289845466614 0.2413820028305054
0.1742089986801148 0.8172609806060791 0.2035149931907654
0.1645549982786179 0.8035929799079895 0.2226070016622543
0.1836719959974289 0.8223459720611572 0.1648759990930557
0.1848109960556030 0.8166750073432923 0.1373880058526993
0.1964319944381714 0.8416180014610290 0.0769030004739761
0.1862139999866485 0.8140259981155396 0.1085309982299805
-0.1055169999599457 0.8026409745216370 0.2868990004062652
-0.0800639986991882 0.8209649920463562 0.2936840057373047
-0.1429720073938370 0.7928140163421631 0.2582350075244904
-0.1279859989881516 0.7928749918937683 0.2729080021381378
-0.0392769984900951 0.8528519868850708 0.3028039932250977
-0.0486040003597736 0.8458499908447265 0.3002580106258392
-0.0459089986979961 0.8366339802742004 0.3046469986438751
-0.0214109998196363 0.8702999949455261 0.3115420043468476
-0.0296780001372098 0.8619610071182252 0.3054490089416504
-0.0291390009224414 0.8523619771003724 0.3118250072002411
-0.0091199995949864 0.8790259957313537 0.3235340118408203
-0.0094910003244876 0.8943290114402771 0.3146789968013763
-0.0374649986624717 0.8448600172996521 0.3078100085258484
-0.0156859997659921 0.8745800256729126 0.3181959986686707
-0.0215050000697374 0.8602560162544251 0.3175350129604340
-0.0363969989120960 0.8378520011901856 0.3109619915485382
-0.0447020009160041 0.8278679847717285 0.3067139983177185
-0.0285219997167587 0.8452110290527343 0.3162750005722046
-0.0206599999219179 0.8441010117530822 0.3272640109062195
-0.0210689995437860 0.8519989848136902 0.3226140141487121
-0.0600840002298355 0.8345509767532348 0.2980940043926239
-0.0579329989850521 0.8244379758834839 0.3007799983024597
-0.0786760002374649 0.7887039780616760 0.2957499921321869
-0.0557530000805854 0.8139669895172119 0.3021009862422943
-0.0793420001864433 0.8051069974899292 0.2954129874706268
-0.0152589995414018 0.8565499782562255 0.3289009928703308
-0.0158859994262456 0.8650460243225098 0.3236170113086700
0.0800679996609687 0.8209649920463562 0.2936829924583435
0.0786750018596649 0.7887039780616760 0.2957490086555481
0.1279840022325516 0.7928770184516906 0.2729069888591766
0.1429699957370758 0.7928140163421631 0.2582330107688904
0.1055200025439262 0.8026409745216370 0.2868970036506653
0.0285599995404481 0.8452219963073731 0.3162159919738769
0.0214150007814168 0.8702999949455261 0.3115310072898865
0.0210800003260374 0.8520069718360901 0.3225899934768676
0.0291489996016025 0.8523390293121338 0.3118200004100799
0.0156839992851018 0.8745840191841125 0.3181920051574707
0.0152669996023178 0.8565520048141480 0.3288869857788086
0.0215140003710985 0.8602309823036193 0.3175309896469116
0.0007019999902695 0.8821510076522828 0.3263880014419556
0.0091249998658895 0.8790259957313537 0.3235279917716980
0.0089499996975064 0.8593289852142333 0.3344039916992188
-0.0091380001977086 0.8690969944000244 0.3290750086307526
0.0005789999850094 0.8713970184326172 0.3322019875049591
0.0005779999773949 0.8621500134468078 0.3370899856090546
0.0158840008080005 0.8650299906730652 0.3236269950866700
0.0091329999268054 0.8690890073776244 0.3290829956531524
-0.0089699998497962 0.8593289852142333 0.3343879878520966
0.0448440015316009 0.8279320001602173 0.3066090047359466
0.0364639982581138 0.8378909826278687 0.3108829855918884
0.0296790003776550 0.8619560003280640 0.3054499924182892
0.0392769984900951 0.8527870178222656 0.3028329908847809
0.0600369982421398 0.8345549702644348 0.2981149852275848
0.0485399998724460 0.8458099961280823 0.3003120124340058
0.0557539984583854 0.8139759898185731 0.3020989894866943
0.0793450027704238 0.8051049709320068 0.2954109907150269
0.0578479990363121 0.8244529962539672 0.3008149862289428
0.0459359996020793 0.8366450071334839 0.3046280145645142
0.0374789983034133 0.8448489904403686 0.3077979981899261
-0.1862139999866485 0.8140280246734619 0.1085409969091415
0.1022209972143173 0.7602059841156006 0.2851009964942932
0.1051649972796440 0.7809600234031677 0.2860890030860901
0.1225090026855469 0.6711980104446412 0.2269580066204071
0.1382150053977966 0.7622870206832886 0.2515980005264282
0.1232319995760918 0.7661209702491761 0.2704289853572845
0.1153620034456253 0.6694049835205078 0.2399359941482544
0.1089430004358292 0.6666529774665833 0.2513659894466400
0.1339399963617325 0.7051470279693604 0.2255869954824448
0.1231930032372475 0.7002599835395813 0.2462729960680008
0.1194460019469261 0.7341669797897339 0.2671140134334564
0.1365340054035187 0.7360519766807556 0.2414810061454773
0.1080799996852875 0.7198519706726074 0.2750279903411865
0.1145789995789528 0.6939389705657958 0.2577899992465973
-0.0966869965195655 0.7469220161437988 0.2866199910640716
-0.1476269960403442 0.7166389822959900 0.1772360056638718
-0.1544090062379837 0.7283899784088134 0.1567189991474152
-0.1051649972796440 0.7809600234031677 0.2860890030860901
-0.1382170021533966 0.7622870206832886 0.2515990138053894
-0.1232329979538918 0.7661190032958985 0.2704299986362457
-0.1022209972143173 0.7602040171623229 0.2851020097732544
-0.1153640002012253 0.6694070100784302 0.2399380058050156
-0.1299470067024231 0.6748750209808349 0.2081449925899506
-0.1225109994411468 0.6711959838867187 0.2269590049982071
-0.1411300003528595 0.7092130184173583 0.2019139975309372
-0.1467539966106415 0.7417659759521485 0.2174299955368042
-0.1339409947395325 0.7051470279693604 0.2255879938602447
-0.1365350037813187 0.7360519766807556 0.2414820045232773
-0.1510500013828277 0.7675799727439881 0.2296610027551651
-0.1194470003247261 0.7341669797897339 0.2671149969100952
-0.1010740026831627 0.7114369869232178 0.2789320051670075
-0.1078689992427826 0.6866260170936585 0.2644830048084259
-0.1080799996852875 0.7198519706726074 0.2750279903411865
-0.1231940016150475 0.7002599835395813 0.2462749928236008
-0.1145809963345528 0.6939389705657958 0.2577919960021973
-0.1089439988136292 0.6666529774665833 0.2513659894466400
-0.1659449934959412 0.7436890006065368 0.1166929975152016
-0.1720719933509827 0.7507879734039306 0.0878840014338493
-0.1630119979381561 0.7224410176277161 0.0948960036039352
-0.1721940040588379 0.7654880285263062 0.1143430024385452
-0.1878619939088821 0.8126180171966552 0.0776809975504875
-0.1815689951181412 0.7897260189056397 0.0820669978857040
-0.1541970074176788 0.7481579780578614 0.1917040050029755
-0.1750749945640564 0.7883989810943603 0.1420869976282120
-0.1670659929513931 0.7621819972991944 0.1409990042448044
-0.1605219990015030 0.7565420269966126 0.1671150028705597
-0.1609549969434738 0.7403789758682252 0.1387770026922226
-0.1611379981040955 0.7761819958686829 0.2058639973402023
-0.1717769950628281 0.7917730212211608 0.1776459962129593
-0.1789609938859940 0.7881280183792114 0.1122440025210380
-0.1772470027208328 0.7715259790420532 0.0849910005927085
0.1750739961862564 0.7884010076522828 0.1420799940824509
0.1717749983072281 0.7917730212211608 0.1776459962129593
0.1789589971303940 0.7881219983100891 0.1122210025787353
0.1659419983625412 0.7436900138854980 0.1166919991374016
0.1544079929590225 0.7283899784088134 0.1567189991474152
0.1605190038681030 0.7565420269966126 0.1671140044927597
0.1670629978179932 0.7621819972991944 0.1409990042448044
0.1720709949731827 0.7508010268211365 0.0878890007734298
0.1815679967403412 0.7897189855575561 0.0820629969239234
0.1878599971532822 0.8126199841499328 0.0776719972491264
0.1721940040588379 0.7654669880867004 0.1142769977450371
0.1476240009069443 0.7166389822959900 0.1772360056638718
0.1411280035972595 0.7092149853706360 0.2019129991531372
0.1510470062494278 0.7675819993019104 0.2296600043773651
0.1611350029706955 0.7761819958686829 0.2058629989624023
0.1467539966106415 0.7417659759521485 0.2174299955368042
0.1541939973831177 0.7481589913368225 0.1917040050029755
0.1609539985656738 0.7403789758682252 0.1387770026922226
0.1772409975528717 0.7715169787406921 0.0849969983100891
0.1012139990925789 0.6639099717140197 0.2618890106678009
0.0955009981989860 0.6644340157508850 0.2680279910564423
0.1010729968547821 0.7114350199699402 0.2789329886436462
0.1078670024871826 0.6866250038146972 0.2644830048084259
-0.0738589987158775 0.6959419846534729 0.2915480136871338
-0.0807920023798942 0.7000579833984375 0.2886109948158264
-0.0843269973993301 0.6822850108146668 0.2815470099449158
-0.0697730034589767 0.6896039843559265 0.2919049859046936
-0.0649869963526725 0.6799200177192687 0.2911610007286072
-0.0869809985160827 0.6661339998245239 0.2746010124683380
-0.0689100027084350 0.6621950268745422 0.2774479985237122
-0.1012160032987595 0.6639140248298644 0.2618910074234009
-0.0892020016908645 0.6831380128860474 0.2789979875087738
-0.0853520035743713 0.7022669911384582 0.2865540087223053
-0.0880990028381347 0.7064129710197449 0.2855730056762695
-0.0955019965767860 0.6644340157508850 0.2680290043354035
-0.0990080013871193 0.6834179759025573 0.2723279893398285
-0.0805239975452423 0.6647660136222839 0.2766630053520203
-0.0778329968452453 0.6805250048637390 0.2841050028800964
0.0805229991674423 0.6647660136222839 0.2766630053520203
0.0750389993190765 0.6636329889297485 0.2776510119438172
0.0711830034852027 0.6632019877433777 0.2781299948692322
0.0869809985160827 0.6661360263824463 0.2745999991893768
0.0843259990215301 0.6822850108146668 0.2815470099449158
0.0807930007576942 0.7000579833984375 0.2886100113391876
0.0891999974846839 0.6831380128860474 0.2789979875087738
0.0853509977459907 0.7022669911384582 0.2865529954433441
0.0838339999318122 0.6541519761085510 0.2711319923400879
0.0990070030093193 0.6834179759025573 0.2723259925842285
0.0880979970097541 0.7064129710197449 0.2855730056762695
0.0835539996623993 0.7317140102386474 0.2903130054473877
0.0738599970936775 0.6959400177001953 0.2915470004081726
0.0778329968452453 0.6805250048637390 0.2841050028800964
0.1284620016813278 0.6409869790077210 0.1469700038433075
0.0640930011868476 0.6651989817619324 0.2787790000438690
-0.1216439977288246 0.6245779991149902 0.1132569983601570
-0.0828730016946792 0.6021819710731506 0.2363429963588715
-0.0601739995181560 0.6692540049552918 0.2863020002841949
-0.0694070011377334 0.6708149909973144 0.2840850055217743
-0.0665690004825592 0.6662459969520568 0.2820219993591308
-0.0642739981412887 0.6745200157165527 0.2888239920139313
-0.0656130015850067 0.6652299761772156 0.2808569967746735
-0.0592340007424354 0.6898419857025147 0.2998909950256348
-0.0750159993767738 0.6636369824409485 0.2776579856872559
-0.0711570009589195 0.6631979942321778 0.2781359851360321
-0.0728110000491142 0.6761699914932251 0.2849409878253937
0.0667650029063224 0.6664639711380005 0.2821680009365082
0.0642749965190887 0.6745219826698303 0.2888239920139313
0.0689480006694793 0.6622449755668640 0.2775140106678009
0.0676430016756057 0.6627079844474793 0.2774020135402679
0.0656139999628067 0.6652299761772156 0.2808569967746735
0.0728280022740364 0.6761879920959473 0.2849409878253937
0.0649869963526725 0.6799200177192687 0.2911610007286072
0.0694070011377334 0.6708160042762756 0.2840839922428131
0.0697719976305961 0.6896039843559265 0.2919049859046936
0.0627660006284713 0.6193100214004517 0.2623299956321716
0.1567530035972595 1.1045069694519040 0.2337059974670410
-0.0449929982423782 0.5540919899940491 0.2381660044193268
-0.0051509998738765 0.7690489888191223 0.3466419875621796
0.1340059936046600 0.6464520096778870 0.1079640015959740
