304
465
266
305
100
122
278
436
550
551
540
139
334
340
201
234
226
240
194
229
348
349
298
109
314
196
259
186
96
136
217
346
218
208
345
1080
220
1077
1078
161
1081
162
344
151
260
1273
448
481
74
302
269
415
291
452
413
463
64
475
102
1112
1112
1106
1107
1112
1104
332
1112
1103
1103
451
129
461
127
477
128
142
184
152
258
489
1272
488
120
446
1275
1271
1255
1250
479
1211
1210
300
300
400
518
517
400
296
1268
93
156
297
1209
1210
352
66
399
421
430
1347
1347
1347
1347
1347
1347
1347
1347
1118
306
146
487
118
1347
1347
1347
1347
1347
1347
1347
1347
1347
206
181
170
192
294
293
150
107
1214
108
286
285
60
534
491
283
1347
1347
1347
1347
134
1347
1347
292
1347
1347
159
172
495
493
1347
1347
160
1317
422
388
1316
1178
180
319
168
1347
1347
1347
1347
1347
1347
1347
306
1118
525
306
1347
324
525
525
168
1347
1347
1347
1347
1347
1347
1347
1347
104
1326
1326
311
307
483
1347
1347
1347
1347
117
309
484
485
1347
1347
1347
131
143
130
270
523
270
155
395
395
167
14
485
155
202
191
19
22
1347
117
311
434
98
433
1321
77
432
386
81
81
80
8
366
355
9
376
375
520
520
366
376
8
387
519
76
1126
1132
1129
143
312
89
313
521
1325
1304
272
225
10
54
84
78
1176
53
1219
412
1249
1294
1252
1278
1296
457
1251
1295
310
105
1303
1305
1281
56
1280
367
33
33
403
72
274
419
1220
428
276
427
65
527
526
455
1109
1109
425
330
315
186
185
424
316
316
210
210
210
1111
1109
210
1347
77
397
432
431
265
123
123
265
279
122
1111
1111
550
549
198
442
539
199
325
234
327
240
242
229
230
349
350
1075
1075
196
210
112
113
305
466
332
230
153
241
242
316
1103
1104
1103
1115
287
211
1113
238
327
187
187
153
121
153
1115
1116
316
316
350
1114
198
1114
1106
316
469
1116
549
538
440
332
113
185
330
210
224
499
213
497
498
503
176
502
254
125
251
252
253
177
462
214
336
232
232
247
247
246
245
445
1347
537
535
444
249
445
141
537
462
462
537
1347
335
214
1347
1347
1347
1347
1347
1347
1347
1347
1347
1347
1347
1347
1347
1347
1347
1347
1347
1347
1347
1347
141
1347
1347
1347
1347
1347
1347
1347
1347
1347
1347
1347
1347
1347
1347
1347
1347
1347
1347
1347
1347
1347
1347
1347
1347
1347
1347
1347
1347
1347
1347
1347
1347
1347
1347
1347
1347
1347
1347
1347
1347
1347
1347
1347
1347
1347
1347
1347
1347
1347
1347
1347
1347
1347
1347
1347
1347
1347
1347
1314
1223
47
1309
52
1347
1347
1347
1347
429
65
1226
43
390
1182
370
4
1187
1185
389
380
1184
45
58
379
6
368
378
369
369
4
5
367
377
376
367
7
7
387
387
519
518
205
203
323
66
76
321
31
20
207
1347
1347
325
203
318
492
191
15
216
318
216
359
6
32
32
32
23
14
21
18
26
25
12
1267
35
11
24
16
1082
27
496
28
30
29
29
1347
1347
1347
1347
1347
1347
1347
37
65
1347
478
37
1297
36
280
1227
371
3
544
505
337
239
281
1347
1347
1114
1106
469
440
241
238
325
188
1114
469
440
188
238
241
153
187
316
210
1111
1109
1103
1104
155
1347
1347
1347
1347
1347
1347
1347
1347
1347
1347
1347
1347
1347
1347
1347
1347
1347
1347
1347
1347
1347
1347
1347
1347
1347
1347
1347
1347
1347
525
324
57
57
1307
1307
57
65
37
41
528
530
1347
528
530
532
533
384
531
529
363
1
528
44
392
373
529
408
407
406
362
2
144
166
166
166
15
377
394
402
394
319
15
1347
1347
1347
1347
1347
1347
1347
1347
1347
1347
531
531
529
531
529
531
530
1347
1347
1347
529
531
531
1347
1347
1347
1347
1347
1347
1347
1347
1347
1347
1347
1347
1347
1347
1347
1347
1347
1347
1347
548
548
548
478
1347
1347
1347
1347
1347
1347
1347
1347
1347
1347
36
36
36
1254
36
1254
36
36
478
478
478
280
1347
1347
1347
1347
36
36
36
36
36
1347
1347
1347
1347
1347
1347
1347
1347
1347
1347
1347
1347
1347
1347
478
1347
1254
1254
1254
36
1347
36
1347
1254
1347
1347
1347
1347
1347
1347
1347
1347
1347
1347
1347
1347
1347
1347
1347
1347
1347
1347
1347
1347
548
548
478
548
1347
1347
1347
1347
478
478
478
280
478
280
280
1347
1347
1347
1347
1347
1347
1347
1347
1347
1347
1347
1347
1347
280
280
280
280
36
36
36
36
36
36
36
36
36
36
36
36
36
36
36
36
280
280
1347
36
36
280
280
1347
1347
1347
36
280
280
280
280
280
36
280
280
280
280
280
280
280
478
280
280
478
478
478
478
280
36
280
280
36
36
478
478
548
548
548
1254
1254
478
478
1297
1254
1347
1347
1347
1347
548
548
1347
1347
1347
1347
1347
1347
1347
1347
1347
478
1347
1347
1132
1126
519
225
387
76
1122
77
1135
1136
431
10
76
399
400
387
517
519
403
225
1122
1135
83
1305
69
77
67
422
1178
1316
61
60
402
403
1130
15
15
15
396
1298
1177
1221
411
47
1314
391
389
511
58
406
515
1228
379
32
32
1347
1347
1281
78
54
1220
425
426
528
533
528
41
530
533
530
532
531
529
531
531
1347
1347
1347
1347
48
1307
1347
1347
48
48
1347
528
1347
1347
1347
1347
1347
1347
1347
1347
1347
1347
1347
1347
531
34
530
532
533
528
41
1308
273
1307
1347
52
273
274
1347
1347
263
307
1136
263
1136
1126
33
10
1132
397
431
397
274
56
32
32
927
694
672
692
926
697
754
735
1008
1006
780
755
794
807
865
847
867
874
842
824
826
841
860
971
969
690
716
705
715
673
839
803
838
858
804
1084
1087
861
1086
774
1083
792
823
772
914
670
1263
973
641
642
923
676
720
935
940
739
614
1068
1049
1099
1093
1094
1099
1099
1099
730
1090
1091
1091
938
1063
1061
977
978
1053
1057
773
771
819
711
1264
972
725
726
1266
1260
1242
1248
1200
979
1199
638
638
602
602
619
646
764
1259
783
741
742
1198
1199
630
624
601
636
635
1347
1347
1347
1347
1347
1347
1347
1347
1119
911
856
1021
743
1347
1347
1347
1347
1347
1347
1347
1347
1347
836
817
790
835
802
767
770
769
1203
713
945
944
620
603
943
942
1347
1347
1347
1347
917
1347
1347
768
1347
1347
748
800
919
916
1347
1347
912
1337
606
575
1336
1196
815
920
789
1347
1347
1347
1347
1347
1347
1347
982
1119
856
856
1347
981
982
982
789
1347
1347
1347
1347
1347
1347
1347
1347
723
1346
1346
710
667
1000
1347
1347
1347
1347
964
761
760
961
1347
1347
1347
980
966
963
965
812
812
814
14
851
798
32
814
761
829
813
1347
964
723
708
1341
702
709
684
664
651
651
622
700
659
634
680
644
681
681
634
644
623
647
625
1145
966
1146
740
661
662
699
1345
1301
678
698
591
656
666
1156
590
1241
933
1243
1285
1283
1246
1292
1293
1247
976
704
703
1302
1299
593
1289
1288
633
610
655
932
930
1240
597
581
615
1025
1013
612
1024
1095
1095
579
845
778
716
970
580
846
843
843
846
843
1095
1097
843
1347
654
684
663
664
925
925
750
750
948
926
1097
1097
984
1010
1008
1011
991
862
805
877
865
882
874
871
842
870
841
1089
1089
971
843
729
693
695
692
730
871
882
731
776
846
1091
1090
1091
1102
1100
752
992
877
876
777
776
777
728
776
1071
1102
846
846
870
1101
1094
1101
984
846
1117
1071
1012
990
1010
730
729
778
845
843
896
957
956
959
895
904
953
902
900
952
894
897
899
1026
989
1027
1058
878
878
886
879
884
886
890
1347
1054
1059
893
890
888
1059
1060
1058
1059
1058
1347
1347
1027
988
1347
1347
1347
1347
1347
1347
1347
1347
1347
1347
1347
1347
1347
1347
1347
1347
1347
1347
1347
1060
1347
1347
1347
1347
1347
1347
1347
1347
1347
1347
1347
1347
1347
1347
1347
1347
1347
1347
1347
1347
1347
1347
1347
1347
1347
1347
1347
1347
1347
1347
1347
1347
1347
1347
1347
1347
1347
1347
1347
1347
1347
1347
1347
1347
1347
1347
1347
1347
1347
1347
1347
1347
1347
1347
1237
1334
557
1329
594
1347
1347
1347
1347
1025
596
1234
1192
555
1044
570
1189
563
585
1190
588
910
598
609
617
584
584
633
633
644
645
647
623
623
646
831
816
855
624
625
837
857
1347
1347
862
854
855
915
813
854
852
583
616
32
852
1347
1347
1347
1347
1347
1347
1030
1025
1347
1064
1030
1291
1029
1028
1233
562
1051
908
906
880
885
1347
1347
1094
1101
1117
1012
731
876
862
987
1101
1117
1012
987
876
731
776
777
846
843
1097
1095
1091
1090
814
1347
1347
1347
1347
1347
1347
1347
1347
1347
1347
1347
1347
1347
1347
1347
1347
1347
1347
1347
1347
1347
1347
1347
1347
1347
1347
1347
1347
1347
981
982
595
595
1327
1327
595
1025
1030
1043
1042
1038
1043
1347
1038
1034
1037
1036
994
1039
1043
1003
1046
1039
1001
1045
996
995
560
796
795
795
795
645
797
797
920
1347
1347
1347
1347
1347
1347
1347
1347
1347
1347
531
1039
531
1039
1038
1347
1347
1347
1039
531
1347
1347
1347
1347
1347
1347
1347
1347
1347
1347
1347
1347
1347
1347
1347
1347
1347
1065
1065
1065
1064
1347
1347
1347
1347
1347
1347
1347
1347
1347
1347
1029
1029
1029
1244
1244
1029
1029
1029
1064
1064
1064
1028
1347
1347
1347
1347
1029
1029
1029
1029
1029
1347
1347
1347
1347
1347
1347
1347
1347
1347
1347
1347
1347
1347
1347
1347
1064
1244
1244
1244
1029
1347
1347
1029
1244
1347
1347
1347
1347
1347
1347
1347
1347
1347
1347
1347
1347
1347
1347
1347
1347
1347
1347
1347
1347
1065
1065
1065
1064
1347
1347
1347
1347
1064
1064
1064
1028
1064
1028
1347
1347
1347
1347
1347
1347
1347
1347
1347
1347
1347
1347
1347
1347
1347
1347
1347
1347
1347
1028
1028
1028
1028
1028
1028
1029
1029
1029
1029
1029
1029
1029
1029
1029
1029
1029
1028
1028
1347
1029
1029
1028
1028
1347
1347
1029
1347
1028
1028
1028
1028
1028
1028
1028
1028
1028
1028
1028
1028
1064
1028
1064
1064
1028
1028
1064
1064
1064
1028
1028
1029
1029
1028
1064
1064
1065
1065
1065
1064
1028
1244
1244
1064
1064
1291
1244
1347
1347
1347
1347
1065
1065
1347
1347
1347
1347
1347
1347
1347
1347
1347
1064
1347
1347
1064
1145
678
647
623
625
1141
684
1154
1153
663
625
623
602
601
647
619
678
610
685
1154
1141
1299
684
611
626
1336
1196
606
576
620
616
610
1150
15
657
1287
1153
759
1239
1334
557
568
563
556
910
997
599
995
1232
598
759
667
32
32
1289
1240
591
656
929
930
579
582
1043
1042
1043
1037
1037
1038
1036
1038
1039
531
531
531
1347
1347
1347
1347
1347
1327
1031
1347
1031
1043
1347
1031
1347
1347
1347
1347
1347
1347
1347
1347
1347
1347
1347
1347
531
1038
34
1036
1037
1043
1042
1328
1327
1347
930
929
594
1347
1347
1347
1153
1145
10
33
654
663
654
1197
593
32
32
32
2
6
33
33
6
2