0.0027850000187754 0.4399529993534088 0.1181249991059303
0.0006900000153109 0.4350059926509857 0.1449380069971084
0.0000000000000000 0.4212320148944855 0.2016170024871826
0.0000000000000000 0.4169859886169434 0.2391149997711182
0.0000000000000000 0.4321680068969727 0.2669639885425568
0.0000000000000000 0.4555360078811645 0.2760640084743500
0.0000000000000000 0.4734379947185516 0.2788540124893188
0.0000000000000000 0.5064409971237183 0.3027789890766144
0.0000000000000000 0.5094670057296753 0.3159660100936890
-0.0000799999979790 0.5179849863052368 0.3207759857177734
-0.0001789999951142 0.5283010005950928 0.3132430016994476
0.0011589999776333 0.8487399816513061 0.3307150006294250
-0.0015610000118613 0.8002049922943116 0.3615710139274597
0.0018299999646842 0.7698709964752197 0.3837870061397553
-0.0001300000003539 0.6854019761085510 0.3292540013790131
0.0029140000697225 0.6444969773292541 0.3304440081119537
0.0000000000000000 0.8952050209045411 0.3225719928741455
0.0000000000000000 0.7262250185012818 0.3961740136146545
-0.0001610000035725 0.7381020188331604 0.3995659947395325
0.0002509999903850 0.6361309885978698 0.3396250009536743
0.0004400000034365 0.6968039870262147 0.3588840067386627
-0.0000700000018696 0.7125430107116699 0.3883489966392517
0.0004920000210404 0.6266040205955506 0.3417659997940063
-0.0000489999983983 0.6922780275344849 0.3396430015563965
-0.0002929999900516 0.8668310046195983 0.3246049880981445
-0.0018510000081732 0.7812690138816833 0.3737230002880097
-0.0006440000142902 0.7537140250205994 0.3940730094909668
-0.0004569999873638 0.9273279905319214 0.3229779899120331
-0.0001860000047599 1.0198169946670530 0.3131189942359924
0.0005179999861866 1.1240580081939700 0.2770630121231079
0.0003750000032596 1.0719200372695920 0.2996230125427246
-0.0005189999938011 0.7026180028915405 0.3748880028724671
-0.0028129999991506 0.6694759726524353 0.3221499919891357
0.0000000000000000 0.4945819973945618 0.2850030064582825
0.0000000000000000 0.4268389940261841 0.1758510023355484
0.0010179999517276 0.8319699764251709 0.3399100005626678
0.2167470008134842 0.7496910095214844 0.0551589988172054
0.1950870007276535 0.6806949973106385 0.0666889995336532
0.1073720008134842 0.5063490271568298 0.1159380003809929
0.0857580006122589 0.4785250127315521 0.1360020041465759
0.0891439989209175 0.4870069921016693 0.1201260015368462
0.1126789972186089 0.5171750187873841 0.1005259975790978
0.0699800029397010 0.4599550068378449 0.2072120010852814
0.0802370011806488 0.4683060050010681 0.1725209951400757
0.1189370006322861 0.5229409933090210 0.1110190004110336
0.0645079985260963 0.4690560102462769 0.2344460040330887
0.0980480015277862 0.5012680292129517 0.2022179961204529
0.1075730025768280 0.5059360265731812 0.1675000041723251
0.1286759972572327 0.5392770171165466 0.0912949964404106
0.0893279984593391 0.5057039856910705 0.2291979938745499
0.1258520036935806 0.5421959757804870 0.1762679964303970
0.1152350008487701 0.5403739809989929 0.2154899984598160
0.1490519940853119 0.5733379721641540 0.1092419996857643
0.1215770021080971 0.6470699906349183 0.2803649902343750
0.0926499962806701 0.6285150051116943 0.2952229976654052
0.0991789996623993 0.5762370228767395 0.2704229950904846
0.1252979934215546 0.5838389992713928 0.2427870035171509
0.1577699929475784 0.5899699926376343 0.0845630019903183
0.0616549998521804 0.4825749993324280 0.2486429959535599
0.1041200011968613 0.5426200032234192 0.2414229959249496
0.0544690005481243 0.4975180029869080 0.2633520066738129
0.0839520022273063 0.5138300061225891 0.2452149987220764
0.0438870005309581 0.5295490026473999 0.2921609878540039
0.0750560015439987 0.5272510051727295 0.2631590068340301
0.2120389938354492 0.7612800002098084 0.1556210070848465
0.1838510036468506 0.6484529972076416 0.0745119974017143
0.0623399987816810 0.5503200292587280 0.2844870090484619
0.0863230004906654 0.5534380078315735 0.2688120007514954
0.0953930020332336 0.5477809906005859 0.2564840018749237
0.0919980034232139 0.5771750211715698 0.2766300141811371
0.0430350005626678 0.5355520248413086 0.3012480139732361
0.0689919963479042 0.5620080232620239 0.2842890024185181
0.0831750035285949 0.5788419842720032 0.2840969860553741
0.0987859964370727 0.7879660129547119 0.2975929975509644
0.0985099971294403 0.7749230265617371 0.3021570146083832
0.0427459999918937 0.5394189953804016 0.3063369989395142
0.0579809993505477 0.5589119791984558 0.2919400036334991
0.0688209980726242 0.5748180150985718 0.2874279916286468
0.0835729986429214 0.6205599904060364 0.2996149957180023
0.0888139978051185 0.6231880187988282 0.2966830134391785
0.0400130003690719 0.5517640113830566 0.3042010068893432
0.0563879981637001 0.5605850219726563 0.2950899899005890
0.0659860000014305 0.5649909973144531 0.2855939865112305
0.0707919970154762 0.6070179939270020 0.3062709867954254
0.0803570002317428 0.6405069828033448 0.3055500090122223
0.0608140006661415 0.7898430228233338 0.3084819912910461
0.0542990006506443 0.7720990180969238 0.3205730020999908
0.1667719930410385 0.7583140134811401 0.2599990069866180
0.1859370023012161 0.7896389961242675 0.2398220002651215
0.0545440018177032 0.5630339980125427 0.2945629954338074
0.0619719997048378 0.5694289803504944 0.2901700139045715
0.0637580007314682 0.5733450055122376 0.2907330095767975
0.0735189989209175 0.6307129859924316 0.3095740079879761
0.0622369982302188 0.7412570118904114 0.3189800083637238
0.0680409967899322 0.8043289780616760 0.2970240116119385
0.0629339963197708 0.7986869812011718 0.3029220104217530
0.0999170020222663 0.7941229939460754 0.2951529920101166
0.0586609989404678 0.5672870278358460 0.2913349866867066
0.0619589984416961 0.5713649988174438 0.2910670042037964
0.0640719980001449 0.5930609703063965 0.3064630031585693
0.1706999987363815 0.7963709831237793 0.2560609877109528
0.1783600002527237 0.8027970194816589 0.2469280064105988
0.2115609943866730 0.8580909967422486 0.1704870015382767
0.0606350004673004 0.5716080069541931 0.2910520136356354
0.0622759982943534 0.5851759910583496 0.3042010068893432
0.0664319992065429 0.6191539764404297 0.3135640025138855
0.0197410006076097 0.8255019783973693 0.3319250047206879
0.0195259992033243 0.7968080043792724 0.3504750132560730
0.0355190001428127 0.7860090136528015 0.3329670131206513
0.0575099997222423 0.8142240047454834 0.2974810004234314
0.0508330017328262 0.8106229901313782 0.3034040033817292
0.0864380002021789 0.7991099953651428 0.2949579954147339
0.1042860001325607 0.8140509724617005 0.2841460108757019
0.1037689968943596 0.8308659791946412 0.2844130098819733
0.2061509937047958 0.8054410219192504 0.1959809958934784
0.1992470026016235 0.8167899847030639 0.2120490074157715
0.0551629997789859 0.5773509740829468 0.3001089990139007
0.0518359988927841 0.6156219840049743 0.3231869935989380
0.0567400008440017 0.7523779869079590 0.3331840038299560
0.0201789997518062 0.8441299796104431 0.3220809996128083
0.0118289999663829 0.8470759987831116 0.3269560039043427
0.1029340028762817 0.8636490106582642 0.2741009891033172
0.1595949977636337 0.8178439736366272 0.2616559863090515
0.1535219997167587 0.8347020149230957 0.2696799933910370
0.1945720016956329 0.8488429784774780 0.2159579992294312
0.2057189941406250 0.8975260257720947 0.2024469971656799
0.2160629928112030 0.7888129949569702 0.1452559977769852
0.2210970073938370 0.7820929884910583 0.0870869979262352
0.2246309965848923 0.8855900168418884 0.0984319970011711
0.2179560065269470 0.8153480291366577 0.1378419995307922
0.0497080013155937 0.6083739995956421 0.3249770104885101
0.0406869985163211 0.6890749931335450 0.3193230032920837
0.0612219981849193 0.7428629994392396 0.3225710093975067
0.0558120012283325 0.7471119761466980 0.3404609858989716
0.0453639999032020 0.7572939991950989 0.3442859947681427
0.0486790016293525 0.8323519825935364 0.2905659973621368
0.0920910015702247 0.8144189715385437 0.2846119999885559
0.1488630026578903 0.8625720143318176 0.2671009898185730
0.1862030029296875 0.8482040166854858 0.2286659926176071
0.1877389997243881 0.8738629817962647 0.2313479930162430
0.1955710053443909 0.8839629888534546 0.2222850024700165
0.2307180017232895 0.8917099833488465 0.0688460022211074
0.2207179963588715 0.8779739737510682 0.1207910031080246
0.0435429997742176 0.5961859822273254 0.3212200105190277
0.0279770009219646 0.6602519750595092 0.3276070058345795
0.0610859990119934 0.7314010262489318 0.3193239867687226
0.0603069998323917 0.7248709797859192 0.3386850059032440
0.0446170009672641 0.7513710260391236 0.3507510125637055
0.0269699990749359 0.7640039920806885 0.3640269935131073
0.0198100004345178 0.7674450278282166 0.3723649978637695
0.0107749998569488 0.7997739911079407 0.3575409948825836
0.0406409986317157 0.8335149884223939 0.3017660081386566
0.0294209998100996 0.8584330081939697 0.3105109930038452
0.0917040035128593 0.8596709966659546 0.2768239974975586
0.2174070030450821 0.9351080060005188 0.1584800034761429
0.0285439994186162 0.6348149776458740 0.3351199924945831
0.0586269982159137 0.7192149758338929 0.3221789896488189
0.0549199990928173 0.7186070084571839 0.3326880037784577
0.0548079982399940 0.7195969820022583 0.3384070098400116
0.0491060018539428 0.7395439743995666 0.3542970120906830
0.0512610003352165 0.7326239943504334 0.3549759984016419
0.0379530005156993 0.8882790207862854 0.3163599967956543
0.0258179996162653 0.8953880071640014 0.3208810091018676
0.1918870061635971 0.8975849747657775 0.2359929978847504
0.1822820007801056 0.8842909932136535 0.2445760071277619
0.0261339992284774 0.6249520182609558 0.3403019905090332
0.0157389994710683 0.6570820212364197 0.3291479945182800
0.0099200000986456 0.6880660057067871 0.3334749937057495
0.0461889989674091 0.7231460213661194 0.3520149886608124
0.0299280006438493 0.7431740164756774 0.3764509856700897
0.0195320006459951 0.7415639758110047 0.3900569975376129
0.0186850000172853 0.7308710217475891 0.3911660015583038
0.0292089991271495 0.7341520190238953 0.3808220028877258
0.0109320003539323 0.7693579792976379 0.3798980116844177
0.1781720072031021 0.8504089713096618 0.2409269958734512
0.1786299943923950 0.8692190051078797 0.2406260073184967
0.2018389999866485 0.9146749973297119 0.2220260053873062
0.2178860008716583 0.9802929759025573 0.1635880023241043
0.2131579965353012 0.9590640068054199 0.1838749945163727
0.0190350003540515 0.6136190295219421 0.3356890082359314
0.0258779991418123 0.7221239805221558 0.3795279860496521
0.0192310009151697 0.7183070182800293 0.3848890066146851
0.0136770000681281 0.7021049857139588 0.3592649996280670
0.0173390004783868 0.8965950012207031 0.3218129873275757
0.0412830002605915 0.8619499802589417 0.2971709966659546
0.0821629986166954 0.8352050185203552 0.2805930078029633
0.0805710032582283 0.8196390271186829 0.2840670049190521
0.0832180008292198 0.8545020222663880 0.2764180004596710
0.1619279980659485 0.8559470176696777 0.2580730020999908
0.1671209931373596 0.8873410224914551 0.2605519890785217
0.0154489995911717 0.5334799885749817 0.3133490085601807
0.0192070007324218 0.6379929780960083 0.3372980058193207
0.0107890004292130 0.7390080094337463 0.3968479931354523
0.0101399999111890 0.7287960052490235 0.3950439989566803
0.0801070034503936 0.8983119726181030 0.3085820078849793
0.0842219963669776 0.9248160123825073 0.3221789896488189
0.0574040003120899 0.8359220027923584 0.2762610018253326
0.0621699988842010 0.8370019793510437 0.2717230021953583
0.1686239987611771 0.8407880067825317 0.2521750032901764
0.1651709973812103 0.8684599995613098 0.2585319876670837
0.1693809926509857 0.9250140190124512 0.2744520008563996
0.1650830060243607 0.9098659753799438 0.2758260071277619
0.0143740000203251 0.6264669895172119 0.3423669934272766
0.0246200002729892 0.7060490250587464 0.3346909880638122
0.0155689995735883 0.6995930075645446 0.3422769904136658
0.0180869996547699 0.7044529914855956 0.3447229862213135
0.0096880001947283 0.7139629721641541 0.3877620100975037
0.0063089998438954 0.6979349851608276 0.3595139980316162
0.0758299976587295 0.9432280063629151 0.3246749937534332
0.0797090008854866 0.8857190012931823 0.2956120073795318
0.0628219991922378 0.8393399715423584 0.2681410014629364
0.1557900011539459 0.8589479923248291 0.2613390088081360
0.1593679934740067 0.8736000061035156 0.2642799913883209
0.1537099927663803 0.9529079794883729 0.2876909971237183
0.2239219993352890 1.0040869712829590 0.1391800045967102
0.0091840000823140 0.6174700260162354 0.3376879990100861
0.0076390001922845 0.6939449906349183 0.3419620096683502
0.1055599972605705 0.9247909784317016 0.3167909979820252
0.1001840010285378 0.9496799707412719 0.3208900094032287
0.0973460003733634 0.9074440002441407 0.3086059987545013
0.0543820001184940 0.8448119759559631 0.2768020033836365
0.1574440002441406 0.8985790014266968 0.2752569913864136
0.1539079993963242 0.9353370070457458 0.2899399995803833
0.1466639935970306 0.9131569862365723 0.2904480099678040
0.1287519931793213 0.9530529975891113 0.3064599931240082
0.0078389998525381 0.5300970077514648 0.3129650056362152
0.1197189986705780 0.9111899733543396 0.3057059943675995
0.1286749988794327 0.9320740103721619 0.3050990104675293
0.0965489968657493 0.8947070240974427 0.2993159890174866
0.0855569988489151 0.8747559785842895 0.2815690040588379
0.0899790003895759 0.8637369871139526 0.2846130132675171
0.1939769983291626 1.0294079780578610 0.2185589969158172
0.2001779973506927 1.0547070503234860 0.1939810067415237
0.1139020025730133 0.9005110263824463 0.2993550002574921
0.1481309980154037 0.8790820240974427 0.2741340100765228
0.1367409974336624 0.9019259810447693 0.2909159958362579
0.0997219979763031 0.8787459731101989 0.2836540043354035
0.1009989976882935 0.8671839833259583 0.2868829965591431
0.1392239928245544 0.8663370013237000 0.2727169990539551
0.1660500019788742 1.0467950105667110 0.2502740025520325
0.1142980009317398 0.8803859949111939 0.2843550145626068
0.1127759963274002 0.8666480183601380 0.2746750116348267
0.1151430010795593 0.8691769838333130 0.2874619960784912
0.1298770010471344 0.8822479844093322 0.2796399891376495
0.1258029937744141 0.8669700026512146 0.2753530144691467
0.1743510067462921 1.0760990381240840 0.2267190068960190
0.1431230008602142 1.0938420295715330 0.2493370026350021
0.1150680035352707 1.1055070161819460 0.2629620134830475
0.0781740024685859 1.0644869804382320 0.2937299907207489
0.1075690016150475 1.0618150234222410 0.2876630127429962
0.0852229967713356 1.1121519804000850 0.2689619958400726
0.0511920005083084 1.0208230018615720 0.3109070062637329
0.0760250017046928 1.0190240144729610 0.3085629940032959
0.1027209982275963 1.0201929807662960 0.3022130131721496
0.1282020062208176 1.0206999778747560 0.2898730039596557
0.1564950048923492 1.0126500129699710 0.2705039978027344
0.1855880022048950 0.9967880249023438 0.2402600049972534
0.0204959996044635 0.8631730079650879 0.3171190023422241
0.0143879996612668 0.8670790195465088 0.3199110031127930
0.0736949965357780 0.8058570027351379 0.2930609881877899
0.0402670018374919 0.8255000114440918 0.3074310123920441
0.0435979999601841 0.7801399827003479 0.3248110115528107
0.0586710013449192 0.6953489780426025 0.3129320144653320
0.0501190014183521 0.6434040069580078 0.3228009939193725
0.0422790013253688 0.6252670288085938 0.3293080031871796
0.1450739949941635 0.8333550095558167 0.2760579884052276
0.1500770002603531 0.8154029846191406 0.2690359950065613
0.1610500067472458 0.7935600280761719 0.2645759880542755
0.1656929999589920 0.7792760133743286 0.2623699903488159
0.1465329974889755 0.7577779889106751 0.2786929905414581
0.0335900001227855 0.6187970042228699 0.3371360003948212
0.0263739991933107 0.6090509891510010 0.3324800133705139
0.0228489991277456 0.5378879904747009 0.3128719925880432
0.1513070017099380 0.5976849794387817 0.1799930036067963
0.1428560018539429 0.5915970206260681 0.2061830013990402
0.1722719967365265 0.6279960274696351 0.1342950016260147
0.1805160045623779 0.6535210013389587 0.1473460048437118
0.1512580066919327 0.6272529959678650 0.2263599932193756
0.1884769946336746 0.8183209896087647 0.2316990047693252
0.1720959991216660 0.8290939927101135 0.2486499994993210
0.2222650051116943 0.7813050150871277 0.0540999993681907
0.1341830044984817 1.0566229820251470 0.2746770083904266
0.0254970006644725 1.0708869695663450 0.2980580031871796
0.0437889993190765 0.7644500136375428 0.3382689952850342
0.0262369997799396 0.7739279866218566 0.3549399971961975
0.0187890008091926 0.7772349715232849 0.3627449870109558
0.0106220003217458 0.7796609997749329 0.3701950013637543
0.1681389957666397 0.8524990081787109 0.2528829872608185
0.1666010022163391 0.8218190073966980 0.2546969950199127
0.1846459954977036 0.8119159936904908 0.2381539940834045
0.1920910030603409 0.7991920113563538 0.2278269976377487
0.2039510011672974 0.7936480045318604 0.2050230056047440
0.0287459995597600 0.7542690038681030 0.3722929954528808
0.0197490006685257 0.7558140158653260 0.3832649886608124
0.0102399997413158 0.7552599906921386 0.3904390037059784
0.0285969991236925 1.1215549707412720 0.2748959958553314
0.0625799968838691 0.7180020213127136 0.3154299855232239
0.0572040006518364 0.7556040287017823 0.3247390091419220
0.0473770014941692 0.8452609777450561 0.2867569923400879
0.0911659970879554 0.7161710262298584 0.3043879866600036
0.0815960019826889 0.6947879791259766 0.3055959939956665
0.0783820003271102 0.6809809803962707 0.3071469962596893
0.1226940006017685 0.7601069808006286 0.2943499982357025
0.1194769963622093 0.7780699729919433 0.2930409908294678
0.1156250014901161 0.7883639931678772 0.2926619946956634
0.1169560030102730 0.8135929703712463 0.2831349968910217
0.0362810008227825 0.7049769759178162 0.3263059854507446
0.0735260024666786 0.6596469879150391 0.3088330030441284
0.0677200034260749 0.6459580063819885 0.3129610121250152
0.0588690005242824 0.6324539780616760 0.3189690113067627
0.0607310011982917 0.6051809787750244 0.3152140080928803
0.0592780001461505 0.5964319705963135 0.3139739930629730
0.0493919998407363 0.5859379768371581 0.3081499934196472
0.0466319993138313 0.5579659938812256 0.2991510033607483
0.0588320009410381 0.8184779882431030 0.2924459874629974
0.0667420029640197 0.8305699825286865 0.2783539891242981
0.0692320019006729 0.8452429771423340 0.2713069915771484
0.0177200008183717 0.7073959708213806 0.3576349914073944
0.0217090006917715 0.6951749920845032 0.3310680091381073
0.0370390005409717 0.7293469905853271 0.3673860132694244
0.0468729995191097 0.7087960243225098 0.3225559890270233
0.0079020000994205 0.7040479779243469 0.3745790123939514
0.0164330005645752 0.7085090279579163 0.3724600076675415
0.0200430005788803 0.7108349800109864 0.3703989982604980
0.0196279995143413 0.7136399745941162 0.3550780117511749
0.1623799949884415 0.8610360026359558 0.2660590112209320
0.1559489965438843 0.8635200262069702 0.2711830139160156
0.1429989933967590 0.8673340082168579 0.2795340120792389
0.1282290071249008 0.8695870041847229 0.2842380106449127
0.0607599988579750 0.8414379954338074 0.2704010009765625
0.0698499977588653 0.8353059887886048 0.2740449905395508
0.0923189967870712 0.8319470286369324 0.2832010090351105
0.1150289997458458 0.8310030102729797 0.2841899991035461
0.1596489995718002 0.8365250229835510 0.2631379961967468
0.1738950014114380 0.8781219720840454 0.2502059936523437
0.2146569937467575 1.0308610200881960 0.1667779982089996
0.2100210040807724 1.0060520172119140 0.1917009949684143
0.2041130065917969 0.9807890057563781 0.2104180008172989
0.1881210058927536 0.9297159910202026 0.2473269999027252
0.1809130012989044 0.9125900268554688 0.2566199898719788
0.1753820031881332 0.8962169885635375 0.2579039931297302
0.1670829951763153 0.8564490079879761 0.2592589855194092
0.1712079942226410 0.8631479740142822 0.2514919936656952
0.1641499996185303 0.8392279744148255 0.2577239871025085
0.0319960005581378 0.9321309924125672 0.3243249952793121
0.0535920001566410 0.9358479976654053 0.3250769972801208
0.0675700008869171 0.9206960201263428 0.3237729966640472
0.0651369988918304 0.8907430171966552 0.3077470064163208
0.0667330026626586 0.8759989738464356 0.2911509871482849
0.0761170014739036 0.8679100275039672 0.2793579995632172
0.0822860002517700 0.8562470078468323 0.2809129953384399
0.0886749997735023 0.6489279866218566 0.3015690147876739
0.0928549990057945 0.6601889729499817 0.2997789978981018
0.1102939993143082 0.6795309782028198 0.2933929860591889
0.1234870031476021 0.7413349747657775 0.2933619916439057
0.0091709997504949 0.5201439857482910 0.3196550011634827
0.0076569998636841 0.5104860067367554 0.3140540122985840
0.0046089999377727 0.5068680047988892 0.3017140030860901
0.0084650004282593 0.4744040071964264 0.2786909937858581
0.0105980001389980 0.4561789929866791 0.2750999927520752
0.0131069999188184 0.4329099953174591 0.2631329894065857
0.0115510001778602 0.4185850024223327 0.2357700020074844
0.0148569997400045 0.4236069917678833 0.1972229927778244
0.0214660000056028 0.4389739930629730 0.1425880044698715
0.0203200001269578 0.4430960118770600 0.1193360015749931
0.0187589991837739 0.5196849703788757 0.3178629875183105
0.0169440004974603 0.5129119753837585 0.3116160035133362
0.0139610003679990 0.5072299838066101 0.2982999980449677
0.0166619997471571 0.4755789935588836 0.2778570055961609
0.0202879998832941 0.4564740061759949 0.2722679972648620
0.0240039993077516 0.4350000023841858 0.2591550052165985
0.0251659993082284 0.4211120009422302 0.2300300002098084
0.0305669996887445 0.4287379980087280 0.1928289979696274
0.0360030010342598 0.4447290003299713 0.1397079974412918
0.0366510003805160 0.4495320022106171 0.1221039965748787
0.0245130006223917 0.5266389846801758 0.3179050087928772
0.0256660003215074 0.5172889828681946 0.3086690008640289
0.0232560001313686 0.5102379918098450 0.2947149872779846
0.0263209994882345 0.4789510071277619 0.2757349908351898
0.0311740003526210 0.4567640125751496 0.2668499946594238
0.0357329994440078 0.4396030008792877 0.2508639991283417
0.0390719994902610 0.4291070103645325 0.2227829992771149
0.0476780012249946 0.4383850097656250 0.1889549940824509
0.0529530011117458 0.4518589973449707 0.1432390064001083
0.0517559982836246 0.4572220146656036 0.1247920021414757
0.0513020008802414 0.5518990159034729 0.2992329895496369
0.0518019981682300 0.5500760078430176 0.2974089980125427
0.0527670010924339 0.5418829917907715 0.2899540066719055
0.0732000023126602 0.4971379935741425 0.2451380044221878
0.0784280002117157 0.4876930117607117 0.2305169999599457
0.0845709964632988 0.4780960083007812 0.1993409991264343
0.0920939967036247 0.4826160073280335 0.1671790033578873
0.1012189984321594 0.4967280030250549 0.1321640014648437
0.0399149991571903 0.6737629771232605 0.3217029869556427
0.0252219997346401 0.6791989803314209 0.3260140120983124
0.0135409999638795 0.6749690175056457 0.3274970054626465
0.0759510025382042 0.6150130033493042 0.3046059906482696
0.0759780034422874 0.5768929719924927 0.2865569889545441
0.0795409977436065 0.5571370124816895 0.2759639918804169
0.0698520019650459 0.5401669740676880 0.2745699882507324
0.0589740015566349 0.5274839997291565 0.2762109935283661
0.0499179996550083 0.5162119865417480 0.2769240140914917
0.0251410007476806 0.4972450137138367 0.2818509936332703
0.0140930004417896 0.4936130046844483 0.2830150127410889
0.0048079998232424 0.4944060146808624 0.2844760119915009
0.0196189992129802 0.4292640089988708 0.1744080036878586
0.0357390008866786 0.4361560046672821 0.1685750037431717
0.0523849986493587 0.4455829858779907 0.1641799956560135
0.0817120000720024 0.4721679985523224 0.1520420014858246
0.0958919972181320 0.4896200001239777 0.1460569947957993
0.1097629964351654 0.5079590082168579 0.1462240070104599
0.1307439953088760 0.5449150204658508 0.1515569984912872
0.1617790013551712 0.6324840188026428 0.1995169967412948
0.1802220046520233 0.7318249940872192 0.2403299957513809
0.1793980002403259 0.7588980197906495 0.2468149960041046
0.1778299957513809 0.7828239798545837 0.2507260143756867
0.1137140020728111 0.5153959989547729 0.1301970034837723
0.1382160037755966 0.5552330017089844 0.1316889971494675
0.1618649959564209 0.6105750203132630 0.1543249934911728
0.1709839999675751 0.6396710276603699 0.1712449938058853
0.1907240003347397 0.7416689991950989 0.2202250063419342
0.0872410014271736 0.5653290152549743 0.2745429873466492
0.0950250029563903 0.5636540055274963 0.2674629986286163
0.1049790009856224 0.5620560050010681 0.2560549974441528
0.1203700006008148 0.5589079856872559 0.2272509932518005
0.1338540017604828 0.5628359913825988 0.1886679977178574
0.1401309967041016 0.5657619833946228 0.1609030067920685
0.1511619985103607 0.5823119878768920 0.1379770040512085
0.1655209958553314 0.6075310111045837 0.1137730032205582
0.1717849969863892 0.6183609962463379 0.0823659971356391
0.0778020024299621 0.5658259987831116 0.2803069949150085
0.0696740001440048 0.5674300193786621 0.2842549979686737
0.0636529996991157 0.5709630250930786 0.2891570031642914
0.0614380016922950 0.5698549747467041 0.2893390059471130
0.0603689998388290 0.5684130191802979 0.2901119887828827
0.1969439983367920 0.7796210050582885 0.2171359956264496
0.1767940074205398 0.8328670263290405 0.2427459955215454
0.1966219991445541 0.8071630001068115 0.2187500000000000
0.1906130015850067 0.8251780271530152 0.2264399975538254
0.1794410049915314 0.8358939886093139 0.2393960058689117
0.1710589975118637 0.8488640189170838 0.2476940006017685
0.1716430038213730 0.8419780135154724 0.2466370016336441
0.1739639937877655 0.8494700193405152 0.2474360018968582
0.0256060007959604 1.0195959806442260 0.3124620020389557
0.0518510006368160 1.0667779445648190 0.2977940142154694
0.0573950000107288 1.1189190149307250 0.2730950117111206
0.0107850003987550 0.8293970227241516 0.3370409905910492
0.0383290015161037 0.8115770220756531 0.3167040050029755
0.0487719997763633 0.7984939813613892 0.3113180100917816
0.0981089994311332 0.7630140185356140 0.3033440113067627
0.1479790061712265 0.7284370064735412 0.2758199870586395
0.1659290045499802 0.7288439869880676 0.2591069936752319
0.2011940032243729 0.7556710243225098 0.1985680013895035
0.2086780071258545 0.7769780158996582 0.1815630048513412
0.1729619950056076 0.9444469809532165 0.2682070136070252
0.1819660067558289 0.6446020007133484 0.1057879999279976
0.2133570015430451 0.7546460032463073 0.1240530014038086
0.2145110070705414 0.7514380216598511 0.0909430012106895
0.1879809945821762 0.7660470008850098 0.2325849980115891
0.2123969942331314 0.7972999811172485 0.1706900000572204
0.2229740023612976 0.9527230262756348 0.1368689984083176
0.2189220041036606 0.7836989760398865 0.1177240014076233
0.2303829938173294 0.9732440114021302 0.1087779998779297
0.2042700052261353 0.8525710105895996 0.1978030055761337
0.1468690037727356 0.7769740223884582 0.2766740024089813
0.1395539939403534 0.7913439869880676 0.2799629867076874
0.1327169984579086 0.8160399794578552 0.2790299952030182
0.1302880048751831 0.8315910100936890 0.2818740010261536
0.0588149987161159 0.7359520196914673 0.3417370021343231
0.1713970005512237 0.8449710011482239 0.2452699989080429
0.1727599948644638 0.8443279862403869 0.2448029965162277
0.1804500073194504 0.8394759893417358 0.2376520037651062
0.1912530064582825 0.8304229974746705 0.2242709994316101
0.1999409943819046 0.8256450295448303 0.2090709954500198
0.2068260014057159 0.8180480003356933 0.1911360025405884
0.2139099985361099 0.8160570263862610 0.1650760024785996
0.2208500057458877 0.8156300187110900 0.1127199977636337
0.2232510000467300 0.8154960274696351 0.0856110006570816
0.2262530028820038 0.8156530261039734 0.0549709983170032
0.0698160007596015 0.7494339942932129 0.3146660029888153
0.0758519992232322 0.7778609991073609 0.3070999979972839
0.0775170028209686 0.7872369885444641 0.3030950129032135
0.0818319991230964 0.7951999902725220 0.2980520129203796
0.0562169998884201 0.6634160280227661 0.3168019950389862
0.0386920012533664 0.6544950008392334 0.3254249989986420
0.0354049988090992 0.6291890144348145 0.3331089913845062
0.0606420002877712 0.7256640195846557 0.3305540084838867
0.0618590004742145 0.7388859987258911 0.3294900059700012
0.0283959992229938 0.8378909826278687 0.3159990012645722
0.0280120000243186 0.8219929933547973 0.3238239884376526
0.0272000003606081 0.7927299737930298 0.3418540060520172
0.0342740006744861 0.7695059776306153 0.3466390073299408
0.0353359989821910 0.7595750093460083 0.3543350100517273
0.0347810015082359 0.7519209980964660 0.3629390001296997
0.0359960012137889 0.7427350282669068 0.3665840029716492
0.0372620001435279 0.7377740144729614 0.3672580122947693
-0.0004619999963324 0.9696850180625916 0.3209010064601898
0.0288929995149374 0.9714429974555969 0.3213480114936829
0.0541450008749961 0.9739840030670166 0.3210699856281281
0.0793420001864433 0.9775769710540772 0.3188689947128296
0.1070640012621880 0.9837459921836852 0.3100050091743469
0.1329260021448135 0.9853379726409912 0.2972880005836487
0.1538439989089966 0.9818210005760193 0.2815209925174713
0.1780949980020523 0.9706339836120605 0.2581079900264740
0.1984180063009262 0.9546470046043396 0.2286199927330017
0.2088239938020706 0.9387300014495850 0.2004940062761307
0.2126069962978363 0.9177569746971131 0.1768829971551895
0.2168249934911728 0.8696079850196838 0.1413190066814423
0.0614570006728172 0.7315199971199036 0.3284650146961212
0.0686080008745193 0.4690150022506714 0.1213399991393089
0.0687509998679161 0.4639070034027100 0.1399970054626465
0.0674370005726814 0.4580529928207398 0.1581130027770996
0.0657659992575645 0.4531410038471222 0.1805730015039444
0.0541400015354156 0.4430019855499268 0.2177599966526031
0.0493189990520477 0.4500750005245209 0.2413749992847443
0.0455829985439777 0.4640710055828095 0.2563990056514740
0.0408249981701374 0.4836710095405579 0.2681370079517364
0.0388719998300075 0.5066260099411011 0.2794679999351501
0.0341529995203018 0.5178580284118652 0.2924349904060364
0.0333819985389709 0.5243620276451111 0.3053840100765228
0.0358529984951019 0.5311840176582337 0.3112590014934540
0.0316840000450611 0.5443120002746582 0.3084470033645630
0.0356130003929138 0.6024910211563110 0.3269749879837036
0.0412550009787082 0.6139810085296631 0.3320339918136596
0.0534459985792636 0.7161480188369751 0.3253580033779144
0.0313129983842372 0.7275959849357605 0.3397049903869629
0.1885219961404800 0.6679940223693847 0.1262760013341904
0.1921900063753128 0.6718770265579223 0.1002949997782707
0.0923649966716766 0.4942269921302796 0.1035879999399185
0.0203510001301765 0.4456239938735962 0.1037869974970818
0.0361220017075538 0.4525839984416962 0.1054129973053932
-0.0000370000016118 0.4425750076770783 0.1000510007143021
0.0508950017392635 0.4608300030231476 0.1083080023527145
0.0705709978938102 0.4746490120887756 0.1083230003714561
0.0665450021624565 0.5130770206451416 0.2624140083789825
0.2202509939670563 0.9095900058746337 0.1363350003957748
0.2246669977903366 0.9216899871826172 0.1147029995918274
0.2310319989919662 0.9333059787750244 0.0865660011768341
0.1712460070848465 0.8532959818840027 0.2533990144729614
0.1760430037975311 0.8569239974021911 0.2456769943237305
0.1823610067367554 0.8596119880676270 0.2338410019874573
0.1908250004053116 0.8598459959030152 0.2239889949560165
0.2001650035381317 0.8688279986381531 0.2095450013875961
0.2089989930391312 0.8776699900627136 0.1841640025377274
0.2152680009603500 0.8973709940910340 0.1569419950246811
0.2180500030517578 0.8409420251846313 0.1341509968042374
0.2208530008792877 0.8449040055274963 0.1125100031495094
0.2245669960975647 0.8484920263290405 0.0882230028510093
0.2285639941692352 0.8512269854545594 0.0599119998514652
0.1733780056238174 0.8464199900627136 0.2447690069675445
0.1789759993553162 0.8437629938125610 0.2376710027456284
0.1897149980068207 0.8376139998435974 0.2256170064210892
0.1980919986963272 0.8363400101661682 0.2104520052671433
0.2065320014953613 0.8337169885635375 0.1894199997186661
0.2137950062751770 0.8348119854927063 0.1625789999961853
-0.0847169980406761 0.4784409999847412 0.1997009962797165
-0.0920960009098053 0.4826189875602722 0.1671810001134872
-0.1075749993324280 0.5059409737586975 0.1675029993057251
-0.0980499982833862 0.5012729763984680 0.2022179961204529
-0.0115599995478987 0.4185880124568940 0.2357719987630844
-0.0148660000413656 0.4236080050468445 0.1972189992666244
-0.0305759999901056 0.4287410080432892 0.1928270012140274
-0.0251749996095895 0.4211159944534301 0.2300270050764084
-0.0784460008144378 0.4877429902553558 0.2305379956960678
-0.0893300026655197 0.5057089924812317 0.2291979938745499
-0.1097659990191460 0.5079640150070191 0.1462270021438599
-0.1137159988284111 0.5153999924659729 0.1301999986171722
-0.1382170021533966 0.5552369952201843 0.1316920071840286
-0.1307570040225983 0.5449429750442505 0.1515679955482483
-0.0131090003997087 0.4329049885272980 0.2631269991397858
-0.0240090005099773 0.4350019991397858 0.2591510117053986
-0.0390589982271194 0.4290849864482879 0.2227450013160706
-0.0476949997246265 0.4383960068225860 0.1889639943838119
-0.0657719969749450 0.4531469941139221 0.1805739998817444
-0.0541240014135837 0.4429900050163269 0.2177810072898865
-0.0732019990682602 0.4971840083599091 0.2451709955930710
-0.0839549973607063 0.5138310194015503 0.2452140003442764
-0.1152350008487701 0.5403739809989929 0.2154899984598160
-0.1258649975061417 0.5422250032424927 0.1762820035219193
-0.1338540017604828 0.5628380179405212 0.1886720061302185
-0.1203700006008148 0.5589079856872559 0.2272509932518005
-0.1511610001325607 0.5823119878768920 0.1379799991846085
-0.1401309967041016 0.5657650232315064 0.1609079986810684
-0.0105999996885657 0.4561809897422790 0.2750999927520752
-0.0202929992228746 0.4564749896526337 0.2722649872303009
-0.0357370004057884 0.4396060109138489 0.2508620023727417
-0.0492299981415271 0.4500420093536377 0.2414849996566772
-0.0700000002980232 0.4600510001182556 0.2074169963598251
-0.0645390003919601 0.4691939949989319 0.2345329970121384
-0.1041200011968613 0.5426200032234192 0.2414229959249496
-0.1215770021080971 0.6470699906349183 0.2803649902343750
-0.0926510021090507 0.6285169720649719 0.2952220141887665
-0.0991809964179992 0.5762410163879395 0.2704240083694458
-0.1252990067005157 0.5838410258293152 0.2427890002727508
-0.1490530073642731 0.5733389854431153 0.1092469990253448
-0.1577710062265396 0.5899720191955566 0.0845699980854988
-0.1717849969863892 0.6183590292930604 0.0823760032653808
-0.1655209958553314 0.6075310111045837 0.1137719973921776
-0.0311769992113113 0.4567649960517884 0.2668490111827850
-0.0455869995057582 0.4640739858150482 0.2563950121402740
-0.1049790009856224 0.5620560050010681 0.2560549974441528
-0.0698510035872459 0.5401669740676880 0.2745699882507324
-0.0589740015566349 0.5274829864501953 0.2762109935283661
-0.0665479972958564 0.5130770206451416 0.2624129951000214
-0.0750589966773986 0.5272520184516907 0.2631570100784302
-0.0953930020332336 0.5477809906005859 0.2564840018749237
-0.0950250029563903 0.5636540055274963 0.2674629986286163
-0.0048130000941455 0.4944060146808624 0.2844749987125397
-0.0084699997678399 0.4744040071964264 0.2786909937858581
-0.0166660007089376 0.4755820035934448 0.2778559923171997
-0.0140930004417896 0.4936130046844483 0.2830150127410889
-0.0919980034232139 0.5771750211715698 0.2766300141811371
-0.1885219961404800 0.6679940223693847 0.1262760013341904
-0.2133660018444061 0.7546839714050292 0.1240589991211891
-0.2120379954576492 0.7612800002098084 0.1556300073862076
-0.1805160045623779 0.6535210013389587 0.1473460048437118
-0.0251480005681514 0.4972470104694367 0.2818500101566315
-0.0263250004500150 0.4789550006389618 0.2757340073585510
-0.0408289991319179 0.4836730062961578 0.2681350111961365
-0.0388760007917881 0.5066289901733398 0.2794679999351501
-0.0544719994068145 0.4975199997425079 0.2633509933948517
-0.0499200001358985 0.5162119865417480 0.2769230008125305
-0.0518019981682300 0.5500760078430176 0.2974100112915039
-0.0527679994702339 0.5418829917907715 0.2899540066719055
-0.0623399987816810 0.5503200292587280 0.2844859957695007
-0.0579800009727478 0.5589050054550171 0.2919400036334991
-0.0863260030746459 0.5534399747848511 0.2688109874725342
-0.0795409977436065 0.5571370124816895 0.2759639918804169
-0.0888150036334991 0.6231880187988282 0.2966830134391785
-0.1102939993143082 0.6795349717140197 0.2933929860591889
-0.0928549990057945 0.6601889729499817 0.2997789978981018
-0.0076600001193583 0.5104889869689941 0.3140619993209839
-0.0046089999377727 0.5068680047988892 0.3017129898071289
-0.0139610003679990 0.5072289705276489 0.2982999980449677
-0.0169440004974603 0.5129119753837585 0.3116160035133362
-0.0872410014271736 0.5653290152549743 0.2745429873466492
-0.0778020024299621 0.5658259987831116 0.2803069949150085
-0.0886749997735023 0.6489279866218566 0.3015690147876739
-0.0815970003604889 0.6947879791259766 0.3055959939956665
-0.0911659970879554 0.7161710262298584 0.3043879866600036
-0.0987809970974922 0.7879660129547119 0.2975949943065644
-0.0985030010342598 0.7749230265617371 0.3021599948406220
-0.1226880028843880 0.7601069808006286 0.2943519949913025
-0.1194539964199066 0.7781010270118714 0.2930459976196289
-0.0256660003215074 0.5172889828681946 0.3086700141429901
-0.0232599992305040 0.5102400183677674 0.2947149872779846
-0.0341540016233921 0.5178589820861816 0.2924349904060364
-0.0333830006420612 0.5243629813194275 0.3053829967975617
-0.0438879989087581 0.5295490026473999 0.2921600043773651
-0.0430350005626678 0.5355520248413086 0.3012480139732361
-0.0513020008802414 0.5518969893455505 0.2992329895496369
-0.0563869997859001 0.5605850219726563 0.2950929999351501
-0.0689919963479042 0.5620080232620239 0.2842890024185181
-0.0659810006618499 0.5649949908256531 0.2855980098247528
-0.0759790018200874 0.5768929719924927 0.2865569889545441
-0.0831750035285949 0.5788419842720032 0.2840969860553741
-0.0835729986429214 0.6205599904060364 0.2996160089969635
-0.0759499967098236 0.6150130033493042 0.3046070039272308
-0.0783820003271102 0.6809809803962707 0.3071469962596893
-0.0091709997504949 0.5201439857482910 0.3196539878845215
-0.0187589991837739 0.5196849703788757 0.3178629875183105
-0.0466319993138313 0.5579659938812256 0.2991499900817871
-0.0545510016381740 0.5630360245704651 0.2945420145988465
-0.0696720033884048 0.5674340128898621 0.2842560112476349
-0.0636370033025741 0.5709210038185119 0.2891480028629303
-0.0735189989209175 0.6307129859924316 0.3095729947090149
-0.0803570002317428 0.6405069828033448 0.3055500090122223
-0.0735260024666786 0.6596469879150391 0.3088330030441284
-0.0542960017919540 0.7720990180969238 0.3205749988555908
-0.0608960017561912 0.7898749709129334 0.3084219992160797
-0.0487740002572536 0.7985569834709167 0.3112890124320984
-0.0435959994792938 0.7801399827003479 0.3248139917850494
-0.1156169995665550 0.7883700132369996 0.2926630079746246
-0.0999130010604858 0.7941229939460754 0.2951540052890778
-0.1879779994487763 0.7660470008850098 0.2325910031795502
-0.1859329938888550 0.7896350026130676 0.2398290038108826
-0.1778260022401810 0.7828220129013061 0.2507300078868866
-0.1794019937515259 0.7589439749717713 0.2468190044164658
-0.0078389998525381 0.5300980210304260 0.3129650056362152
-0.0154489995911717 0.5334799885749817 0.3133479952812195
-0.0245130006223917 0.5266389846801758 0.3179050087928772
-0.0358529984951019 0.5311849713325501 0.3112590014934540
-0.0427450016140937 0.5394179821014404 0.3063369989395142
-0.0619649998843669 0.5694140195846557 0.2901690006256104
-0.0688010007143020 0.5748100280761719 0.2874360084533692
-0.0707930028438568 0.6070190072059631 0.3062709867954254
-0.0640719980001449 0.5930609703063965 0.3064630031585693
-0.0637679994106292 0.5733489990234375 0.2907130122184753
-0.0629279986023902 0.7986890077590943 0.3029240071773529
-0.0680349990725517 0.8043310046195983 0.2970249950885773
-0.0575039982795715 0.8142279982566834 0.2974820137023926
-0.0508279986679554 0.8106229901313782 0.3034070134162903
-0.1169510036706924 0.8136309981346130 0.2831349968910217
-0.1042800024151802 0.8140509724617005 0.2841460108757019
-0.1395410001277924 0.7913740277290344 0.2799690067768097
-0.1327220052480698 0.8160820007324219 0.2790369987487793
-0.1783560067415237 0.8027949929237366 0.2469329982995987
-0.1706950068473816 0.7963700294494629 0.2560650110244751
-0.0228489991277456 0.5378890037536621 0.3128719925880432
-0.0316840000450611 0.5443120002746582 0.3084459900856018
-0.0400130003690719 0.5517640113830566 0.3042010068893432
-0.0587039999663829 0.5671839714050293 0.2912549972534180
-0.0614399984478950 0.5698530077934265 0.2893429994583130
-0.0664319992065429 0.6191539764404297 0.3135640025138855
-0.0607310011982917 0.6051809787750244 0.3152140080928803
-0.0736949965357780 0.8058570027351379 0.2930609881877899
-0.0818260014057159 0.7951999902725220 0.2980529963970184
-0.0864320024847984 0.7991099953651428 0.2949590086936950
-0.0603669993579387 0.5683839917182922 0.2900780141353607
-0.0618739984929561 0.5713580250740051 0.2910139858722687
-0.0622759982943534 0.5851759910583496 0.3042010068893432
-0.0280050002038478 0.8219910264015197 0.3238340020179748
-0.0271969996392726 0.7927299737930298 0.3418599963188172
-0.0355169996619224 0.7860109806060791 0.3329690098762512
-0.0383279994130134 0.8115839958190918 0.3167020082473755
-0.0920839980244636 0.8144189715385437 0.2846130132675171
-0.0805710032582283 0.8196390271186829 0.2840670049190521
-0.2061509937047958 0.8054310083389283 0.1959840059280396
-0.1992439925670624 0.8167899847030639 0.2120559960603714
-0.1966190040111542 0.8071650266647338 0.2187560051679611
-0.2039529979228973 0.7936519980430604 0.2050160020589828
-0.0606230013072490 0.5716080069541931 0.2910389900207519
-0.0551589988172054 0.5773490071296692 0.3001070022583008
-0.0592780001461505 0.5964300036430359 0.3139739930629730
-0.0201730001717805 0.8441299796104431 0.3220860064029693
-0.0118230003863573 0.8470780253410340 0.3269580006599427
-0.0107770003378391 0.8293970227241516 0.3370450139045715
-0.0197410006076097 0.8254969716072082 0.3319280147552490
-0.1029499992728233 0.8636530041694641 0.2740930020809173
-0.1037589982151985 0.8308619856834412 0.2844139933586121
-0.1150289997458458 0.8310030102729797 0.2841899991035461
-0.1127799972891808 0.8666480183601380 0.2746689915657044
-0.1302880048751831 0.8315910100936890 0.2818740010261536
-0.1258019953966141 0.8669700026512146 0.2753520011901855
-0.1906130015850067 0.8251799941062927 0.2264399975538254
-0.1884730011224747 0.8183190226554871 0.2317059934139252
-0.1945679932832718 0.8488429784774780 0.2159650027751923
-0.1980880051851273 0.8363400101661682 0.2104589939117432
-0.2065300047397613 0.8337169885635375 0.1894299983978271
-0.2042700052261353 0.8526120185852051 0.1978130042552948
-0.0493929982185363 0.5859379768371581 0.3081499934196472
-0.0622369982302188 0.7412570118904114 0.3189800083637238
-0.0572069995105266 0.7555959820747375 0.3247430026531219
-0.0567190013825893 0.7524170279502868 0.3331870138645172
-0.0612209998071193 0.7428669929504394 0.3225750029087067
-0.0588149987161159 0.7359520196914673 0.3417370021343231
-0.0558120012283325 0.7471119761466980 0.3404600024223327
-0.0446170009672641 0.7513710260391236 0.3507510125637055
-0.0491060018539428 0.7395420074462890 0.3542970120906830
-0.1488630026578903 0.8625720143318176 0.2671020030975342
-0.1535219997167587 0.8347020149230957 0.2696799933910370
-0.1596489995718002 0.8365250229835510 0.2631379961967468
-0.1557900011539459 0.8589479923248291 0.2613399922847748
-0.1794410049915314 0.8358939886093139 0.2393960058689117
-0.1767929941415787 0.8328670263290405 0.2427469938993454
-0.1877329945564270 0.8738650083541870 0.2313559949398041
-0.1908220052719116 0.8598459959030152 0.2239950001239777
-0.2001589983701706 0.8688279986381531 0.2095550000667572
-0.1955669969320297 0.8839650154113769 0.2222950011491775
-0.0501199997961521 0.6434040069580078 0.3228009939193725
-0.0386920012533664 0.6544950008392334 0.3254249989986420
-0.0354049988090992 0.6291890144348145 0.3331089913845062
-0.0422799997031688 0.6252670288085938 0.3293080031871796
-0.0610859990119934 0.7314010262489318 0.3193239867687226
-0.0625799968838691 0.7180020213127136 0.3154299855232239
-0.0269680004566907 0.7640060186386108 0.3640280067920685
-0.0198069997131824 0.7674450278282166 0.3723680078983307
-0.0197439994663000 0.7558119893074035 0.3832710087299347
-0.0287430007010698 0.7542669773101806 0.3722989857196808
-0.0107800001278519 0.7997589707374573 0.3575510084629059
-0.0195220001041889 0.7968099713325500 0.3504790067672730
-0.0294179990887641 0.8585090041160584 0.3105089962482452
-0.0406300015747547 0.8335490226745605 0.3017590045928955
-0.0412769988179206 0.8619520068168640 0.2971769869327545
-0.0379460006952285 0.8882769942283630 0.3163619935512543
-0.0923049971461296 0.8319510221481324 0.2831979990005493
-0.0917190015316009 0.8596730232238770 0.2768839895725250
-0.0831909999251365 0.8544650077819825 0.2765919864177704
-0.0821629986166954 0.8352050185203552 0.2805930078029633
-0.1786250025033951 0.8692229986190796 0.2406339943408966
-0.1823559999465942 0.8596119880676270 0.2338470071554184
-0.1918829977512360 0.8975870013237000 0.2360029965639114
-0.1822769939899444 0.8842930197715759 0.2445829957723618
-0.0586250014603137 0.7192100286483764 0.3221650123596191
-0.0534459985792636 0.7161499857902527 0.3253580033779144
-0.0468720011413097 0.7087939977645874 0.3225550055503845
-0.0586710013449192 0.6953489780426025 0.3129320144653320
-0.0549210011959075 0.7186070084571839 0.3326880037784577
-0.0548090003430843 0.7195969820022583 0.3384070098400116
-0.0461889989674091 0.7231460213661194 0.3520149886608124
-0.0195300001651048 0.7415639758110047 0.3900589942932129
-0.0299210008233785 0.7431790232658386 0.3764579892158508
-0.0258089993149042 0.8953859806060791 0.3208830058574676
-0.0204920005053281 0.8631730079650879 0.3171220123767853
-0.1738950014114380 0.8781599998474121 0.2502300143241882
-0.0157389994710683 0.6570820212364197 0.3291479945182800
-0.0279770009219646 0.6602519750595092 0.3276070058345795
-0.0252209994941949 0.6791989803314209 0.3260140120983124
-0.0135430004447698 0.6749709844589234 0.3274970054626465
-0.0186850000172853 0.7308710217475891 0.3911670148372650
-0.0292080007493495 0.7341520190238953 0.3808239996433258
-0.0109270000830292 0.7693600058555603 0.3799000084400177
-0.0102350004017353 0.7552589774131775 0.3904420137405395
-0.0675560012459754 0.9206939935684204 0.3237740099430084
-0.0535839982330799 0.9358389973640442 0.3250769972801208
-0.1651629954576492 0.8684599995613098 0.2585400044918060
-0.1712010055780411 0.8631529808044434 0.2515000104904175
-0.1753820031881332 0.8962550163269043 0.2579289972782135
-0.1671130061149597 0.8873440027236938 0.2605600059032440
-0.0261339992284774 0.6249520182609558 0.3403019905090332
-0.0190350003540515 0.6136190295219421 0.3356890082359314
-0.0263739991933107 0.6090509891510010 0.3324809968471527
-0.0335900001227855 0.6187949776649475 0.3371360003948212
-0.0192070007324218 0.6379929780960083 0.3372980058193207
-0.0285439994186162 0.6348149776458740 0.3351199924945831
-0.0258779991418123 0.7221220135688782 0.3795270025730133
-0.0200430005788803 0.7108349800109864 0.3703989982604980
-0.0107829999178648 0.7390059828758240 0.3968499898910522
-0.0173289999365806 0.8965929746627808 0.3218120038509369
-0.0143799996003508 0.8670790195465088 0.3199140131473541
-0.0651770010590553 0.8907219767570496 0.3077149987220764
-0.1593679934740067 0.8736000061035156 0.2642799913883209
-0.0101349996402859 0.7287939786911011 0.3950450122356415
-0.0319750010967254 0.9321370124816895 0.3243240118026733
-0.0801059976220130 0.8983119726181030 0.3085809946060180
-0.0842079967260360 0.9248179793357850 0.3221819996833801
-0.0667330026626586 0.8759989738464356 0.2911520004272461
-0.0797090008854866 0.8857190012931823 0.2956120073795318
-0.1809059977531433 0.9126279950141907 0.2566320002079010
-0.0143740000203251 0.6264669895172119 0.3423669934272766
-0.0155699998140335 0.6995930075645446 0.3422780036926269
-0.0180879998952150 0.7044529914855956 0.3447229862213135
-0.0177200008183717 0.7073940038681030 0.3576349914073944
-0.0136770000681281 0.7021049857139588 0.3592639863491059
-0.0164330005645752 0.7085090279579163 0.3724600076675415
-0.0192310009151697 0.7183060050010682 0.3848890066146851
-0.0096880001947283 0.7139629721641541 0.3877629935741425
-0.0078980000689625 0.7040479779243469 0.3745790123939514
-0.0758149996399879 0.9432280063629151 0.3246760070323944
-0.1055570021271706 0.9248179793357850 0.3168120086193085
-0.0973339974880218 0.9074460268020630 0.3086099922657013
-0.0761229991912841 0.8679119944572449 0.2793590128421783
-0.0855609998106956 0.8747519850730895 0.2815690040588379
-0.0628219991922378 0.8393399715423584 0.2681410014629364
-0.0621699988842010 0.8370019793510437 0.2717230021953583
-0.0698499977588653 0.8353059887886048 0.2740449905395508
-0.0692330002784729 0.8452450037002564 0.2713080048561096
-0.1650730073451996 0.9098680019378662 0.2758370041847229
-0.1693740040063858 0.9250159859657288 0.2744620144367218
-0.1538970023393631 0.9353370070457458 0.2899509966373444
-0.1466549932956696 0.9131550192832947 0.2904529869556427
-0.0099189998582005 0.6880660057067871 0.3334749937057495
-0.0076390001922845 0.6939449906349183 0.3419620096683502
-0.0091840000823140 0.6174700260162354 0.3376879990100861
-0.0217080004513263 0.6951770186424256 0.3310689926147461
-0.0246200002729892 0.7060490250587464 0.3346909880638122
-0.0362810008227825 0.7049769759178162 0.3263059854507446
-0.0063049998134374 0.6979349851608276 0.3595130145549774
-0.1001690030097961 0.9496799707412719 0.3208920061588287
-0.0965489968657493 0.8947070240974427 0.2993159890174866
-0.0473779998719692 0.8452609777450561 0.2867569923400879
-0.0543820001184940 0.8448119759559631 0.2768020033836365
-0.1623799949884415 0.8610360026359558 0.2660590112209320
-0.1559489965438843 0.8635200262069702 0.2711830139160156
-0.1574449986219406 0.8986170291900635 0.2752799987792969
-0.1481309980154037 0.8790839910507203 0.2741340100765228
-0.1286659985780716 0.9321060180664063 0.3051170110702515
-0.1197109967470169 0.9111899733543396 0.3057129979133606
-0.1139020025730133 0.9005110263824463 0.2993550002574921
-0.0997100025415420 0.8787479996681213 0.2836529910564423
-0.0822969973087310 0.8562560081481934 0.2809180021286011
-0.0900179967284202 0.8637580275535584 0.2846300005912781
-0.1367280036211014 0.9019280076026917 0.2909249961376190
-0.1298770010471344 0.8822479844093322 0.2796399891376495
-0.1142869964241982 0.8804000020027160 0.2843509912490845
-0.1010349988937378 0.8671470284461975 0.2868599891662598
-0.1392219960689545 0.8663370013237000 0.2727159857749939
-0.1429989933967590 0.8673340082168579 0.2795340120792389
-0.2001720070838928 1.0547080039978030 0.1939940005540848
-0.1743399947881699 1.0761029720306400 0.2267320007085800
-0.1660310029983521 1.0468269586563110 0.2502810060977936
-0.1939699947834015 1.0294079780578610 0.2185710072517395
-0.1151449978351593 0.8691790103912353 0.2874630093574524
-0.1282290071249008 0.8695870041847229 0.2842380106449127
-0.1431089937686920 1.0938450098037720 0.2493460029363632
-0.1341670006513596 1.0566539764404300 0.2746770083904266
-0.1150470003485680 1.1055339574813840 0.2629610002040863
-0.0781570002436637 1.0644910335540770 0.2937330007553101
-0.1075540035963058 1.0618150234222410 0.2876709997653961
-0.0851939991116523 1.1121790409088130 0.2689520120620728
-0.0573720000684261 1.1189190149307250 0.2730970084667206
-0.0285759996622800 1.1215590238571170 0.2748959958553314
-0.0254749990999698 1.0709209442138670 0.2980470061302185
-0.0518309995532035 1.0667799711227420 0.2977940142154694
-0.0511739999055862 1.0208209753036500 0.3109090030193329
-0.0541290007531642 0.9739819765090943 0.3210699856281281
-0.0793270021677017 0.9775729775428772 0.3188709914684296
-0.0760089978575706 1.0190260410308840 0.3085649907588959
-0.1070509999990463 0.9837440252304077 0.3100109994411469
-0.1027060002088547 1.0201909542083740 0.3022190034389496
-0.1281899958848953 1.0206999778747560 0.2898789942264557
-0.1329119950532913 0.9853379726409912 0.2972980141639709
-0.1538320034742355 0.9818210005760193 0.2815299928188324
-0.1564819961786270 1.0126509666442870 0.2705149948596954
-0.1780879944562912 0.9706360101699828 0.2581180036067963
-0.1855780035257340 0.9968199729919433 0.2402710020542145
-0.2041079998016357 0.9807950258255005 0.2104299962520599
-0.1984120011329651 0.9546470046043396 0.2286310046911240
-0.2088209986686707 0.9387320280075073 0.2005070000886917
-0.2131550014019012 0.9590659737586975 0.1838870048522949
-0.0616590008139610 0.4825769960880280 0.2486400008201599
-0.0603079982101917 0.7248690128326417 0.3386839926242828
-0.0512610003352165 0.7326220273971557 0.3549759984016419
-0.0606429986655712 0.7256640195846557 0.3305540084838867
-0.0402639992535114 0.8255019783973693 0.3074350059032440
-0.0353239998221397 0.7595980167388916 0.3543309867382049
-0.0347790010273456 0.7519230246543885 0.3629400134086609
-0.0453619994223117 0.7572919726371766 0.3442899882793427
-0.0359969995915889 0.7427350282669068 0.3665829896926880
-0.0372640006244182 0.7377740144729614 0.3672559857368469
-0.0370399989187717 0.7293469905853271 0.3673849999904632
-0.1479790061712265 0.7284370064735412 0.2758199870586395
-0.1234830021858215 0.7413349747657775 0.2933639883995056
-0.1465329974889755 0.7578139901161194 0.2786960005760193
-0.1468639969825745 0.7769719958305359 0.2766770124435425
-0.1450739949941635 0.8333550095558167 0.2760579884052276
-0.1595879942178726 0.8178439736366272 0.2616609930992126
-0.1500709950923920 0.8154029846191406 0.2690399885177612
-0.1610459983348846 0.7935580015182495 0.2645800113677979
-0.1513070017099380 0.5976849794387817 0.1799930036067963
-0.1428560018539429 0.5915970206260681 0.2061830013990402
-0.1618649959564209 0.6105750203132630 0.1543249934911728
-0.1709839999675751 0.6396710276603699 0.1712449938058853
-0.1617790013551712 0.6324859857559204 0.1995179951190948
-0.2086820006370544 0.7770199775695800 0.1815679967403412
-0.2011920064687729 0.7556719779968261 0.1985760033130646
-0.1512580066919327 0.6272540092468261 0.2263599932193756
-0.0959110036492347 0.4896410107612610 0.1460690051317215
-0.1659290045499802 0.7288439869880676 0.2591069936752319
-0.1907240003347397 0.7416689991950989 0.2202250063419342
-0.1802220046520233 0.7318249940872192 0.2403289973735809
-0.0981040000915527 0.7630159854888916 0.3033449947834015
-0.0437819994986057 0.7644500136375428 0.3382759988307953
-0.0342810004949569 0.7695119976997376 0.3466239869594574
-0.0106229996308684 0.7796859741210938 0.3701789975166321
-0.0187890008091926 0.7772579789161682 0.3627330064773560
-0.1665949970483780 0.8218169808387757 0.2547029852867126
-0.1846300065517426 0.8119490146636963 0.2381650060415268
-0.1720969974994660 0.8290960192680358 0.2486490011215210
-0.1920879930257797 0.7991920113563538 0.2278330028057098
-0.1667679995298386 0.7583119869232178 0.2600030004978180
-0.2089959979057312 0.8776699900627136 0.1841749995946884
-0.2057179957628250 0.8975279927253723 0.2024579942226410
-0.2018380016088486 0.9147149920463562 0.2220389991998673
-0.1881150007247925 0.9297559857368470 0.2473379969596863
-0.1729490011930466 0.9444850087165833 0.2682160139083862
-0.1536979973316193 0.9529079794883729 0.2877039909362793
-0.1287399977445602 0.9530509710311890 0.3064669966697693
-0.0255890004336834 1.0195959806442260 0.3124629855155945
-0.0288779996335506 0.9714429974555969 0.3213480114936829
-0.0677210018038749 0.6459599733352662 0.3129599988460541
-0.0588690005242824 0.6324539780616760 0.3189690113067627
-0.0262240003794431 0.7739470005035401 0.3549470007419586
-0.0497069992125034 0.6083719730377197 0.3249770104885101
-0.0518359988927841 0.6156219840049743 0.3231869935989380
-0.0412550009787082 0.6139810085296631 0.3320339918136596
-0.0435429997742176 0.5961859822273254 0.3212200105190277
-0.0356130003929138 0.6024910211563110 0.3269749879837036
-0.0486790016293525 0.8323519825935364 0.2905659973621368
-0.0588320009410381 0.8184779882431030 0.2924459874629974
-0.0667330026626586 0.8305699825286865 0.2783539891242981
-0.0573970004916191 0.8359220027923584 0.2762669920921326
-0.0283920001238584 0.8378930091857910 0.3160029947757721
-0.0775069966912269 0.7872390151023864 0.3030970096588135
-0.0759050026535987 0.7778609991073609 0.3070859909057617
-0.0607599988579750 0.8414379954338074 0.2704010009765625
-0.2145110070705414 0.7514399886131287 0.0909539982676506
-0.2210990041494370 0.7821310162544251 0.0870940014719963
-0.2189240008592605 0.7837389707565308 0.1177299991250038
-0.0698110014200210 0.7494680285453796 0.3146640062332154
-0.0406869985163211 0.6890749931335450 0.3193230032920837
-0.0196289997547864 0.7136399745941162 0.3550780117511749
-0.0313129983842372 0.7275940179824829 0.3397049903869629
-0.1716430038213730 0.8419780135154724 0.2466370016336441
-0.1686230003833771 0.8407880067825317 0.2521750032901764
-0.1670829951763153 0.8564490079879761 0.2592589855194092
-0.1641509979963303 0.8392300009727478 0.2577230036258698
-0.1619289964437485 0.8559470176696777 0.2580739855766296
-0.2146530002355576 1.0308589935302730 0.1667920053005219
-0.2100110054016113 1.0060880184173580 0.1917099952697754
-0.1712460070848465 0.8532959818840027 0.2533990144729614
-0.1760430037975311 0.8569239974021911 0.2456769943237305
-0.1681389957666397 0.8524990081787109 0.2528829872608185
-0.0196310002356767 0.4292680025100708 0.1744090020656586
-0.0214779991656541 0.4389770030975342 0.1425890028476715
-0.0357500016689300 0.4361580014228821 0.1685760021209717
-0.0523930005729198 0.4455870091915131 0.1641809940338135
-0.0674429982900619 0.4580579996109009 0.1581140011548996
-0.0529559999704361 0.4518580138683319 0.1432490050792694
-0.0687590017914772 0.4639129936695099 0.1400000005960464
-0.0562169998884201 0.6634160280227661 0.3168019950389862
-0.0360150001943111 0.4447329938411713 0.1397140026092529
-0.1656890064477921 0.7792760133743286 0.2623730003833771
-0.1189379990100861 0.5229430198669434 0.1110230013728142
-0.1722719967365265 0.6279960274696351 0.1342950016260147
-0.1969480067491532 0.7796630263328552 0.2171420007944107
-0.1897139996290207 0.8376139998435974 0.2256180047988892
-0.1862030029296875 0.8482019901275635 0.2286659926176071
-0.1789759993553162 0.8437629938125610 0.2376710027456284
-0.1781720072031021 0.8504089713096618 0.2409269958734512
-0.1733780056238174 0.8464199900627136 0.2447690069675445
-0.1739639937877655 0.8494700193405152 0.2474360018968582
-0.1710589975118637 0.8488640189170838 0.2476940006017685
-0.1819799989461899 0.6446290016174317 0.1057630032300949
-0.2123910039663315 0.7972970008850098 0.1707150042057037
-0.1804500073194504 0.8394759893417358 0.2376520037651062
-0.1727599948644638 0.8443279862403869 0.2448029965162277
-0.1912530064582825 0.8304229974746705 0.2242709994316101
-0.1999370008707046 0.8256450295448303 0.2090770006179810
-0.2068240046501160 0.8180469870567322 0.1911440044641495
-0.0399149991571903 0.6737629771232605 0.3217029869556427
-0.0618590004742145 0.7388859987258911 0.3294920027256012
-0.0614570006728172 0.7315199971199036 0.3284650146961212
-0.2160619944334030 0.7888129949569702 0.1452659964561462
-0.1921900063753128 0.6718789935112000 0.1002959981560707
-0.1838510036468506 0.6484529972076416 0.0745240002870559
-0.2178830057382584 0.9803299903869629 0.1635999977588653
-0.2239190042018890 1.0040839910507200 0.1391939967870712
-0.2222640067338943 0.7813010215759277 0.0541249997913837
-0.2167450040578842 0.7496910095214844 0.0551690012216568
-0.1950819939374924 0.6806790232658386 0.0666840001940727
-0.1286800056695938 0.5392810106277466 0.0913000032305717
-0.0203339997678995 0.4430989921092987 0.1193400025367737
-0.0366589985787868 0.4495339989662170 0.1221090033650398
-0.0517719984054565 0.4572309851646423 0.1248010024428368
-0.0686179995536804 0.4690220057964325 0.1213409975171089
-0.0509029999375343 0.4608350098133087 0.1083040013909340
-0.0705799981951713 0.4746569991111756 0.1083220019936562
-0.0361290015280246 0.4525879919528961 0.1054110005497932
-0.0203660000115633 0.4456270039081574 0.1037919968366623
-0.0891520008444786 0.4870139956474304 0.1201300024986267
-0.0857649967074394 0.4785299897193908 0.1360079944133759
-0.1126829981803894 0.5171779990196228 0.1005280017852783
-0.0923660025000572 0.4942269921302796 0.1035920009016991
-0.0802560001611709 0.4683220088481903 0.1725309938192368
-0.0817269980907440 0.4721859991550445 0.1520520001649857
-0.1012229993939400 0.4967339932918548 0.1321689933538437
-0.1073760017752647 0.5063539743423462 0.1159410029649734
-0.2126069962978363 0.9177950024604797 0.1768939942121506
-0.2115579992532730 0.8580890297889710 0.1704979985952377
-0.2174070030450821 0.9351429939270020 0.1584910005331039
-0.2152660042047500 0.8973709940910340 0.1569550037384033
-0.2168229967355728 0.8696060180664063 0.1413300037384033
-0.2207189947366715 0.8780120015144348 0.1208000034093857
-0.2202479988336563 0.9095879793167114 0.1363469958305359
-0.2229710072278976 0.9527209997177124 0.1368809938430786
-0.2246659994125366 0.9216899871826172 0.1147129982709885
-0.2246289998292923 0.8855900168418884 0.0984420031309127
-0.2303840070962906 0.9732800126075744 0.1087879985570908
-0.2310349941253662 0.9333419799804687 0.0865769982337951
-0.2307160049676895 0.8917120099067688 0.0688560009002685
-0.2232529968023300 0.8155329823493957 0.0856179967522621
-0.2208490073680878 0.8156300187110900 0.1127310022711754
-0.2179549932479858 0.8153480291366577 0.1378519982099533
-0.2262520045042038 0.8156530261039734 0.0549830012023449
-0.2285650074481964 0.8512629866600037 0.0599239990115165
-0.2245659977197647 0.8484899997711182 0.0882339999079704
-0.2137939929962158 0.8348100185394287 0.1625889986753464
-0.2139070034027100 0.8160820007324219 0.1650860011577606
-0.2180490046739578 0.8409789800643921 0.1341609954833984
-0.2208520025014877 0.8449040055274963 0.1125210002064705
-0.1717890053987503 0.8463940024375916 0.2451180070638657
-0.0005920000257901 0.6193349957466126 0.3377799987792969
0.1811619997024536 0.6471120119094848 0.1233140006661415
-0.1811619997024536 0.6471120119094848 0.1233140006661415
0.0696239992976188 0.8508260250091553 0.2736850082874298
0.0582149997353553 0.8605859875679016 0.2810559868812561
0.0546369999647140 0.8633249998092652 0.2870810031890869
0.0520949997007846 0.8753700256347656 0.3001259863376618
0.0558030009269714 0.9153190255165100 0.3241820037364960
0.0410460010170936 0.9167789816856384 0.3245280086994171
0.0247000008821487 0.9148160219192504 0.3236140012741089
0.0000000000000000 0.9108350276947022 0.3229460120201111
-0.0246890000998973 0.9148499965667725 0.3236210048198700
-0.0410309992730617 0.9168149828910828 0.3245359957218170
-0.0557899996638298 0.9153019785881042 0.3241730034351349
-0.0521689988672733 0.8753679990768433 0.3000749945640564
-0.0546369999647140 0.8633249998092652 0.2870810031890869
-0.0582089982926845 0.8605840206146240 0.2810609936714172
-0.0696320012211799 0.8508170247077942 0.2736949920654297
-0.1130860000848770 0.8326780200004577 0.2803860008716583
-0.1021300032734871 0.8332520127296448 0.2779409885406494
-0.1282369941473007 0.8325179815292358 0.2784619927406311
-0.1582529991865158 0.8374400138854980 0.2634310126304627
-0.1523229926824570 0.8355960249900818 0.2682650089263916
-0.0822900012135505 0.8357120156288147 0.2794969975948334
-0.0917290002107620 0.8348389863967895 0.2801989912986756
-0.0691440030932426 0.8363670110702515 0.2719309926033020
-0.0639029964804649 0.8376179933547973 0.2699649930000305
-0.1438859999179840 0.8339269757270813 0.2732360064983368
-0.1627250015735626 0.8397520184516906 0.2575449943542480
-0.1673360019922256 0.8422089815139771 0.2515330016613007
-0.1702930033206940 0.8444479703903199 0.2464929968118668
0.1021310016512871 0.8332520127296448 0.2779400050640106
0.1130860000848770 0.8326780200004577 0.2803829908370972
0.1282359957695007 0.8325179815292358 0.2784619927406311
0.1523389965295792 0.8355900049209595 0.2682780027389526
0.1582529991865158 0.8374400138854980 0.2634310126304627
0.0917439982295036 0.8348309993743896 0.2802459895610809
0.0822890028357505 0.8357120156288147 0.2794960141181946
0.0639029964804649 0.8376179933547973 0.2699649930000305
0.0691440030932426 0.8363670110702515 0.2719309926033020
0.1438840031623840 0.8339250087738036 0.2732410132884979
0.1627240031957626 0.8397520184516906 0.2575449943542480
0.1673360019922256 0.8422089815139771 0.2515319883823395
0.1702899932861328 0.8444479703903199 0.2464929968118668
0.1717890053987503 0.8463940024375916 0.2451169937849045
-0.1713970005512237 0.8449710011482239 0.2452699989080429
0.0537309981882572 0.7182660102844238 0.3337759971618652
-0.0537329986691474 0.7182670235633850 0.3337759971618652
0.0595460012555122 0.5679339766502380 0.2905719876289368
0.0587039999663829 0.5673270225524902 0.2913610041141510
0.0553039982914924 0.5787280201911926 0.2977730035781860
0.0486579984426498 0.5704979896545410 0.2969340085983276
0.0498999990522861 0.5868610143661499 0.3052569925785065
0.0400270000100135 0.5694919824600220 0.3004949986934662
0.0166779998689889 0.6086959838867187 0.3271600008010864
0.0098449997603893 0.5553069710731507 0.3107880055904388
0.0159600004553794 0.5600849986076355 0.3090929985046387
0.0249719992280006 0.6058040261268616 0.3237270116806030
0.0075039998628199 0.6104159951210022 0.3291279971599579
0.0049700001254677 0.5522819757461548 0.3115560114383697
-0.0001329999940935 0.6118980050086975 0.3292309939861298
-0.0026849999558180 0.5512920022010803 0.3107840120792389
0.0312220007181167 0.5676100254058838 0.3043720126152038
0.0404930002987384 0.5968880057334900 0.3126370012760163
0.0329580008983612 0.6011260151863098 0.3201430141925812
0.0225990004837513 0.5668429732322693 0.3086700141429901
0.0599850006401538 0.5680940151214600 0.2904820144176483
-0.0587200000882148 0.5672169923782349 0.2912510037422180
-0.0518940016627311 0.5736309885978699 0.2962619960308075
-0.0553039982914924 0.5787280201911926 0.2977739870548248
-0.0595480017364025 0.5679230093955994 0.2905580103397370
-0.0445210002362728 0.5726469755172730 0.2993490099906922
-0.0498999990522861 0.5868610143661499 0.3052569925785065
-0.0166779998689889 0.6086959838867187 0.3271600008010864
-0.0249729994684457 0.6058040261268616 0.3237270116806030
-0.0193240009248256 0.5668259859085083 0.3100509941577912
-0.0128990001976490 0.5591549873352051 0.3099580109119415
-0.0079300003126263 0.5550040006637573 0.3107329905033112
-0.0075039998628199 0.6104159951210022 0.3291279971599579
-0.0364300012588501 0.5708619952201843 0.3033699989318847
-0.0275030005723238 0.5702689886093140 0.3078669905662536
-0.0329569987952709 0.6011260151863098 0.3201420009136200
-0.0404930002987384 0.5968890190124512 0.3126370012760163
-0.0599800013005733 0.5680310130119324 0.2904079854488373
-0.1120010018348694 0.6368830204010010 0.2842310070991516
-0.1022209972143173 0.6686130166053772 0.2961609959602356
-0.0862940028309822 0.7056769728660584 0.3045229911804199
-0.0666380003094673 0.7429220080375671 0.3168910145759583
-0.0545689985156059 0.7651960253715515 0.3246220052242279
-0.0439010001718998 0.7747780084609985 0.3291209936141968
-0.0343939997255802 0.7804179787635803 0.3387590050697327
-0.0270290002226829 0.7844849824905395 0.3478310108184815
-0.0193390008062124 0.7882900238037110 0.3557240068912506
-0.0112279998138546 0.7913479804992676 0.3626140058040619
0.0018980000168085 0.7922130227088928 0.3665469884872436
0.0112239997833967 0.7913669943809509 0.3626019954681396
0.0193380005657672 0.7883089780807496 0.3557159900665283
0.0270399991422891 0.7844910025596618 0.3478100001811981
0.0343899987637996 0.7804340124130249 0.3387539982795715
0.0439149998128414 0.7747709751129151 0.3291029930114746
0.0545610003173351 0.7652029991149902 0.3246279954910278
0.0666380003094673 0.7429220080375671 0.3168910145759583
0.0862940028309822 0.7056769728660584 0.3045229911804199
0.1022209972143173 0.6686130166053772 0.2961609959602356
0.1119989976286888 0.6368830204010010 0.2842319905757904
0.1137249991297722 0.5795120000839233 0.2575210034847260
0.1149939969182014 0.5610349774360657 0.2405080050230026
0.1102610006928444 0.5410529971122742 0.2278009951114654
0.0939999967813491 0.5015699863433838 0.2149720042943955
0.0798380002379417 0.4780350029468536 0.2147430032491684
0.0666659995913505 0.4601030051708221 0.2212190032005310
0.0506590008735656 0.4432309865951538 0.2303210049867630
0.0357250012457370 0.4316070079803467 0.2384739965200424
0.0227359998971223 0.4244759976863861 0.2468300014734268
0.0108780004084110 0.4231959879398346 0.2512350082397461
0.0000000000000000 0.4223479926586151 0.2559509873390198
-0.0108839999884367 0.4231970012187958 0.2512350082397461
-0.0227359998971223 0.4244759976863861 0.2468280047178268
-0.0357289984822273 0.4316090047359466 0.2384719997644424
-0.0506329983472824 0.4431979954242707 0.2303179949522019
-0.0667219981551170 0.4600969851016998 0.2210810035467148
-0.0798690021038055 0.4780670106410980 0.2147119939327240
-0.0940029993653297 0.5015749931335449 0.2149749994277954
-0.1102610006928444 0.5410540103912353 0.2278009951114654
-0.1149950027465820 0.5610370039939880 0.2405070066452026
-0.1137259975075722 0.5795140266418458 0.2575210034847260
-0.1368180066347122 0.6634389758110047 0.2724950015544891
-0.1198970004916191 0.6965829730033874 0.2911010086536408
-0.0951960012316703 0.7296050190925599 0.3046680092811585
-0.0723700001835823 0.7580929994583130 0.3124710023403168
-0.0555960014462471 0.7767390012741089 0.3165949881076813
-0.0447040013968944 0.7841070294380188 0.3204109966754913
-0.0359699986875057 0.7935010194778442 0.3280279934406280
-0.0273729991167783 0.8014199733734131 0.3362599909305572
-0.0195690002292394 0.8056870102882385 0.3443129956722260
-0.0110069997608661 0.8081889748573303 0.3512580096721649
-0.0011950000189244 0.8103809952735901 0.3544290065765381
0.1368180066347122 0.6634389758110047 0.2724950015544891
0.1198970004916191 0.6965829730033874 0.2911010086536408
0.0951960012316703 0.7296050190925599 0.3046680092811585
0.0723709985613823 0.7581019997596741 0.3124699890613556
0.0557769984006881 0.7767680287361146 0.3164800107479096
0.0447809994220733 0.7841339707374573 0.3203130066394806
0.0360150001943111 0.7935119867324829 0.3279590010643005
0.0273860003799200 0.8014320135116577 0.3362300097942352
0.0195809993892908 0.8056910037994385 0.3442960083484650
0.0109810000285506 0.8081840276718140 0.3512749969959259
0.1389580070972443 0.6209049820899963 0.2497320026159286
0.1337250024080276 0.5863720178604125 0.2277680039405823
0.1266520023345947 0.5600659847259521 0.2101980000734329
0.1198239997029305 0.5401229858398438 0.1986519992351532
0.1025699973106384 0.5031160116195679 0.1878470033407211
0.0876440033316612 0.4784840047359466 0.1850530058145523
0.0761699974536895 0.4632900059223175 0.1901160031557083
0.0602609999477863 0.4454559981822968 0.2021130025386810
0.0422450006008148 0.4315199851989746 0.2072219997644424
0.0267019998282194 0.4242520034313202 0.2125840038061142
0.0133779998868703 0.4205060005187988 0.2198970019817352
0.0000000000000000 0.4180589914321900 0.2242629975080490
-0.0133870001882314 0.4205060005187988 0.2198960036039352
-0.0266989991068840 0.4242529869079590 0.2125709950923920
-0.0422470010817050 0.4315220117568970 0.2072219997644424
-0.0602639988064766 0.4454419910907745 0.2020580023527145
-0.0762000009417533 0.4633190035820007 0.1900739967823028
-0.0877280011773109 0.4785920083522797 0.1849759966135025
-0.1025720015168190 0.5031200051307678 0.1878490000963211
-0.1198239997029305 0.5401229858398438 0.1986519992351532
-0.1266520023345947 0.5600659847259521 0.2101980000734329
-0.1337250024080276 0.5863720178604125 0.2277690023183823
-0.1389580070972443 0.6209049820899963 0.2497339993715286
-0.1765539944171906 0.7019580006599427 0.2300429940223694
-0.1879419982433319 0.7110440135002136 0.2027789950370788
-0.2089599967002869 0.7244549989700317 0.0606999993324279
-0.2072979956865311 0.7228199839591980 0.0953890010714530
-0.2004960030317307 0.7274699807167053 0.1704699993133545
-0.2050289958715439 0.7229539752006531 0.1301430016756058
-0.1612990051507950 0.6966210007667542 0.2540760040283203
0.1879409998655319 0.7110440135002136 0.2027799934148788
0.1765539944171906 0.7019580006599427 0.2300429940223694
0.2050299942493439 0.7229560017585755 0.1301359981298447
0.2004960030317307 0.7274699807167053 0.1704699993133545
0.2072969973087311 0.7228109836578369 0.0953629985451698
0.2089589983224869 0.7244489789009094 0.0606959983706474
0.1612990051507950 0.6966210007667542 0.2540760040283203
-0.1433169990777969 0.7010689973831177 0.2746590077877045
0.1433179974555969 0.7010710239410400 0.2746590077877045
-0.0965280011296272 0.7464830279350281 0.3041700124740600
-0.0743609964847564 0.7682549953460694 0.3112480044364929
-0.1233239993453026 0.7178170084953308 0.2913419902324676
-0.0464529991149902 0.7898430228233338 0.3166050016880035
-0.0571219995617866 0.7832390069961548 0.3135010004043579
-0.0367980003356933 0.8009200096130371 0.3232040107250214
-0.0280070006847381 0.8106480240821838 0.3305130004882813
-0.0199260003864765 0.8149719834327698 0.3379980027675629
-0.0109040001407265 0.8183349967002868 0.3440220057964325
0.0009270000155083 0.8201289772987365 0.3476360142230988
0.0742650032043457 0.7682800292968750 0.3112770020961761
0.0965320020914077 0.7464810013771057 0.3041689991950989
0.0571560002863407 0.7832450270652771 0.3134799897670746
0.1233239993453026 0.7178170084953308 0.2913419902324676
0.0280189998447895 0.8106309771537780 0.3305050134658813
0.0368090011179447 0.8008959889411926 0.3231990039348602
0.0199229996651411 0.8149589896202088 0.3380109965801239
0.0108979996293783 0.8183230161666870 0.3440319895744324
0.0464779995381832 0.7898269891738892 0.3165979981422424
0.1711210012435913 0.6714289784431457 0.2170410007238388
0.1810359954833984 0.6769449710845947 0.1879220008850098
0.1574749946594238 0.6649420261383057 0.2436060011386871
0.0993250012397766 0.5996860265731812 0.2810589969158172
0.1153580024838448 0.6053370237350464 0.2695789933204651
0.1264930069446564 0.6140210032463073 0.2625800073146820
-0.1810359954833984 0.6769449710845947 0.1879220008850098
-0.1711210012435913 0.6714289784431457 0.2170410007238388
-0.1897290050983429 0.6860120296478272 0.1595440059900284
-0.1574749946594238 0.6649420261383057 0.2436060011386871
-0.0894140005111694 0.5998229980468750 0.2888160049915314
-0.0993250012397766 0.5996860265731812 0.2810589969158172
-0.1153609976172447 0.6053410172462464 0.2695780098438263
-0.1264940053224564 0.6140210032463073 0.2625800073146820
-0.2025559991598129 0.7040560245513916 0.0637120008468628
-0.2001190036535263 0.6967350244522095 0.0977799966931343
-0.1965969949960708 0.6927130222320557 0.1291220039129257
0.1897290050983429 0.6860120296478272 0.1595440059900284
0.1965969949960708 0.6927149891853332 0.1291220039129257
0.2001170068979263 0.6967110037803649 0.0977030023932457
0.2025469988584518 0.7040230035781860 0.0637170001864433
0.0894130021333694 0.5998229980468750 0.2888169884681702
-0.0767920017242431 0.5958840250968933 0.2964949905872345
-0.0843610018491745 0.5987049937248230 0.2919859886169434
-0.0655289962887764 0.5822679996490478 0.2981010079383850
-0.0703819990158081 0.5905460119247437 0.2980029881000519
0.0704099982976913 0.5905699729919433 0.2980110049247741
0.0655289962887764 0.5822679996490478 0.2981010079383850
0.0767910033464431 0.5958840250968933 0.2964949905872345
0.0843610018491745 0.5987049937248230 0.2919859886169434
0.1433729976415634 0.5635989904403686 0.0855700001120567
0.1335379928350449 0.5469530224800110 0.1075600013136864
0.1253619939088821 0.5321499705314636 0.1290570050477982
0.1213700026273728 0.5260679721832275 0.1470090001821518
0.1171289980411529 0.5240240097045898 0.1683650016784668
0.1125039979815483 0.5221199989318847 0.1919700056314468
0.1082519963383675 0.5222200155258179 0.2067960053682327
0.1036100015044212 0.5210430026054382 0.2192649990320206
0.0978630036115646 0.5230669975280762 0.2328519970178604
0.0926119983196258 0.5299080014228821 0.2475010007619858
0.0818660035729408 0.5407059788703919 0.2651549875736236
0.0758920013904571 0.5489429831504822 0.2744660079479218
0.0669789984822273 0.5569189786911011 0.2838500142097473
0.0637649968266487 0.5615730285644531 0.2864060103893280
0.0602990016341209 0.5659329891204834 0.2911419868469238
0.0583480000495910 0.5669749975204468 0.2910859882831574
0.0549740009009838 0.5701689720153809 0.2932179868221283
0.0585319995880127 0.5746039748191834 0.2928090095520020
0.0591950006783008 0.5734670162200928 0.2948629856109619
0.0622650012373924 0.5749490261077881 0.2963530123233795
-0.1433749943971634 0.5636019706726074 0.0855719968676567
-0.1335390061140060 0.5469549894332886 0.1075659990310669
-0.1253709942102432 0.5321660041809082 0.1290750056505203
-0.1213809996843338 0.5260900259017944 0.1470180004835129
-0.1171410009264946 0.5240510106086731 0.1683769971132278
-0.1125139966607094 0.5221469998359680 0.1919829994440079
-0.1082519963383675 0.5222200155258179 0.2067960053682327
-0.1036100015044212 0.5210430026054382 0.2192649990320206
-0.0978740006685257 0.5231220126152038 0.2328860014677048
-0.0926119983196258 0.5299080014228821 0.2475010007619858
-0.0818689987063407 0.5407059788703919 0.2651520073413849
-0.0758920013904571 0.5489429831504822 0.2744649946689606
-0.0669789984822273 0.5569189786911011 0.2838500142097473
-0.0637620016932487 0.5615749955177307 0.2864069938659668
-0.0602849982678890 0.5659520030021667 0.2911530137062073
-0.0584589987993240 0.5668910145759583 0.2910799980163574
-0.0579609982669353 0.5673620104789734 0.2916919887065887
-0.0583299994468689 0.5745790004730225 0.2927260100841522
-0.0591950006783008 0.5734670162200928 0.2948629856109619
-0.0616579987108707 0.5745869874954223 0.2961440086364746
