-0.1650200039148331 5.2375788688659670 0.2740980088710785
-0.1712729930877685 5.2287449836730960 0.2597689926624298
-0.1649899929761887 5.2273712158203120 0.2562780082225800
-0.1596869975328445 5.2357330322265630 0.2690190076828003
-0.1749529987573624 5.2199401855468750 0.2447869926691055
-0.1678780019283295 5.2190089225769040 0.2431440055370331
-0.1649899929761887 5.2273712158203120 0.2562780082225800
-0.1712729930877685 5.2287449836730960 0.2597689926624298
-0.1607989966869354 5.2180938720703120 0.2415039986371994
-0.1587069928646088 5.2259831428527830 0.2527830004692078
-0.1649899929761887 5.2273712158203120 0.2562780082225800
-0.1678780019283295 5.2190089225769040 0.2431440055370331
-0.1543509960174561 5.2339019775390620 0.2639409899711609
-0.1596869975328445 5.2357330322265630 0.2690190076828003
-0.1649899929761887 5.2273712158203120 0.2562780082225800
-0.1587069928646088 5.2259831428527830 0.2527830004692078
-0.1330070048570633 5.2478790283203120 0.2835519909858704
-0.1357650011777878 5.2505187988281250 0.2902719974517822
-0.1495459973812103 5.2441711425781250 0.2809779942035675
-0.1454710066318512 5.2418818473815920 0.2748470008373260
-0.1385270059108734 5.2531590461730960 0.2969929873943329
-0.1536220014095306 5.2464599609375000 0.2871130108833313
-0.1495459973812103 5.2441711425781250 0.2809779942035675
-0.1357650011777878 5.2505187988281250 0.2902719974517822
-0.1650200039148331 5.2375788688659670 0.2740980088710785
-0.1596869975328445 5.2357330322265630 0.2690190076828003
-0.1495459973812103 5.2441711425781250 0.2809779942035675
-0.1536220014095306 5.2464599609375000 0.2871130108833313
-0.1543509960174561 5.2339019775390620 0.2639409899711609
-0.1454710066318512 5.2418818473815920 0.2748470008373260
-0.1495459973812103 5.2441711425781250 0.2809779942035675
-0.1596869975328445 5.2357330322265630 0.2690190076828003
-0.1385270059108734 5.2531590461730960 0.2969929873943329
-0.1357650011777878 5.2505187988281250 0.2902719974517822
-0.1195390000939369 5.2526249885559080 0.2950130105018616
-0.1211759969592094 5.2554469108581540 0.3019169867038727
-0.1330070048570633 5.2478790283203120 0.2835519909858704
-0.1178990006446838 5.2498021125793460 0.2881070077419281
-0.1195390000939369 5.2526249885559080 0.2950130105018616
-0.1357650011777878 5.2505187988281250 0.2902719974517822
-0.1033990010619164 5.2481689453125000 0.2892850041389466
-0.1039500012993813 5.2508702278137210 0.2960000038146973
-0.1195390000939369 5.2526249885559080 0.2950130105018616
-0.1178990006446838 5.2498021125793460 0.2881070077419281
-0.1045010015368462 5.2535548210144040 0.3027150034904480
-0.1211759969592094 5.2554469108581540 0.3019169867038727
-0.1195390000939369 5.2526249885559080 0.2950130105018616
-0.1039500012993813 5.2508702278137210 0.2960000038146973
-0.0843980014324188 5.2370758056640630 0.2849029898643494
-0.0828559994697570 5.2384190559387210 0.2903630137443542
-0.0920829996466636 5.2455902099609380 0.2940259873867035
-0.0927459970116615 5.2435002326965330 0.2878459990024567
-0.0813150033354759 5.2397770881652830 0.2958250045776367
-0.0914169996976852 5.2476959228515620 0.3002069890499115
-0.0920829996466636 5.2455902099609380 0.2940259873867035
-0.0828559994697570 5.2384190559387210 0.2903630137443542
-0.1045010015368462 5.2535548210144040 0.3027150034904480
-0.1039500012993813 5.2508702278137210 0.2960000038146973
-0.0920829996466636 5.2455902099609380 0.2940259873867035
-0.0914169996976852 5.2476959228515620 0.3002069890499115
-0.1033990010619164 5.2481689453125000 0.2892850041389466
-0.0927459970116615 5.2435002326965330 0.2878459990024567
-0.0920829996466636 5.2455902099609380 0.2940259873867035
-0.1039500012993813 5.2508702278137210 0.2960000038146973
-0.0670330002903938 5.2234501838684080 0.2859179973602295
-0.0735829994082450 5.2316589355468750 0.2909870147705078
-0.0751869976520538 5.2309570312500000 0.2862719893455505
-0.0682969987392425 5.2233281135559080 0.2819679975509644
-0.0813150033354759 5.2397770881652830 0.2958250045776367
-0.0828559994697570 5.2384190559387210 0.2903630137443542
-0.0751869976520538 5.2309570312500000 0.2862719893455505
-0.0735829994082450 5.2316589355468750 0.2909870147705078
-0.0843980014324188 5.2370758056640630 0.2849029898643494
-0.0767910033464431 5.2302551269531250 0.2815589904785156
-0.0751869976520538 5.2309570312500000 0.2862719893455505
-0.0828559994697570 5.2384190559387210 0.2903630137443542
-0.0695609971880912 5.2232208251953130 0.2780149877071380
-0.0682969987392425 5.2233281135559080 0.2819679975509644
-0.0751869976520538 5.2309570312500000 0.2862719893455505
-0.0767910033464431 5.2302551269531250 0.2815589904785156
0.1648679971694946 5.2375788688659670 0.2740980088710785
0.1595319956541061 5.2357330322265630 0.2690190076828003
0.1648350059986115 5.2273712158203120 0.2562780082225800
0.1711180061101914 5.2287449836730960 0.2597689926624298
0.1541959941387177 5.2339019775390620 0.2639409899711609
0.1585520058870316 5.2259831428527830 0.2527830004692078
0.1606470048427582 5.2180938720703120 0.2415039986371994
0.1677230000495911 5.2190089225769040 0.2431440055370331
0.1747979968786240 5.2199401855468750 0.2447869926691055
0.1677230000495911 5.2190089225769040 0.2431440055370331
0.1328739970922470 5.2478790283203120 0.2835519909858704
0.1453160047531128 5.2418818473815920 0.2748470008373260
0.1493950039148331 5.2441711425781250 0.2809779942035675
0.1356229931116104 5.2505187988281250 0.2902719974517822
0.1534699946641922 5.2464599609375000 0.2871130108833313
0.1383720040321350 5.2531590461730960 0.2969929873943329
0.1210239976644516 5.2554469108581540 0.3019169867038727
0.1194339990615845 5.2526249885559080 0.2950130105018616
0.1045209988951683 5.2537231445312500 0.3027150034904480
0.1040420010685921 5.2510218620300290 0.2960000038146973
0.1035640016198158 5.2483367919921880 0.2892850041389466
0.1178430020809173 5.2498021125793460 0.2881070077419281
0.0853210017085075 5.2380828857421880 0.2849029898643494
0.0933829993009567 5.2441558837890620 0.2878459990024567
0.0926709994673728 5.2462620735168450 0.2940259873867035
0.0837709978222847 5.2394261360168450 0.2903630137443542
0.0919580012559890 5.2483668327331550 0.3002069890499115
0.0822200030088424 5.2407679557800290 0.2958250045776367
0.0670100003480911 5.2234501838684080 0.2859179973602295
0.0682739987969398 5.2233281135559080 0.2819679975509644
0.0757910013198852 5.2316279411315920 0.2862719893455505
0.0741870030760765 5.2323298454284670 0.2909870147705078
0.0695379972457885 5.2232208251953130 0.2780149877071380
0.0773949995636940 5.2309269905090330 0.2815589904785156
0.0682739987969398 5.2233281135559080 0.2819679975509644
-0.1672769933938980 5.2112879753112790 0.2502950131893158
-0.1613969951868057 5.2128601074218750 0.2493309974670410
-0.1640300005674362 5.2148900032043460 0.2451370060443878
-0.1699469983577728 5.2136077880859370 0.2456849962472916
-0.1555159986019134 5.2144169807434080 0.2483679950237274
-0.1581159979104996 5.2161707878112790 0.2445929944515228
-0.1640300005674362 5.2148900032043460 0.2451370060443878
-0.1613969951868057 5.2128601074218750 0.2493309974670410
-0.1607690006494522 5.2181239128112790 0.2414840012788772
-0.1665769964456558 5.2168579101562500 0.2417079955339432
-0.1640300005674362 5.2148900032043460 0.2451370060443878
-0.1581159979104996 5.2161707878112790 0.2445929944515228
-0.1723890006542206 5.2156071662902840 0.2419299930334091
-0.1699469983577728 5.2136077880859370 0.2456849962472916
-0.1640300005674362 5.2148900032043460 0.2451370060443878
-0.1665769964456558 5.2168579101562500 0.2417079955339432
-0.1597100049257278 5.2051239013671870 0.2640030086040497
-0.1546279937028885 5.2083740234375000 0.2616539895534516
-0.1585910022258758 5.2106628417968750 0.2550440132617950
-0.1641580015420914 5.2083129882812500 0.2566150128841400
-0.1495490074157715 5.2116088867187500 0.2593039870262146
-0.1530279964208603 5.2130131721496580 0.2534759938716888
-0.1585910022258758 5.2106628417968750 0.2550440132617950
-0.1546279937028885 5.2083740234375000 0.2616539895534516
-0.1555159986019134 5.2144169807434080 0.2483679950237274
-0.1613969951868057 5.2128601074218750 0.2493309974670410
-0.1585910022258758 5.2106628417968750 0.2550440132617950
-0.1530279964208603 5.2130131721496580 0.2534759938716888
-0.1672769933938980 5.2112879753112790 0.2502950131893158
-0.1641580015420914 5.2083129882812500 0.2566150128841400
-0.1585910022258758 5.2106628417968750 0.2550440132617950
-0.1613969951868057 5.2128601074218750 0.2493309974670410
-0.1597100049257278 5.2051239013671870 0.2640030086040497
-0.1530539989471436 5.2021479606628420 0.2718110084533692
-0.1485169976949692 5.2059631347656250 0.2685239911079407
-0.1546279937028885 5.2083740234375000 0.2616539895534516
-0.1430090069770813 5.1997528076171870 0.2791970074176788
-0.1393990069627762 5.2038421630859370 0.2749759852886200
-0.1485169976949692 5.2059631347656250 0.2685239911079407
-0.1530539989471436 5.2021479606628420 0.2718110084533692
-0.1357920020818710 5.2079319953918460 0.2707520127296448
-0.1439789980649948 5.2097930908203120 0.2652370035648346
-0.1485169976949692 5.2059631347656250 0.2685239911079407
-0.1393990069627762 5.2038421630859370 0.2749759852886200
-0.1495490074157715 5.2116088867187500 0.2593039870262146
-0.1546279937028885 5.2083740234375000 0.2616539895534516
-0.1485169976949692 5.2059631347656250 0.2685239911079407
-0.1439789980649948 5.2097930908203120 0.2652370035648346
-0.0875419974327087 5.2123260498046870 0.2801280021667480
-0.0987259969115257 5.2091670036315920 0.2798230051994324
-0.0987560003995895 5.2057800292968750 0.2853980064392090
-0.0872920006513595 5.2095031738281250 0.2851270139217377
-0.1115569993853569 5.2064061164855960 0.2784970104694366
-0.1120449975132942 5.2026062011718750 0.2839919924736023
-0.0987560003995895 5.2057800292968750 0.2853980064392090
-0.0987259969115257 5.2091670036315920 0.2798230051994324
-0.1125330030918121 5.1988067626953130 0.2894859910011292
-0.0987849980592727 5.2023930549621580 0.2909680008888244
-0.0987560003995895 5.2057800292968750 0.2853980064392090
-0.1120449975132942 5.2026062011718750 0.2839919924736023
-0.0870380029082298 5.2066650390625000 0.2901229858398438
-0.0872920006513595 5.2095031738281250 0.2851270139217377
-0.0987560003995895 5.2057800292968750 0.2853980064392090
-0.0987849980592727 5.2023930549621580 0.2909680008888244
-0.0682870000600814 5.2109379768371580 0.2835029959678650
-0.0707689970731735 5.2123870849609380 0.2818630039691925
-0.0783879980444908 5.2113947868347170 0.2837670147418976
-0.0771870017051696 5.2092289924621580 0.2873049974441528
-0.0732500031590461 5.2138209342956540 0.2802230119705200
-0.0795890018343925 5.2135620117187500 0.2802259922027588
-0.0783879980444908 5.2113947868347170 0.2837670147418976
-0.0707689970731735 5.2123870849609380 0.2818630039691925
-0.0875419974327087 5.2123260498046870 0.2801280021667480
-0.0872920006513595 5.2095031738281250 0.2851270139217377
-0.0783879980444908 5.2113947868347170 0.2837670147418976
-0.0795890018343925 5.2135620117187500 0.2802259922027588
-0.0870380029082298 5.2066650390625000 0.2901229858398438
-0.0771870017051696 5.2092289924621580 0.2873049974441528
-0.0783879980444908 5.2113947868347170 0.2837670147418976
-0.0872920006513595 5.2095031738281250 0.2851270139217377
-0.1125330030918121 5.1988067626953130 0.2894859910011292
-0.1120449975132942 5.2026062011718750 0.2839919924736023
-0.1264159977436066 5.2023468017578120 0.2803249955177307
-0.1283860057592392 5.1982879638671870 0.2853249907493591
-0.1115569993853569 5.2064061164855960 0.2784970104694366
-0.1244459971785545 5.2063899040222170 0.2753219902515412
-0.1264159977436066 5.2023468017578120 0.2803249955177307
-0.1120449975132942 5.2026062011718750 0.2839919924736023
-0.1357920020818710 5.2079319953918460 0.2707520127296448
-0.1393990069627762 5.2038421630859370 0.2749759852886200
-0.1264159977436066 5.2023468017578120 0.2803249955177307
-0.1244459971785545 5.2063899040222170 0.2753219902515412
-0.1430090069770813 5.1997528076171870 0.2791970074176788
-0.1283860057592392 5.1982879638671870 0.2853249907493591
-0.1264159977436066 5.2023468017578120 0.2803249955177307
-0.1393990069627762 5.2038421630859370 0.2749759852886200
0.1671250015497208 5.2112879753112790 0.2502950131893158
0.1697950065135956 5.2136077880859370 0.2456849962472916
0.1638779938220978 5.2148900032043460 0.2451370060443878
0.1612440049648285 5.2128601074218750 0.2493309974670410
0.1722369939088821 5.2156071662902840 0.2419299930334091
0.1664260029792786 5.2168579101562500 0.2417079955339432
0.1606139987707138 5.2181239128112790 0.2414840012788772
0.1579609960317612 5.2161707878112790 0.2445929944515228
0.1553640067577362 5.2144169807434080 0.2483679950237274
0.1595550030469894 5.2051239013671870 0.2640030086040497
0.1640029996633530 5.2083129882812500 0.2566150128841400
0.1584399938583374 5.2106628417968750 0.2550440132617950
0.1544760018587112 5.2083740234375000 0.2616539895534516
0.1528760045766830 5.2130131721496580 0.2534759938716888
0.1493950039148331 5.2116088867187500 0.2593039870262146
0.1483650058507919 5.2059631347656250 0.2685239911079407
0.1529020071029663 5.2021479606628420 0.2718110084533692
0.1438270062208176 5.2097930908203120 0.2652370035648346
0.1356370002031326 5.2079319953918460 0.2707520127296448
0.1392470002174377 5.2038421630859370 0.2749759852886200
0.1428570002317429 5.1997528076171870 0.2791970074176788
0.0873870030045509 5.2123260498046870 0.2801280021667480
0.0871369987726211 5.2095031738281250 0.2851270139217377
0.0986009985208511 5.2057800292968750 0.2853980064392090
0.0985710024833679 5.2091670036315920 0.2798230051994324
0.0868860036134719 5.2066650390625000 0.2901229858398438
0.0986300036311149 5.2023930549621580 0.2909680008888244
0.1123780012130737 5.1988067626953130 0.2894859910011292
0.1118900030851364 5.2026062011718750 0.2839919924736023
0.1114009991288185 5.2064061164855960 0.2784970104694366
0.0681319981813430 5.2109379768371580 0.2835029959678650
0.0770350024104118 5.2092289924621580 0.2873049974441528
0.0782359987497329 5.2113947868347170 0.2837670147418976
0.0706129968166351 5.2123870849609380 0.2818630039691925
0.0794339999556541 5.2135620117187500 0.2802259922027588
0.0730979964137077 5.2138209342956540 0.2802230119705200
0.1282349973917008 5.1982879638671870 0.2853249907493591
0.1262650042772293 5.2023468017578120 0.2803249955177307
0.1242910027503967 5.2063899040222170 0.2753219902515412
