821
806
990
862
1009
1009
990
806
1010
990
990
1009
862
862
990
990
883
873
865
877
873
865
865
873
821
862
865
865
862
877
865
862
873
873
882
874
883
882
882
873
875
875
882
882
869
874
882
875
870
871
871
871
871
842
871
871
869
875
871
842
875
871
871
875
1089
870
870
1089
871
871
870
870
870
870
870
871
846
1089
870
870
212
325
538
342
325
538
549
174
174
174
328
327
234
243
234
243
240
242
236
237
237
242
230
230
230
230
229
230
1075
1075
350
350
316
350
1075
983
984
1016
1009
1101
1102
1016
984
1010
1009
1016
1102
1009
1009
1016
1009
751
751
986
986
1093
1100
986
751
1101
984
986
1100
983
986
986
984
751
750
750
751
925
925
750
750
925
1094
750
925
1093
751
750
1094
1096
729
729
775
730
730
729
729
730
729
729
730
775
775
729
729
845
845
778
778
845
778
778
845
1096
775
778
778
775
778
778
775
730
730
732
732
730
732
732
730
925
925
732
732
925
732
732
925
441
174
470
198
174
174
549
1115
1114
333
343
343
333
1113
1107
123
123
1106
265
265
265
1108
331
113
113
331
113
332
332
332
330
185
185
330
185
330
467
467
467