0.0029760000761598 4.8268280029296880 0.1455159932374954
0.0014100000262260 4.8129730224609380 0.1649949997663498
-0.0000129999998534 4.7939758300781250 0.2126049995422363
-0.0000009999999974 4.7852168083190920 0.2444059997797012
0.0000000000000000 4.8016200065612790 0.2676930129528046
0.0000000000000000 4.8243408203125000 0.2749930024147034
0.0000000000000000 4.8416438102722170 0.2757560014724732
0.0000000000000000 4.8696141242980960 0.2814260125160217
0.0000000000000000 4.8782501220703120 0.2909550070762634
-0.0000060000002122 4.8933720588684080 0.2955439984798431
-0.0001320000010309 4.9062042236328130 0.2841379940509796
0.0002650000096764 5.2163701057434080 0.3258160054683685
0.0000000000000000 5.1609950065612790 0.3503650128841400
0.0000000000000000 5.1255798339843750 0.3693369925022125
-0.0001780000020517 5.0414581298828130 0.3417840003967285
0.0000460000010207 5.0185852050781250 0.3405739963054657
-0.0002549999917391 5.2677149772644040 0.3281910121440888
0.0000000000000000 5.0806431770324700 0.3870559930801391
-0.0001189999966300 5.0951080322265630 0.3871619999408722
0.0000000000000000 5.0075068473815920 0.3408420085906982
0.0000240000008489 5.0575261116027830 0.3594509959220886
0.0000000000000000 5.0698847770690920 0.3804450035095215
0.0000000000000000 4.9958648681640630 0.3402859866619110
-0.0000880000006873 5.0501708984375000 0.3467699885368347
-0.0008350000134669 5.2377619743347170 0.3243899941444397
0.0000000000000000 5.1389770507812500 0.3611559867858886
0.0000000000000000 5.1110382080078120 0.3799510002136230
-0.0001650000049266 5.3017878532409670 0.3302739858627319
-0.0002920000115409 5.3966059684753420 0.3169040083885193
0.0000000000000000 5.4984440803527830 0.2733399868011475
0.0006760000251233 5.4495849609375000 0.3033120036125183
0.0000000000000000 5.0626368522644040 0.3703899979591370
-0.0001749999937601 5.0318598747253420 0.3406389951705933
0.0000000000000000 4.8554382324218750 0.2759439945220947
0.0001939999929163 4.8035130500793460 0.1917600035667420
0.0000000000000000 5.1973571777343750 0.3332340121269226
0.2070499956607819 5.1194148063659670 0.0556109994649887
0.1815759986639023 5.0506439208984380 0.0690540000796318
0.1134650036692619 4.8713679313659670 0.1251659989356995
0.0921880006790161 4.8477020263671870 0.1464930027723312
0.0954589992761611 4.8552551269531250 0.1309289932250977
0.1193950027227402 4.8811187744140630 0.1082369983196259
0.0797090008854866 4.8226008415222170 0.2083889991044998
0.0842500030994415 4.8322300910949710 0.1779910027980804
0.1236639991402626 4.8903050422668450 0.1196980029344559
0.0729650035500526 4.8312988281250000 0.2355500012636185
0.1024719998240471 4.8665161132812500 0.2052659988403320
0.1097680032253265 4.8708949089050290 0.1731510013341904
0.1308249980211258 4.9060821533203120 0.0994910001754760
0.0969400033354759 4.8708038330078120 0.2298779934644699
0.1249850019812584 4.9095458984375000 0.1789519935846329
0.1169869974255562 4.9093317985534670 0.2154279947280884
0.1437779963016510 4.9428248405456540 0.1150790005922318
0.1222599968314171 5.0085601806640630 0.2836599946022034
0.0969690009951591 4.9949488639831550 0.2866150140762329
0.1104080006480217 4.9514160156250000 0.2625640034675598
0.1244679987430572 4.9549708366394040 0.2394289970397949
0.1503430008888244 4.9588928222656250 0.0913359969854354
0.0692119970917701 4.8498229980468750 0.2480610013008118
0.1085690036416054 4.9125981330871580 0.2398360073566437
0.0627060011029243 4.8697972297668450 0.2602609992027283
0.0920829996466636 4.8828120231628420 0.2443329989910126
0.0530340000987052 4.9060211181640630 0.2788639962673187
0.0848999992012977 4.9005279541015620 0.2595219910144806
0.2060109972953796 5.1303710937500000 0.1558330059051514
0.1710669994354248 5.0185389518737790 0.0784080028533935
0.0742869973182678 4.9278721809387210 0.2715170085430145
0.0977210029959678 4.9279022216796880 0.2628520131111145
0.1028250008821488 4.9199070930480960 0.2523390054702759
0.1046520024538040 4.9517822265625000 0.2694079875946045
0.0505909994244575 4.9138951301574710 0.2850979864597321
0.0817890018224716 4.9401698112487800 0.2726869881153107
0.0944340005517006 4.9546971321105960 0.2741889953613281
0.0943709984421730 5.1549220085144040 0.2898600101470947
0.0958570018410682 5.1393737792968750 0.3000699877738952
0.0470400005578994 4.9209899902343750 0.2850599884986877
0.0718130022287368 4.9371337890625000 0.2762820124626160
0.0817150026559829 4.9528350830078120 0.2769240140914917
0.0882909968495369 4.9887700080871580 0.2894249856472015
0.0927689969539642 4.9909210205078120 0.2861379981040955
0.0485650002956390 4.9314270019531250 0.2782079875469208
0.0703819990158081 4.9389648437500000 0.2776780128479004
0.0798040032386779 4.9434199333190920 0.2735820114612579
0.0778850018978118 4.9777531623840330 0.2966659963130951
0.0834980010986328 5.0050048828125000 0.2964150011539459
0.0567950010299682 5.1493377685546870 0.3081499934196472
0.0492249988019466 5.1187438964843750 0.3194490075111389
0.1673559993505478 5.1265411376953130 0.2639620006084442
0.1790349930524826 5.1608581542968750 0.2406439930200577
0.0669410005211830 4.9438018798828130 0.2757160067558289
0.0766299962997436 4.9474029541015620 0.2765699923038483
0.0778400003910064 4.9520111083984380 0.2785609960556030
0.0778110027313232 4.9974980354309080 0.3005909919738769
0.0515079982578754 5.0907139778137210 0.3163959980010986
0.0620590001344680 5.1717681884765630 0.2926650047302246
0.0582839995622634 5.1601409912109380 0.3020940124988556
0.0940990000963211 5.1631321907043460 0.2831999957561493
0.0726749971508979 4.9472661018371580 0.2754969894886017
0.0753580033779144 4.9515080451965330 0.2777760028839111
0.0723360031843185 4.9660949707031250 0.2962650060653686
0.1601320058107376 5.1667327880859370 0.2528130114078522
0.1661130040884018 5.1734008789062500 0.2441090047359467
0.2039230018854141 5.2336120605468750 0.1700080037117004
0.0741359964013099 4.9524378776550290 0.2773379981517792
0.0714010000228881 4.9608759880065920 0.2928439974784851
0.0718119964003562 4.9889831542968750 0.3049719929695130
0.0179450009018182 5.1890258789062500 0.3276939988136291
0.0170179996639490 5.1558837890625000 0.3450419902801514
0.0305289998650550 5.1415710449218750 0.3301219940185547
0.0514069981873035 5.1826629638671870 0.2909969985485077
0.0462739989161491 5.1722722053527830 0.3022210001945496
0.0797019973397254 5.1687321662902840 0.2853699922561645
0.0984930023550987 5.1882019042968750 0.2758429944515228
0.1003379970788956 5.2051849365234370 0.2786870002746582
0.2001599967479706 5.1784057617187500 0.1969719976186752
0.1887640058994293 5.1896209716796880 0.2109560072422028
0.0655300021171569 4.9572911262512200 0.2867850065231323
0.0567770004272460 4.9877929687500000 0.3183040022850036
0.0483409985899925 5.0990910530090330 0.3313660025596619
0.0180070009082555 5.2097320556640630 0.3192059993743896
0.0107979997992515 5.2134089469909670 0.3232710063457489
0.1006859987974167 5.2455749511718750 0.2736209928989411
0.1495140045881271 5.1881561279296880 0.2581430077552796
0.1435279995203018 5.2062377929687500 0.2649059891700745
0.1892700046300888 5.2212829589843750 0.2173420041799545
0.1981170028448105 5.2715001106262210 0.2020449936389923
0.2121029943227768 5.1603088378906250 0.1458059996366501
0.2170300036668778 5.1532139778137210 0.0875229984521865
0.2244960069656372 5.2606511116027830 0.0988859981298446
0.2141979932785034 5.1889801025390620 0.1384949982166290
0.0539419986307621 4.9796910285949710 0.3173069953918457
0.0346999987959861 5.0475621223449710 0.3261260092258453
0.0511460006237030 5.0932621955871580 0.3226589858531952
0.0479720011353492 5.0947418212890620 0.3376410007476806
0.0420319996774196 5.1052250862121580 0.3417600095272064
0.0466490015387535 5.2036437988281250 0.2864010035991669
0.0858770012855529 5.1898350715637210 0.2772719860076904
0.1438640058040619 5.2382202148437500 0.2632470130920410
0.1798570007085800 5.2184910774230960 0.2312059998512268
0.1867450028657913 5.2406768798828130 0.2360309958457947
0.1919160038232803 5.2547001838684080 0.2237859964370728
0.2298489958047867 5.2667241096496580 0.0689650028944015
0.2183980047702789 5.2532958984375000 0.1210429966449737
0.0484119988977909 4.9702148437500000 0.3035669922828675
0.0274229999631643 5.0265498161315920 0.3339819908142090
0.0515520013868808 5.0806732177734370 0.3184869885444641
0.0487729981541633 5.0782618522644040 0.3382009863853455
0.0419679991900920 5.0986938476562500 0.3474479913711548
0.0247109998017549 5.1181640625000000 0.3582740128040314
0.0179360006004571 5.1226959228515620 0.3647080063819885
0.0089229997247457 5.1593317985534670 0.3489480018615723
0.0369639992713928 5.2016448974609380 0.2968200147151947
0.0281240008771419 5.2250819206237790 0.3100970089435578
0.0898789986968040 5.2392730712890620 0.2763999998569489
0.2104140073060989 5.3122711181640630 0.1573639959096908
0.0301169995218515 5.0079798698425290 0.3353829979896545
0.0471500009298324 5.0664668083190920 0.3172999918460846
0.0418500006198883 5.0702819824218750 0.3312909901142120
0.0417400002479553 5.0723109245300290 0.3375099897384644
0.0431100018322467 5.0884251594543460 0.3502829968929291
0.0431489981710910 5.0832672119140630 0.3511059880256653
0.0372060015797615 5.2580108642578120 0.3155359923839569
0.0261749997735023 5.2660827636718750 0.3235140144824982
0.1883019953966141 5.2665710449218750 0.2370640039443970
0.1827030032873154 5.2495121955871580 0.2502709925174713
0.0277679990977048 4.9966430664062500 0.3373050093650818
0.0164579991251230 5.0245819091796880 0.3383870124816895
0.0088120000436902 5.0463709831237790 0.3417449891567230
0.0375799983739852 5.0749211311340330 0.3491609990596771
0.0301970001310110 5.0947270393371580 0.3709270060062408
0.0197490006685257 5.0952448844909670 0.3824830055236817
0.0187970008701086 5.0819849967956540 0.3826929926872253
0.0286040008068084 5.0834050178527830 0.3738409876823425
0.0087230000644922 5.1243901252746580 0.3684230148792267
0.1690230071544647 5.2205657958984380 0.2415799945592880
0.1787939965724945 5.2339320182800290 0.2481099963188172
0.1925099939107895 5.2860717773437500 0.2212760001420975
0.2099460065364838 5.3569788932800290 0.1619089990854263
0.2016140073537827 5.3358001708984380 0.1818210035562515
0.0203789994120597 4.9829711914062500 0.3252710103988648
0.0227429997175931 5.0743870735168450 0.3729319870471955
0.0160419996827840 5.0725250244140630 0.3767989873886108
0.0102500002831220 5.0614929199218750 0.3588350117206573
0.0168890003114938 5.2678828239440920 0.3265599906444550
0.0406659990549087 5.2306518554687500 0.2995440065860748
0.0807470008730888 5.2117919921875000 0.2795270085334778
0.0759989991784095 5.1955409049987800 0.2784830033779144
0.0805350020527839 5.2313227653503420 0.2755500078201294
0.1523219943046570 5.2307739257812500 0.2569209933280945
0.1694349944591522 5.2491297721862790 0.2699849903583527
0.0177149996161460 4.9127659797668450 0.2823779881000519
0.0206819996237754 5.0100250244140630 0.3387669920921325
0.0101570002734661 5.0946807861328130 0.3857190012931824
0.0098200002685189 5.0816349983215330 0.3858459889888764
0.0788379982113838 5.2726140022277830 0.3063110113143921
0.0830679982900619 5.2952880859375000 0.3188869953155517
0.0570570006966590 5.2092127799987800 0.2804380059242249
0.0617710016667842 5.2106318473815920 0.2783069908618927
0.1554470062255860 5.2117462158203120 0.2485380023717880
0.1624449938535690 5.2394409179687500 0.2616829872131348
0.1691659986972809 5.2880249023437500 0.2768079936504364
0.1655350029468536 5.2706298828125000 0.2808690071105957
0.0154330004006624 4.9967350959777830 0.3393490016460419
0.0185679998248815 5.0624389648437500 0.3376139998435974
0.0120529998093843 5.0568699836730960 0.3469609916210175
0.0139779997989535 5.0610351562500000 0.3480840027332306
0.0082080001011490 5.0708618164062500 0.3793509900569916
0.0050960001535713 5.0588841438293460 0.3594419956207276
0.0751969963312149 5.3140559196472170 0.3215039968490600
0.0793029963970184 5.2586522102355960 0.2974300086498260
0.0622790008783340 5.2135472297668450 0.2755829989910126
0.1484709978103638 5.2343440055847170 0.2589060068130493
0.1571819931268692 5.2452239990234370 0.2674559950828552
0.1516329944133758 5.3171081542968750 0.2885020077228546
0.2186930030584335 5.3807067871093750 0.1378349959850311
0.0092690000310540 4.9844360351562500 0.3287160098552704
0.0063269999809563 5.0525360107421880 0.3479799926280975
0.1033200025558472 5.2957611083984380 0.3127450048923492
0.0984970033168792 5.3176569938659670 0.3150480091571808
0.0972779989242553 5.2787628173828130 0.3066009879112244
0.0553210005164146 5.2185058593750000 0.2808989882469177
0.1586399972438812 5.2592620849609380 0.2807689905166626
0.1533749997615814 5.3000340461730960 0.2914690077304840
0.1467400044202804 5.2771611213684080 0.2947550117969513
0.1264429986476898 5.3194122314453130 0.3039349913597107
0.0090220002457499 4.9082789421081540 0.2837319970130920
0.1189529970288277 5.2805628776550290 0.3038429915904999
0.1287100017070770 5.2984771728515620 0.3052909970283508
0.0963369980454444 5.2669367790222170 0.2989960014820099
0.0840900018811225 5.2517399787902840 0.2883119881153107
0.0883769989013671 5.2429499626159670 0.2853029966354370
0.1842039972543716 5.4006810188293460 0.2137300074100494
0.1945369988679886 5.4300842285156250 0.1921070069074631
0.1142110005021095 5.2713317871093750 0.2980450093746186
0.1484149992465973 5.2507781982421880 0.2744899988174438
0.1358419954776764 5.2685999870300290 0.2916730046272278
0.0986739993095397 5.2568969726562500 0.2888750135898590
0.1002259999513626 5.2477722167968750 0.2867029905319214
0.1374060064554214 5.2424769401550290 0.2670759856700897
0.1570609956979752 5.4152069091796880 0.2441080063581467
0.1139139980077744 5.2600250244140630 0.2877129912376404
0.1125919967889786 5.2478637695312500 0.2739149928092956
0.1148969978094101 5.2512359619140630 0.2868709862232208
0.1295759975910187 5.2580871582031250 0.2839809954166412
0.1243909969925880 5.2472839355468750 0.2723099887371063
0.1707949936389923 5.4506988525390620 0.2243849933147430
0.1393959969282150 5.4665679931640630 0.2449070066213608
0.1100270003080368 5.4774627685546870 0.2566590011119843
0.0779490023851394 5.4379878044128420 0.2917090058326721
0.1036960035562515 5.4318079948425290 0.2815830111503601
0.0841130018234252 5.4859161376953130 0.2652370035648346
0.0514240004122257 5.3951110839843750 0.3122940063476563
0.0755520015954971 5.3906397819519040 0.3068169951438904
0.0999339967966079 5.3889770507812500 0.2974779903888702
0.1237619966268539 5.3866271972656250 0.2833350002765655
0.1486109942197800 5.3785858154296880 0.2636969983577728
0.1756059974431992 5.3649139404296880 0.2349860072135925
0.0205569993704557 5.2312159538269040 0.3180269896984100
0.0144279999658465 5.2364959716796880 0.3212420046329498
0.0668120011687278 5.1782989501953130 0.2854549884796143
0.0339870005846023 5.1868901252746580 0.3048410117626190
0.0387130007147789 5.1312260627746580 0.3231010138988495
0.0533180013298988 5.0495448112487800 0.3142220079898834
0.0513980016112327 5.0125122070312500 0.3217239975929260
0.0459560006856918 4.9989781379699710 0.3266479969024658
0.1358290016651154 5.2056879997253420 0.2696189880371094
0.1419070065021515 5.1867070198059080 0.2638010084629059
0.1510230004787445 5.1634831428527830 0.2600019872188568
0.1608590036630630 5.1497340202331550 0.2626749873161316
0.1472239941358566 5.1275019645690920 0.2826269865036011
0.0365579985082149 4.9910578727722170 0.3319280147552490
0.0294320005923509 4.9805450439453130 0.3197639882564545
0.0259269997477531 4.9188079833984380 0.2788310050964356
0.1453139930963516 4.9671630859375000 0.1797849982976914
0.1377590000629425 4.9622797966003420 0.2044340074062348
0.1613149940967560 4.9980158805847170 0.1364260017871857
0.1685480028390884 5.0232090950012200 0.1483879983425140
0.1430590003728867 4.9975128173828130 0.2238200008869171
0.1740339994430542 5.1898498535156250 0.2288949936628342
0.1608940064907074 5.1998291015625000 0.2469169944524765
0.2196239978075028 5.1517791748046870 0.0545409992337226
0.1290760040283203 5.4262537956237790 0.2667669951915741
0.0257280003279447 5.4486851692199710 0.3020940124988556
0.0390160009264946 5.1117100715637210 0.3352470099925995
0.0237329993396997 5.1293950080871580 0.3503090143203735
0.0172990001738071 5.1342320442199710 0.3567349910736084
0.0086909998208284 5.1369171142578120 0.3603470027446747
0.1563089936971664 5.2259979248046870 0.2512809932231903
0.1561149954795837 5.1925811767578120 0.2526119947433472
0.1700530052185059 5.1826930046081540 0.2351309955120087
0.1841139942407608 5.1705470085144040 0.2296860069036484
0.1995159983634949 5.1646728515625000 0.2070019990205765
0.0270719993859529 5.1069340705871580 0.3659729957580566
0.0184630006551742 5.1101379394531250 0.3747999966144562
0.0089269997552037 5.1108250617980960 0.3785229921340942
0.0283659994602203 5.4970860481262210 0.2730880081653595
0.0529760010540485 5.0653529167175300 0.3118009865283966
0.0476000010967254 5.1024022102355960 0.3242929875850678
0.0482489988207817 5.2183990478515620 0.2869209945201874
0.0892819985747337 5.0693821907043460 0.3097630143165588
0.0778689980506897 5.0491180419921880 0.3020989894866943
0.0756800025701522 5.0358119010925290 0.3039509952068329
0.1233119964599609 5.1304020881652830 0.2963109910488129
0.1174470037221908 5.1495671272277830 0.2861480116844177
0.1108789965510368 5.1596980094909670 0.2789579927921295
0.1113599985837936 5.1862788200378420 0.2740159928798676
0.0285580009222030 5.0602421760559080 0.3298609852790833
0.0750240013003349 5.0224609375000000 0.3047379851341247
0.0702830031514167 5.0120239257812500 0.3080460131168365
0.0623219981789589 5.0019378662109380 0.3140079975128174
0.0669300034642219 4.9753417968750000 0.3065960109233856
0.0649069994688034 4.9671478271484380 0.3018630146980285
0.0581279993057250 4.9629821777343750 0.2942799925804138
0.0581949986517429 4.9375309944152830 0.2769779860973358
0.0554279983043670 5.1911010742187500 0.2845790088176727
0.0646850019693374 5.2035222053527830 0.2794969975948334
0.0672070011496543 5.2206420898437500 0.2763540148735046
0.0131489997729659 5.0634160041809080 0.3584409952163696
0.0182099994271993 5.0520482063293460 0.3376269936561585
0.0347520001232624 5.0791630744934080 0.3629350066184998
0.0372680015861988 5.0611572265625000 0.3235889971256256
0.0062339999713003 5.0637660026550290 0.3695439994335174
0.0124319996684789 5.0662989616394040 0.3684599995613098
0.0161210000514984 5.0673980712890620 0.3667890131473541
0.0172380004078149 5.0676269531250000 0.3552449941635132
0.1546519994735718 5.2359008789062500 0.2637900114059448
0.1503050029277802 5.2384638786315920 0.2679710090160370
0.1411959975957871 5.2430109977722170 0.2742120027542114
0.1272179931402206 5.2483830451965330 0.2823059856891632
0.0608879998326301 5.2151341438293460 0.2779960036277771
0.0691609978675842 5.2113041877746580 0.2781650125980377
0.0897229984402656 5.2070617675781250 0.2799760103225708
0.1108459979295731 5.2048029899597160 0.2771640121936798
0.1493130028247833 5.2074742317199710 0.2594529986381531
0.1754100024700165 5.2406158447265630 0.2583459913730621
0.2078530043363571 5.4059910774230960 0.1645590066909790
0.1987760066986084 5.3810877799987800 0.1874610036611557
0.1906380057334900 5.3537750244140630 0.2068780064582825
0.1828899979591370 5.2972869873046870 0.2468270063400268
0.1796240061521530 5.2784271240234370 0.2587830126285553
0.1761559993028641 5.2584381103515620 0.2648519873619080
0.1581519991159439 5.2321619987487800 0.2584739923477173
0.1672050058841705 5.2335968017578120 0.2551240026950836
0.1525509953498840 5.2097020149230960 0.2542650103569031
0.0315029993653297 5.3055109977722170 0.3286829888820648
0.0532299987971782 5.3081049919128420 0.3259969949722290
0.0668860003352165 5.2922520637512200 0.3217299878597260
0.0634159967303276 5.2661590576171870 0.3065359890460968
0.0666600018739700 5.2494201660156250 0.2948080003261566
0.0737420022487640 5.2433319091796880 0.2861919999122620
0.0796490013599395 5.2347111701965330 0.2817929983139038
0.0900600031018257 5.0119628906250000 0.2923730015754700
0.0924059972167015 5.0204157829284670 0.2938530147075653
0.1124439984560013 5.0375981330871580 0.2988899946212769
0.1265109926462173 5.1074070930480960 0.3007670044898987
0.0079439999535679 4.8950347900390620 0.2950739860534668
0.0088330004364252 4.8806610107421880 0.2916119992733002
0.0077729998156428 4.8722991943359370 0.2823320031166077
0.0103690000250935 4.8445281982421880 0.2748920023441315
0.0114770000800490 4.8271942138671870 0.2736760079860687
0.0142470002174377 4.8045649528503420 0.2662990093231201
0.0118049997836351 4.7847142219543460 0.2391439974308014
0.0149210002273321 4.7970890998840330 0.2074840068817139
0.0208139996975660 4.8209991455078120 0.1615729928016663
0.0198439992964267 4.8325500488281250 0.1448770016431808
0.0185819994658231 4.8989109992980960 0.2936770021915436
0.0191810000687837 4.8857421875000000 0.2914560139179229
0.0187589991837739 4.8764038085937500 0.2819969952106476
0.0216480009257793 4.8477630615234370 0.2729530036449432
0.0238310005515813 4.8303828239440920 0.2705599963665009
0.0274529997259378 4.8041992187500000 0.2606880068778992
0.0261519998311996 4.7869257926940920 0.2317059934139252
0.0302789993584156 4.8036189079284670 0.2016000002622604
0.0351429991424083 4.8291168212890620 0.1590169966220856
0.0367369987070560 4.8372039794921880 0.1458529978990555
0.0263509992510080 4.9054408073425290 0.2911700010299683
0.0291830003261566 4.8918910026550290 0.2902559936046600
0.0293290000408887 4.8820190429687500 0.2810570001602173
0.0324969999492168 4.8531188964843750 0.2701919972896576
0.0360039994120597 4.8278498649597160 0.2645640075206756
0.0412370003759861 4.8047790527343750 0.2517090141773224
0.0416090004146099 4.7932739257812500 0.2242510020732880
0.0466119982302188 4.8123469352722170 0.1969749927520752
0.0528980009257793 4.8341979980468750 0.1603779941797256
0.0544530004262924 4.8412170410156250 0.1452800035476684
0.0618989989161491 4.9314579963684080 0.2809999883174896
0.0626270025968551 4.9294281005859370 0.2803989946842194
0.0647310018539428 4.9195251464843750 0.2751629948616028
0.0820449963212013 4.8653721809387210 0.2451079934835434
0.0864320024847984 4.8518371582031250 0.2315240055322647
0.0916030034422874 4.8421630859375000 0.2042469978332520
0.0976089984178543 4.8460388183593750 0.1726720035076141
0.1080830022692680 4.8617401123046870 0.1408189982175827
0.0362319983541965 5.0363621711730960 0.3277300000190735
0.0230810008943080 5.0403590202331550 0.3346210122108460
0.0117699997499585 5.0362849235534670 0.3391959965229034
0.0816169977188110 4.9844670295715330 0.2945539951324463
0.0875009968876838 4.9548192024230960 0.2745330035686493
0.0917610004544258 4.9328918457031250 0.2676840126514435
0.0800879970192909 4.9163970947265630 0.2654080092906952
0.0690009966492652 4.9040679931640630 0.2668699920177460
0.0574910007417202 4.8895869255065920 0.2682250142097473
0.0316179990768432 4.8695368766784670 0.2729029953479767
0.0195450000464916 4.8618769645690920 0.2745630145072937
0.0081209996715188 4.8581700325012200 0.2757819890975952
0.0182939991354942 4.8068537712097160 0.1871549934148788
0.0337730012834072 4.8162231445312500 0.1819439977407455
0.0504239983856678 4.8248901367187500 0.1768449991941452
0.0881349965929985 4.8403630256652830 0.1606400012969971
0.1035280004143715 4.8541722297668450 0.1550589948892593
0.1134039983153343 4.8736419677734370 0.1532730013132095
0.1296550035476685 4.9137420654296880 0.1558319926261902
0.1519709974527359 5.0018157958984380 0.1986269950866699
0.1754859983921051 5.0987548828125000 0.2423249930143356
0.1770160049200058 5.1275482177734370 0.2502680122852325
0.1718029975891113 5.1534881591796880 0.2517859935760498
0.1183039993047714 4.8814997673034670 0.1379700005054474
0.1357129961252212 4.9250488281250000 0.1369249969720840
0.1535039991140366 4.9803619384765630 0.1554149985313416
0.1604679971933365 5.0095210075378420 0.1707839965820313
0.1857459992170334 5.1089320182800290 0.2222840040922165
0.1001629978418350 4.9405360221862790 0.2671830058097839
0.1053010001778603 4.9385218620300290 0.2608219981193542
0.1109860017895699 4.9352259635925290 0.2507719993591308
0.1214980036020279 4.9293370246887210 0.2255319952964783
0.1316049993038177 4.9319148063659670 0.1891520023345947
0.1373559981584549 4.9352421760559080 0.1632200032472611
0.1455579996109009 4.9518589973449710 0.1411270052194595
0.1558790057897568 4.9770660400390620 0.1174039989709854
0.1605830043554306 4.9876861572265630 0.0877230018377304
0.0906519964337349 4.9430079460144040 0.2705489993095398
0.0827829986810684 4.9463348388671870 0.2729690074920654
0.0788090005517006 4.9484410285949710 0.2760559916496277
0.0760900005698204 4.9505000114440920 0.2753640115261078
0.0747610032558441 4.9488830566406250 0.2761059999465942
0.1934860050678253 5.1492462158203120 0.2210250049829483
0.1639049947261810 5.2047581672668450 0.2408030033111572
0.1878069937229156 5.1793670654296880 0.2193830013275147
0.1770890057086945 5.1974492073059080 0.2239439934492111
0.1659269928932190 5.2080688476562500 0.2367220073938370
0.1576959937810898 5.2216801643371580 0.2463700026273727
0.1582269966602325 5.2141571044921880 0.2439710050821304
0.1623550057411194 5.2220458984375000 0.2461960017681122
0.0258269999176263 5.3962402343750000 0.3158810138702392
0.0521260015666484 5.4432830810546870 0.2987450063228607
0.0570189990103244 5.4936218261718750 0.2702530026435852
0.0098019996657967 5.1937408447265630 0.3317349851131439
0.0338549986481666 5.1726379394531250 0.3141500055789948
0.0450569987297058 5.1595921516418460 0.3101209998130798
0.0961989983916282 5.1266169548034670 0.3066659867763519
0.1502240002155304 5.0967411994934080 0.2816010117530823
0.1650509983301163 5.0960240364074710 0.2614499926567078
0.1963620036840439 5.1242828369140630 0.2005420029163361
0.2049169987440109 5.1469421386718750 0.1836269944906235
0.1706929951906204 5.3085331916809080 0.2690199911594391
0.1688569933176041 5.0145869255065920 0.1096540018916130
0.2069689929485321 5.1234741210937500 0.1240630000829697
0.2057580053806305 5.1209259033203120 0.0909809991717338
0.1858810037374496 5.1353302001953130 0.2352000027894974
0.2090570032596588 5.1690979003906250 0.1723590046167374
0.2194129973649979 5.3296661376953130 0.1361790001392364
0.2150319963693619 5.1552281379699710 0.1179390028119087
0.2290409952402115 5.3502039909362790 0.1080730035901070
0.1972900032997131 5.2266540527343750 0.1977110058069229
0.1423030048608780 5.1473078727722170 0.2761220037937164
0.1331039965152740 5.1605219841003420 0.2699210047721863
0.1266099959611893 5.1862788200378420 0.2707960009574890
0.1234849989414215 5.2044830322265630 0.2742739915847778
0.0487559996545314 5.0862431526184080 0.3393220007419586
0.1587319970130920 5.2176971435546870 0.2433069944381714
0.1599369943141937 5.2167510986328130 0.2426850050687790
0.1668989956378937 5.2119288444519040 0.2347420006990433
0.1790830045938492 5.2032470703125000 0.2226250022649765
0.1893170028924942 5.1990661621093750 0.2075909972190857
0.1992020010948181 5.1921839714050290 0.1912200003862381
0.2085629999637604 5.1896510124206540 0.1660079956054687
0.2187550067901611 5.1887512207031250 0.1134330034255981
0.2216780036687851 5.1884460449218750 0.0859000012278556
0.2243019938468933 5.1883850097656250 0.0554100014269351
0.0629630014300346 5.1012420654296880 0.3160740137100220
0.0712770000100135 5.1378021240234370 0.3080010116100311
0.0732989981770515 5.1488041877746580 0.3015669882297516
0.0759719982743263 5.1614837646484380 0.2922950088977814
0.0556479990482330 5.0271000862121580 0.3172160089015961
0.0373420007526874 5.0219569206237790 0.3294549882411956
0.0375749990344047 5.0036768913269040 0.3318159878253937
0.0502780005335807 5.0758361816406250 0.3277580142021179
0.0511789992451667 5.0898737907409670 0.3289209902286529
0.0247060004621744 5.2020568847656250 0.3125529885292053
0.0248620007187128 5.1838231086730960 0.3212200105190277
0.0239870008081197 5.1504969596862790 0.3383199870586396
0.0293060000985860 5.1216130256652830 0.3425070047378540
0.0319899991154670 5.1110081672668450 0.3502559959888458
0.0328329987823963 5.1035609245300290 0.3583030104637146
0.0353260003030300 5.0929870605468750 0.3620249927043915
0.0361629985272884 5.0867772102355960 0.3623279929161072
-0.0000849999996717 5.3457951545715330 0.3261460065841675
0.0286970008164644 5.3455052375793460 0.3254590034484863
0.0538740009069442 5.3459930419921880 0.3225519955158234
0.0785719975829124 5.3471221923828130 0.3165090084075928
0.1046380028128624 5.3500061035156250 0.3066479861736298
0.1281909942626953 5.3500370979309080 0.2938440144062042
0.1494289934635162 5.3460688591003420 0.2783339917659760
0.1717920005321503 5.3348240852355960 0.2560859918594360
0.1879860013723373 5.3241419792175300 0.2251639962196350
0.1973810046911240 5.3131098747253420 0.1986739933490753
0.2035609930753708 5.2950129508972170 0.1756179928779602
0.2105039954185486 5.2451930046081540 0.1410319954156876
0.0516079999506473 5.0830230712890620 0.3274990022182465
0.0734829977154731 4.8470311164855960 0.1388559937477112
0.0713939964771270 4.8406372070312500 0.1538559943437576
0.0683329999446868 4.8327031135559080 0.1690219938755036
0.0666930004954338 4.8234558105468750 0.1869450062513351
0.0601000003516674 4.8047032356262210 0.2187689989805221
0.0572540014982223 4.8117070198059080 0.2413759976625443
0.0521209985017776 4.8314061164855960 0.2545500099658966
0.0476830005645751 4.8564910888671870 0.2641260027885437
0.0456839986145496 4.8795471191406250 0.2705250084400177
0.0409010015428066 4.8904418945312500 0.2793729901313782
0.0387630015611648 4.9002079963684080 0.2885569930076599
0.0373600013554096 4.9120178222656250 0.2882649898529053
0.0368719995021820 4.9255828857421880 0.2783370018005371
0.0399780012667179 4.9755549430847170 0.3110879957675934
0.0452059991657733 4.9859919548034670 0.3256649971008301
0.0428070016205310 5.0649719238281250 0.3235409855842590
0.0195480007678270 5.0809941291809080 0.3400219976902008
0.1760279983282089 5.0372471809387210 0.1288029998540878
0.1781210005283356 5.0418400764465330 0.1028190031647682
0.0982239991426467 4.8631439208984380 0.1156089976429939
0.0201159995049238 4.8394317626953130 0.1335600018501282
0.0373389981687068 4.8425598144531250 0.1326510012149811
-0.0000470000013592 4.8374018669128420 0.1329379975795746
0.0555379986763000 4.8460998535156250 0.1321589946746826
0.0771469995379447 4.8518981933593750 0.1252990067005157
0.0754669979214668 4.8864440917968750 0.2591719925403595
0.2165810018777847 5.2857818603515620 0.1361249983310700
0.2251680046319962 5.2974548339843750 0.1150489971041679
0.2331580072641373 5.3087158203125000 0.0870539993047714
0.1609220057725906 5.2270359992980960 0.2522070109844208
0.1684090048074722 5.2261657714843750 0.2474849969148636
0.1801819950342178 5.2267460823059080 0.2396100014448166
0.1883810013532638 5.2308502197265630 0.2261029928922653
0.1950320005416870 5.2414250373840330 0.2101749926805496
0.2017309963703156 5.2535710334777830 0.1835950016975403
0.2077759951353073 5.2739257812500000 0.1561309993267059
0.2134220004081726 5.2157440185546870 0.1344420015811920
0.2180680036544800 5.2196202278137210 0.1128180027008057
0.2225130051374436 5.2230072021484380 0.0884839966893196
0.2262080013751984 5.2255711555480960 0.0600470006465911
0.1610369980335236 5.2187647819519040 0.2429810017347336
0.1679950058460236 5.2158808708190920 0.2368299961090088
0.1793110072612763 5.2099299430847170 0.2252140045166016
0.1895730048418045 5.2098541259765630 0.2100020051002502
0.1991409957408905 5.2085881233215330 0.1892070025205612
0.2071390002965927 5.2095489501953130 0.1626330018043518
-0.0917259976267814 4.8425288200378420 0.2045589983463287
-0.0976099967956543 4.8460388183593750 0.1726740002632141
-0.1097719967365265 4.8708949089050290 0.1731539964675903
-0.1024739965796471 4.8665308952331550 0.2052659988403320
-0.0118159996345639 4.7847142219543460 0.2391439974308014
-0.0149309998378157 4.7970890998840330 0.2074790000915527
-0.0302869994193315 4.8036189079284670 0.2015980035066604
-0.0261620003730058 4.7869257926940920 0.2317019999027252
-0.0864479988813400 4.8518981933593750 0.2315430045127869
-0.0969429984688758 4.8708190917968750 0.2298800051212311
-0.1134060025215149 4.8736419677734370 0.1532759964466095
-0.1183049976825714 4.8815159797668450 0.1379739940166473
-0.1357170045375824 4.9250488281250000 0.1369280070066452
-0.1296689957380295 4.9137568473815920 0.1558409929275513
-0.0142510002478957 4.8045649528503420 0.2662949860095978
-0.0274589993059635 4.8041992187500000 0.2606840133666992
-0.0415790006518364 4.7932891845703120 0.2242199927568436
-0.0466319993138313 4.8123469352722170 0.1969799995422363
-0.0667010024189949 4.8234558105468750 0.1869450062513351
-0.0600849986076354 4.8046717643737790 0.2187879979610443
-0.0820519998669624 4.8654332160949710 0.2451370060443878
-0.0920849964022636 4.8828120231628420 0.2443300038576126
-0.1169869974255562 4.9093317985534670 0.2154279947280884
-0.1249959990382194 4.9095759391784670 0.1789640039205551
-0.1316069960594177 4.9319148063659670 0.1891559958457947
-0.1214990019798279 4.9293370246887210 0.2255319952964783
-0.1455589979887009 4.9518589973449710 0.1411290019750595
-0.1373579949140549 4.9352421760559080 0.1632249951362610
-0.0114799998700618 4.8271942138671870 0.2736760079860687
-0.0238370001316070 4.8303828239440920 0.2705590128898620
-0.0412419997155666 4.8047790527343750 0.2517080008983612
-0.0571580007672309 4.8117070198059080 0.2414669990539551
-0.0797440037131309 4.8226618766784670 0.2085780054330826
-0.0730009973049163 4.8314671516418460 0.2356400042772293
-0.1085690036416054 4.9125981330871580 0.2398360073566437
-0.1222589984536171 5.0085601806640630 0.2836599946022034
-0.0969699993729591 4.9949488639831550 0.2866140007972717
-0.1104089990258217 4.9514160156250000 0.2625640034675598
-0.1244689971208572 4.9549708366394040 0.2394320070743561
-0.1437820047140121 4.9428248405456540 0.1150830015540123
-0.1503459960222244 4.9588928222656250 0.0913420021533966
-0.1605840027332306 4.9876861572265630 0.0877320021390914
-0.1558790057897568 4.9770660400390620 0.1174030005931854
-0.0360069982707500 4.8278498649597160 0.2645629942417145
-0.0521269999444484 4.8314061164855960 0.2545489966869354
-0.1109860017895699 4.9352259635925290 0.2507719993591308
-0.0800879970192909 4.9163970947265630 0.2654089927673340
-0.0690020024776458 4.9040679931640630 0.2668699920177460
-0.0754700005054473 4.8864440917968750 0.2591719925403595
-0.0849030017852783 4.9005279541015620 0.2595210075378418
-0.1028250008821488 4.9199070930480960 0.2523390054702759
-0.1053010001778603 4.9385218620300290 0.2608219981193542
-0.0081259999424219 4.8581700325012200 0.2757819890975952
-0.0103749996051192 4.8445281982421880 0.2748920023441315
-0.0216520000249147 4.8477630615234370 0.2729530036449432
-0.0195509996265173 4.8618769645690920 0.2745630145072937
-0.1046520024538040 4.9517822265625000 0.2694079875946045
-0.1760289967060089 5.0372471809387210 0.1288029998540878
-0.2069810032844543 5.1235051155090330 0.1240689978003502
-0.2060119956731796 5.1303710937500000 0.1558430045843124
-0.1685490012168884 5.0232090950012200 0.1483889967203140
-0.0316240005195140 4.8695368766784670 0.2729029953479767
-0.0325010009109973 4.8531188964843750 0.2701910138130188
-0.0476870015263557 4.8564910888671870 0.2641249895095825
-0.0456879995763301 4.8795471191406250 0.2705250084400177
-0.0627100020647049 4.8697972297668450 0.2602599859237671
-0.0574930012226104 4.8895869255065920 0.2682250142097473
-0.0626259967684745 4.9294281005859370 0.2804000079631805
-0.0647310018539428 4.9195251464843750 0.2751640081405640
-0.0742890015244484 4.9278721809387210 0.2715170085430145
-0.0718099996447563 4.9371190071105960 0.2762799859046936
-0.0977239981293678 4.9279022216796880 0.2628509998321533
-0.0917619988322258 4.9328918457031250 0.2676840126514435
-0.0927689969539642 4.9909210205078120 0.2861390113830566
-0.1124449968338013 5.0375981330871580 0.2988919913768768
-0.0924059972167015 5.0204157829284670 0.2938530147075653
-0.0088349999859929 4.8806610107421880 0.2916159927845001
-0.0077729998156428 4.8722991943359370 0.2823320031166077
-0.0187630001455545 4.8764038085937500 0.2819969952106476
-0.0191820003092289 4.8857421875000000 0.2914560139179229
-0.1001629978418350 4.9405360221862790 0.2671830058097839
-0.0906519964337349 4.9430079460144040 0.2705489993095398
-0.0900600031018257 5.0119628906250000 0.2923730015754700
-0.0778699964284896 5.0491180419921880 0.3020989894866943
-0.0892819985747337 5.0693821907043460 0.3097630143165588
-0.0943659991025924 5.1549220085144040 0.2898640036582947
-0.0958489999175071 5.1393737792968750 0.3000740110874176
-0.1233059987425804 5.1304020881652830 0.2963129878044129
-0.1174229979515076 5.1495971679687500 0.2861309945583343
-0.0291830003261566 4.8918910026550290 0.2902559936046600
-0.0293329991400241 4.8820190429687500 0.2810570001602173
-0.0409029982984066 4.8904571533203120 0.2793720066547394
-0.0387660004198551 4.9002079963684080 0.2885560095310211
-0.0530349984765052 4.9060211181640630 0.2788630127906799
-0.0505909994244575 4.9138951301574710 0.2850989997386932
-0.0618989989161491 4.9314579963684080 0.2809999883174896
-0.0703769996762275 4.9389648437500000 0.2776739895343780
-0.0817890018224716 4.9401698112487800 0.2726869881153107
-0.0798010006546974 4.9434199333190920 0.2735809981822968
-0.0875020027160644 4.9548192024230960 0.2745339870452881
-0.0944340005517006 4.9546971321105960 0.2741889953613281
-0.0882909968495369 4.9887700080871580 0.2894270122051239
-0.0816169977188110 4.9844670295715330 0.2945559918880463
-0.0756800025701522 5.0358119010925290 0.3039509952068329
-0.0079439999535679 4.8950347900390620 0.2950739860534668
-0.0185819994658231 4.8989109992980960 0.2936779856681824
-0.0581949986517429 4.9375309944152830 0.2769779860973358
-0.0669429972767829 4.9438171386718750 0.2757000029087067
-0.0827820003032684 4.9463348388671870 0.2729679942131043
-0.0787819996476173 4.9484248161315920 0.2760199904441834
-0.0778129994869232 4.9974980354309080 0.3005909919738769
-0.0834980010986328 5.0050048828125000 0.2964150011539459
-0.0750240013003349 5.0224609375000000 0.3047379851341247
-0.0492219999432563 5.1187438964843750 0.3194499909877777
-0.0568730011582374 5.1493840217590330 0.3080910146236420
-0.0450580008327961 5.1596679687500000 0.3100869953632355
-0.0387100018560886 5.1312260627746580 0.3231030106544495
-0.1108700037002564 5.1596980094909670 0.2789579927921295
-0.0940930023789405 5.1631321907043460 0.2832019925117493
-0.1858779937028885 5.1353302001953130 0.2352049946784973
-0.1790309995412827 5.1608428955078120 0.2406499981880188
-0.1718010008335114 5.1534881591796880 0.2517910003662109
-0.1770199984312058 5.1275939941406250 0.2502709925174713
-0.0090220002457499 4.9082951545715330 0.2837319970130920
-0.0177149996161460 4.9127659797668450 0.2823779881000519
-0.0263509992510080 4.9054408073425290 0.2911700010299683
-0.0373600013554096 4.9120178222656250 0.2882649898529053
-0.0470400005578994 4.9209899902343750 0.2850610017776489
-0.0765950009226799 4.9474639892578120 0.2765470147132874
-0.0816819965839386 4.9528660774230960 0.2768839895725250
-0.0778860002756118 4.9777531623840330 0.2966659963130951
-0.0723360031843185 4.9660949707031250 0.2962650060653686
-0.0777999982237815 4.9520568847656250 0.2785159945487976
-0.0582780018448829 5.1601409912109380 0.3020969927310943
-0.0620540007948875 5.1717829704284670 0.2926680147647858
-0.0514010004699230 5.1826629638671870 0.2909989953041076
-0.0462689995765686 5.1722722053527830 0.3022249937057495
-0.1113590002059936 5.1863098144531250 0.2740310132503509
-0.0984859988093376 5.1882019042968750 0.2758440077304840
-0.1330859959125519 5.1605529785156250 0.2699069976806641
-0.1266119927167892 5.1863098144531250 0.2708140015602112
-0.1661089956760406 5.1734008789062500 0.2441129982471466
-0.1601279973983765 5.1667327880859370 0.2528170049190521
-0.0259269997477531 4.9188079833984380 0.2788310050964356
-0.0368719995021820 4.9255828857421880 0.2783370018005371
-0.0485639981925487 4.9314270019531250 0.2782079875469208
-0.0726779997348785 4.9472661018371580 0.2754940092563629
-0.0760940015316009 4.9505000114440920 0.2753620147705078
-0.0718109980225563 4.9889831542968750 0.3049730062484741
-0.0669310018420219 4.9753417968750000 0.3065980076789856
-0.0668120011687278 5.1782989501953130 0.2854549884796143
-0.0759660005569458 5.1614837646484380 0.2922979891300202
-0.0796950012445449 5.1687321662902840 0.2853730022907257
-0.0747620016336441 4.9488830566406250 0.2761049866676331
-0.0753090009093284 4.9514617919921880 0.2777369916439056
-0.0714010000228881 4.9608759880065920 0.2928439974784851
-0.0248579997569322 5.1838231086730960 0.3212310075759888
-0.0239840000867843 5.1504969596862790 0.3383249938488006
-0.0305289998650550 5.1415710449218750 0.3301250040531158
-0.0338549986481666 5.1726379394531250 0.3141500055789948
-0.0858710035681724 5.1898350715637210 0.2772729992866516
-0.0759989991784095 5.1955409049987800 0.2784830033779144
-0.2001609951257706 5.1783909797668450 0.1969770044088364
-0.1887599974870682 5.1896209716796880 0.2109629958868027
-0.1878030002117157 5.1793670654296880 0.2193890064954758
-0.1995179951190948 5.1646881103515620 0.2069949954748154
-0.0741460025310516 4.9523620605468750 0.2773570120334625
-0.0655269995331764 4.9572911262512200 0.2867839932441711
-0.0649069994688034 4.9671478271484380 0.3018630146980285
-0.0180019997060298 5.2097320556640630 0.3192119896411896
-0.0107930004596710 5.2134089469909670 0.3232749998569489
-0.0097949998453259 5.1937408447265630 0.3317379951477051
-0.0179469995200634 5.1890110969543460 0.3276979923248291
-0.1007239967584610 5.2454681396484380 0.2735880017280579
-0.1003289967775345 5.2051849365234370 0.2786889970302582
-0.1108459979295731 5.2048029899597160 0.2771640121936798
-0.1126009970903397 5.2478327751159670 0.2739050090312958
-0.1234849989414215 5.2044830322265630 0.2742739915847778
-0.1243899986147880 5.2472839355468750 0.2723079919815063
-0.1770890057086945 5.1974492073059080 0.2239439934492111
-0.1740269958972931 5.1898498535156250 0.2289019972085953
-0.1892669945955276 5.2212829589843750 0.2173500061035156
-0.1895689964294434 5.2098541259765630 0.2100089937448501
-0.1991360038518906 5.2085881233215330 0.1892160028219223
-0.1972900032997131 5.2266850471496580 0.1977210044860840
-0.0581279993057250 4.9629669189453130 0.2942799925804138
-0.0515079982578754 5.0907139778137210 0.3163959980010986
-0.0476050004363060 5.1024022102355960 0.3242970108985901
-0.0483300015330314 5.0991210937500000 0.3313669860363007
-0.0511460006237030 5.0932621955871580 0.3226630091667175
-0.0487580001354217 5.0862431526184080 0.3393230140209198
-0.0479729995131492 5.0947418212890620 0.3376410007476806
-0.0419690012931823 5.0986938476562500 0.3474490046501160
-0.0431119985878467 5.0884251594543460 0.3502849936485290
-0.1438630074262619 5.2382202148437500 0.2632479965686798
-0.1435279995203018 5.2062377929687500 0.2649059891700745
-0.1493130028247833 5.2074742317199710 0.2594529986381531
-0.1484699994325638 5.2343440055847170 0.2589069902896881
-0.1659269928932190 5.2080688476562500 0.2367220073938370
-0.1639039963483811 5.2047581672668450 0.2408030033111572
-0.1867409944534302 5.2406768798828130 0.2360409945249557
-0.1883780062198639 5.2308349609375000 0.2261089980602264
-0.1950280070304871 5.2414250373840330 0.2101860046386719
-0.1919140070676804 5.2546839714050290 0.2237980067729950
-0.0513989999890327 5.0125122070312500 0.3217250108718872
-0.0373420007526874 5.0219569206237790 0.3294549882411956
-0.0375749990344047 5.0036768913269040 0.3318159878253937
-0.0459569990634918 4.9989781379699710 0.3266490101814270
-0.0515520013868808 5.0806732177734370 0.3184869885444641
-0.0529760010540485 5.0653529167175300 0.3118009865283966
-0.0247099995613098 5.1181640625000000 0.3582760095596314
-0.0179319996386766 5.1226959228515620 0.3647100031375885
-0.0184579994529485 5.1101379394531250 0.3748039901256561
-0.0270700007677078 5.1069340705871580 0.3659760057926178
-0.0089260004460811 5.1593170166015620 0.3489559888839722
-0.0170159991830587 5.1558837890625000 0.3450460135936737
-0.0281329993158578 5.2251739501953130 0.3101040124893188
-0.0369610004127025 5.2016911506652830 0.2968260049819946
-0.0406600013375282 5.2306518554687500 0.2995499968528748
-0.0371990017592906 5.2579960823059080 0.3155399858951569
-0.0897099971771240 5.2070770263671870 0.2799769937992096
-0.0899799987673759 5.2391200065612790 0.2764120101928711
-0.0806099995970726 5.2311859130859370 0.2756890058517456
-0.0807470008730888 5.2117919921875000 0.2795270085334778
-0.1787919998168945 5.2339482307434080 0.2481199949979782
-0.1801799982786179 5.2267460823059080 0.2396180033683777
-0.1883009970188141 5.2665710449218750 0.2370759993791580
-0.1826999932527542 5.2495121955871580 0.2502810060977936
-0.0471520014107227 5.0664668083190920 0.3172850012779236
-0.0428070016205310 5.0649719238281250 0.3235409855842590
-0.0372669994831085 5.0611572265625000 0.3235900104045868
-0.0533180013298988 5.0495448112487800 0.3142220079898834
-0.0418500006198883 5.0702819824218750 0.3312900066375732
-0.0417389981448650 5.0723109245300290 0.3375099897384644
-0.0375799983739852 5.0749211311340330 0.3491609990596771
-0.0197459999471902 5.0952448844909670 0.3824839890003204
-0.0301920007914304 5.0947418212890620 0.3709340095520020
-0.0261649992316961 5.2660827636718750 0.3235160112380982
-0.0205540005117654 5.2312159538269040 0.3180319964885711
-0.1754119992256164 5.2406620979309080 0.2583659887313843
-0.0164579991251230 5.0245819091796880 0.3383870124816895
-0.0274229999631643 5.0265498161315920 0.3339819908142090
-0.0230810008943080 5.0403590202331550 0.3346210122108460
-0.0117690004408359 5.0362849235534670 0.3391959965229034
-0.0187970008701086 5.0819849967956540 0.3826929926872253
-0.0286030005663633 5.0834050178527830 0.3738430142402649
-0.0087179997935891 5.1243901252746580 0.3684230148792267
-0.0089220004156231 5.1108250617980960 0.3785240054130554
-0.0668729990720748 5.2922520637512200 0.3217329978942871
-0.0532220005989074 5.3080902099609380 0.3259989917278290
-0.1624359935522079 5.2394409179687500 0.2616890072822571
-0.1671990007162094 5.2336120605468750 0.2551310062408447
-0.1761499941349029 5.2584838867187500 0.2648670077323914
-0.1694290041923523 5.2491297721862790 0.2699950039386749
-0.0277689993381500 4.9966430664062500 0.3373059928417206
-0.0203789994120597 4.9829559326171870 0.3252730071544647
-0.0294320005923509 4.9805450439453130 0.3197639882564545
-0.0365579985082149 4.9910578727722170 0.3319280147552490
-0.0206819996237754 5.0100250244140630 0.3387680053710938
-0.0301169995218515 5.0079798698425290 0.3353829979896545
-0.0227439999580383 5.0743870735168450 0.3729330003261566
-0.0161210000514984 5.0673980712890620 0.3667890131473541
-0.0101520000025630 5.0946807861328130 0.3857200145721436
-0.0168779995292425 5.2678828239440920 0.3265630006790161
-0.0144210001453757 5.2364959716796880 0.3212459981441498
-0.0634559988975524 5.2661437988281250 0.3065100014209747
-0.1571830064058304 5.2452239990234370 0.2674559950828552
-0.0098160002380609 5.0816349983215330 0.3858470022678375
-0.0314819999039173 5.3055272102355960 0.3286849856376648
-0.0788379982113838 5.2726140022277830 0.3063110113143921
-0.0830549970269203 5.2952880859375000 0.3188920021057129
-0.0666590034961700 5.2494349479675300 0.2948090136051178
-0.0793029963970184 5.2586522102355960 0.2974300086498260
-0.1796199977397919 5.2784729003906250 0.2587969899177551
-0.0154330004006624 4.9967350959777830 0.3393490016460419
-0.0120550002902746 5.0568699836730960 0.3469629883766174
-0.0139809995889663 5.0610351562500000 0.3480840027332306
-0.0131510002538561 5.0634160041809080 0.3584409952163696
-0.0102509995922446 5.0614929199218750 0.3588350117206573
-0.0124329999089241 5.0662989616394040 0.3684599995613098
-0.0160429999232292 5.0725097656250000 0.3768000006675720
-0.0082080001011490 5.0708618164062500 0.3793509900569916
-0.0062299999408423 5.0637660026550290 0.3695439994335174
-0.0751809999346733 5.3140559196472170 0.3215070068836212
-0.1033110022544861 5.2957921028137210 0.3127540051937103
-0.0972660034894943 5.2787628173828130 0.3066039979457855
-0.0737550035119056 5.2433471679687500 0.2862229943275452
-0.0840940028429031 5.2517237663269040 0.2883290052413940
-0.0622799992561340 5.2135472297668450 0.2755829989910126
-0.0617710016667842 5.2106318473815920 0.2783069908618927
-0.0691609978675842 5.2113041877746580 0.2781650125980377
-0.0672089979052543 5.2206420898437500 0.2763549983501434
-0.1655260026454925 5.2706298828125000 0.2808780074119568
-0.1691579967737198 5.2880249023437500 0.2768149971961975
-0.1533620059490204 5.3000340461730960 0.2914769947528839
-0.1467269957065582 5.2771911621093750 0.2947660088539124
-0.0088109998032450 5.0463709831237790 0.3417449891567230
-0.0063280002214014 5.0525360107421880 0.3479799926280975
-0.0092700002714991 4.9844360351562500 0.3287169933319092
-0.0182089991867542 5.0520482063293460 0.3376289904117584
-0.0185679998248815 5.0624389648437500 0.3376150131225586
-0.0285580009222030 5.0602421760559080 0.3298609852790833
-0.0050929998978972 5.0588841438293460 0.3594419956207276
-0.0984819978475570 5.3176569938659670 0.3150520026683807
-0.0963369980454444 5.2669367790222170 0.2989960014820099
-0.0482509993016719 5.2183990478515620 0.2869209945201874
-0.0553210005164146 5.2185058593750000 0.2808989882469177
-0.1546529978513718 5.2359008789062500 0.2637900114059448
-0.1503050029277802 5.2384638786315920 0.2679710090160370
-0.1586389988660812 5.2592930793762210 0.2807900011539459
-0.1484149992465973 5.2507781982421880 0.2744910120964050
-0.1286959946155548 5.2985081672668450 0.3053039908409119
-0.1189429983496666 5.2805628776550290 0.3038460016250611
-0.1142100021243095 5.2713317871093750 0.2980450093746186
-0.0986619964241981 5.2568969726562500 0.2888799905776977
-0.0797239989042282 5.2345428466796880 0.2820039987564087
-0.0883530005812645 5.2427978515625000 0.2857100069522858
-0.1358290016651154 5.2685999870300290 0.2916769981384277
-0.1295759975910187 5.2580871582031250 0.2839809954166412
-0.1139030009508133 5.2600398063659670 0.2877199947834015
-0.1002769991755486 5.2476649284362790 0.2867709994316101
-0.1374039947986603 5.2424769401550290 0.2670750021934509
-0.1411959975957871 5.2430109977722170 0.2742120027542114
-0.1945350021123886 5.4300842285156250 0.1921219974756241
-0.1707839965820313 5.4506988525390620 0.2243980020284653
-0.1570470035076141 5.4152531623840330 0.2441190034151077
-0.1841990053653717 5.4006810188293460 0.2137439996004105
-0.1148990020155907 5.2512359619140630 0.2868739962577820
-0.1272179931402206 5.2483830451965330 0.2823059856891632
-0.1393830031156540 5.4665679931640630 0.2449170053005219
-0.1290629953145981 5.4262847900390620 0.2667729854583740
-0.1100040003657341 5.4774928092956540 0.2566550076007843
-0.0779320001602172 5.4379878044128420 0.2917129993438721
-0.1036819964647293 5.4318079948425290 0.2815909981727600
-0.0840850025415420 5.4859471321105960 0.2652280032634735
-0.0569970011711120 5.4936218261718750 0.2702560126781464
-0.0283449999988079 5.4970860481262210 0.2730849981307983
-0.0257060006260871 5.4487152099609380 0.3020809888839722
-0.0521069988608360 5.4432978630065920 0.2987479865550995
-0.0514059998095035 5.3951110839843750 0.3122969865798950
-0.0538589991629123 5.3459930419921880 0.3225559890270233
-0.0785569995641708 5.3471221923828130 0.3165130019187927
-0.0755359977483749 5.3906559944152830 0.3068220019340515
-0.1046250015497208 5.3500061035156250 0.3066549897193908
-0.0999189987778663 5.3889770507812500 0.2974840104579926
-0.1237500011920929 5.3866271972656250 0.2833440005779266
-0.1281760036945343 5.3500370979309080 0.2938539981842041
-0.1494169980287552 5.3460688591003420 0.2783440053462982
-0.1485999971628189 5.3785858154296880 0.2637099921703339
-0.1717859953641892 5.3348240852355960 0.2560969889163971
-0.1755899935960770 5.3649439811706540 0.2349929958581924
-0.1906320005655289 5.3537898063659670 0.2068900018930435
-0.1879809945821762 5.3241419792175300 0.2251770049333572
-0.1973789930343628 5.3131098747253420 0.1986870020627975
-0.2016119956970215 5.3358001708984380 0.1818349957466125
-0.0692159980535507 4.8498229980468750 0.2480590045452118
-0.0487749986350536 5.0782470703125000 0.3382009863853455
-0.0431489981710910 5.0832672119140630 0.3511070013046265
-0.0502789989113807 5.0758361816406250 0.3277580142021179
-0.0339859984815120 5.1868901252746580 0.3048459887504578
-0.0319719985127449 5.1110382080078120 0.3502489924430847
-0.0328309983015060 5.1035609245300290 0.3583039939403534
-0.0420299991965293 5.1052250862121580 0.3417629897594452
-0.0353280007839202 5.0929870605468750 0.3620249927043915
-0.0361649990081787 5.0867772102355960 0.3623270094394684
-0.0347529985010623 5.0791630744934080 0.3629339933395386
-0.1502240002155304 5.0967411994934080 0.2816010117530823
-0.1265079975128174 5.1074070930480960 0.3007700145244598
-0.1472180038690567 5.1275482177734370 0.2826240062713623
-0.1422989964485168 5.1473078727722170 0.2761250138282776
-0.1358300000429153 5.2056879997253420 0.2696200013160706
-0.1495089977979660 5.1881561279296880 0.2581489980220795
-0.1419019997119904 5.1867070198059080 0.2638050019741058
-0.1510200053453445 5.1634669303894040 0.2600049972534180
-0.1453150063753128 4.9671630859375000 0.1797849982976914
-0.1377590000629425 4.9622797966003420 0.2044340074062348
-0.1535059958696365 4.9803619384765630 0.1554149985313416
-0.1604699939489364 5.0095210075378420 0.1707839965820313
-0.1519719958305359 5.0018157958984380 0.1986269950866699
-0.2049250006675720 5.1469879150390620 0.1836329996585846
-0.1963620036840439 5.1242828369140630 0.2005510032176972
-0.1430609971284866 4.9975128173828130 0.2238209992647171
-0.1035460010170937 4.8541870117187500 0.1550659984350204
-0.1650519967079163 5.0960240364074710 0.2614510059356690
-0.1857469975948334 5.1089320182800290 0.2222840040922165
-0.1754879951477051 5.0987401008605960 0.2423260062932968
-0.0961939990520477 5.1266169548034670 0.3066680133342743
-0.0390110015869140 5.1117248535156250 0.3352540135383606
-0.0293109994381666 5.1216130256652830 0.3424940109252930
-0.0086909998208284 5.1369481086730960 0.3603320121765137
-0.0172959994524717 5.1342468261718750 0.3567230105400086
-0.1561120003461838 5.1925811767578120 0.2526189982891083
-0.1700299978256226 5.1827239990234370 0.2351350039243698
-0.1608960032463074 5.1998291015625000 0.2469169944524765
-0.1841100007295609 5.1705470085144040 0.2296919971704483
-0.1673530042171478 5.1265411376953130 0.2639670073986053
-0.2017309963703156 5.2535710334777830 0.1836069971323013
-0.1981180012226105 5.2715001106262210 0.2020570039749146
-0.1925060003995895 5.2861018180847170 0.2212869971990585
-0.1828819960355759 5.2973327636718750 0.2468370050191879
-0.1706780046224594 5.3085632324218750 0.2690240144729614
-0.1516200006008148 5.3171081542968750 0.2885119915008545
-0.1264310032129288 5.3194122314453130 0.3039410114288330
-0.0258099995553493 5.3962402343750000 0.3158810138702392
-0.0286810006946325 5.3455052375793460 0.3254599869251251
-0.0702840015292167 5.0120239257812500 0.3080460131168365
-0.0623219981789589 5.0019378662109380 0.3140090107917786
-0.0237249992787838 5.1294097900390620 0.3503159880638122
-0.0539430007338523 4.9796910285949710 0.3173069953918457
-0.0567770004272460 4.9877929687500000 0.3183040022850036
-0.0452059991657733 4.9859919548034670 0.3256649971008301
-0.0484119988977909 4.9702148437500000 0.3035669922828675
-0.0399780012667179 4.9755549430847170 0.3110879957675934
-0.0466490015387535 5.2036437988281250 0.2864010035991669
-0.0554279983043670 5.1911010742187500 0.2845790088176727
-0.0646770000457763 5.2035222053527830 0.2794989943504333
-0.0570489987730979 5.2092127799987800 0.2804419994354248
-0.0247029997408390 5.2020568847656250 0.3125579953193665
-0.0732889994978904 5.1488041877746580 0.3015710115432739
-0.0713350027799606 5.1378169059753420 0.3079789876937866
-0.0608879998326301 5.2151341438293460 0.2779960036277771
-0.2057600021362305 5.1209259033203120 0.0909920036792755
-0.2170419991016388 5.1532588005065920 0.0875300019979477
-0.2150419950485229 5.1552729606628420 0.1179450005292892
-0.0629620030522346 5.1012730598449710 0.3160809874534607
-0.0346999987959861 5.0475621223449710 0.3261260092258453
-0.0172409992665052 5.0676269531250000 0.3552449941635132
-0.0195480007678270 5.0809941291809080 0.3400219976902008
-0.1582289934158325 5.2141571044921880 0.2439730018377304
-0.1554459929466248 5.2117462158203120 0.2485380023717880
-0.1581529974937439 5.2321619987487800 0.2584750056266785
-0.1525519937276840 5.2097020149230960 0.2542650103569031
-0.1523219943046570 5.2307739257812500 0.2569220066070557
-0.2078479975461960 5.4059910774230960 0.1645739972591400
-0.1987719982862473 5.3811187744140630 0.1874720007181168
-0.1609230041503906 5.2270359992980960 0.2522070109844208
-0.1684090048074722 5.2261657714843750 0.2474859952926636
-0.1563089936971664 5.2259979248046870 0.2512800097465515
-0.0183060001581907 4.8068537712097160 0.1871539950370788
-0.0208250004798173 4.8209991455078120 0.1615729928016663
-0.0337820015847682 4.8162231445312500 0.1819449961185455
-0.0504329986870288 4.8248901367187500 0.1768449991941452
-0.0683410018682479 4.8327031135559080 0.1690219938755036
-0.0529070012271404 4.8341979980468750 0.1603830009698868
-0.0714040026068687 4.8406372070312500 0.1538559943437576
-0.0556479990482330 5.0271000862121580 0.3172169923782349
-0.0351539999246597 4.8291168212890620 0.1590210050344467
-0.1608570069074631 5.1497340202331550 0.2626790106296539
-0.1236660033464432 4.8903050422668450 0.1197019964456558
-0.1613170057535172 4.9980158805847170 0.1364260017871857
-0.1934870034456253 5.1492919921875000 0.2210309952497482
-0.1793130040168762 5.2099299430847170 0.2252150028944015
-0.1798570007085800 5.2184910774230960 0.2312059998512268
-0.1679950058460236 5.2158808708190920 0.2368299961090088
-0.1690230071544647 5.2205657958984380 0.2415799945592880
-0.1610369980335236 5.2187647819519040 0.2429810017347336
-0.1623550057411194 5.2220458984375000 0.2461960017681122
-0.1576959937810898 5.2216801643371580 0.2463690042495728
-0.1688670068979263 5.0146179199218750 0.1096300035715103
-0.2090509980916977 5.1690831184387210 0.1723860055208206
-0.1668989956378937 5.2119288444519040 0.2347429990768433
-0.1599379926919937 5.2167510986328130 0.2426850050687790
-0.1790830045938492 5.2032470703125000 0.2226250022649765
-0.1893139928579331 5.1990661621093750 0.2075989991426468
-0.1991979926824570 5.1921839714050290 0.1912270039319992
-0.0362319983541965 5.0363621711730960 0.3277300000190735
-0.0511789992451667 5.0898737907409670 0.3289240002632141
-0.0516079999506473 5.0830230712890620 0.3274990022182465
-0.2121019959449768 5.1603088378906250 0.1458159983158112
-0.1781219989061356 5.0418400764465330 0.1028200015425682
-0.1710660010576248 5.0185389518737790 0.0784189999103546
-0.2099419981241226 5.3570098876953130 0.1619209945201874
-0.2186889946460724 5.3806920051574710 0.1378490030765533
-0.2196190059185028 5.1517639160156250 0.0545659996569156
-0.2070509940385819 5.1194148063659670 0.0556209981441497
-0.1815720051527023 5.0506291389465330 0.0690490007400512
-0.1308269947767258 4.9060821533203120 0.0994950011372566
-0.0198570005595684 4.8325500488281250 0.1448789983987808
-0.0367450006306171 4.8372039794921880 0.1458559930324555
-0.0544730015099048 4.8412318229675300 0.1452829986810684
-0.0734929963946342 4.8470311164855960 0.1388549953699112
-0.0555489994585514 4.8460998535156250 0.1321520060300827
-0.0771559998393058 4.8518981933593750 0.1252949982881546
-0.0373470000922679 4.8425598144531250 0.1326480060815811
-0.0201309993863105 4.8394317626953130 0.1335619986057281
-0.0954689979553222 4.8552551269531250 0.1309289932250977
-0.0921960026025772 4.8477020263671870 0.1464959979057312
-0.1193979978561401 4.8811187744140630 0.1082390025258064
-0.0982320010662078 4.8631439208984380 0.1156089976429939
-0.0842700004577636 4.8322448730468750 0.1779990047216415
-0.0881579965353012 4.8403778076171870 0.1606439948081970
-0.1080880016088486 4.8617401123046870 0.1408209949731827
-0.1134700030088425 4.8713679313659670 0.1251689940690994
-0.2035630047321320 5.2950592041015620 0.1756290048360825
-0.2039210051298141 5.2336120605468750 0.1700190007686615
-0.2104099988937378 5.3123021125793460 0.1573739945888519
-0.2077720016241074 5.2739257812500000 0.1561429947614670
-0.2105019986629486 5.2451930046081540 0.1410430073738098
-0.2184000015258789 5.2533259391784670 0.1210519969463348
-0.2165780067443848 5.2857818603515620 0.1361369937658310
-0.2194090038537979 5.3296661376953130 0.1361909955739975
-0.2251639962196350 5.2974700927734370 0.1150590032339096
-0.2244949936866760 5.2606511116027830 0.0988970026373863
-0.2290370017290115 5.3502349853515620 0.1080809980630875
-0.2331639975309372 5.3087620735168450 0.0870660021901130
-0.2298489958047867 5.2667241096496580 0.0689759999513626
-0.2216800004243851 5.1884918212890620 0.0859069973230362
-0.2187560051679611 5.1887512207031250 0.1134440004825592
-0.2141979932785034 5.1889801025390620 0.1385049968957901
-0.2243009954690933 5.1883850097656250 0.0554209984838962
-0.2262109965085983 5.2256011962890620 0.0600589998066425
-0.2225120067596436 5.2230072021484380 0.0884950011968612
-0.2071390002965927 5.2095489501953130 0.1626439988613129
-0.2085600048303604 5.1896820068359370 0.1660179942846298
-0.2134169936180115 5.2157750129699710 0.1344510018825531
-0.2180660068988800 5.2196202278137210 0.1128289997577667
-0.1587280035018921 5.2190861701965330 0.2433039993047714
-0.0001160000028903 4.9847869873046870 0.3289600014686584
0.1687610000371933 5.0169367790222170 0.1260759979486465
-0.1687610000371933 5.0169367790222170 0.1260759979486465
0.0668430030345916 5.2262420654296880 0.2792359888553620
0.0591689981520175 5.2340240478515620 0.2844350039958954
0.0553259998559951 5.2358860969543460 0.2898319959640503
0.0502360016107559 5.2474060058593750 0.3004820048809052
0.0552639998495578 5.2873082160949710 0.3230029940605164
0.0405270010232925 5.2887568473815920 0.3261899948120117
0.0256949998438358 5.2872619628906250 0.3280650079250336
-0.0002309999981662 5.2845921516418460 0.3299250006675720
-0.0256849993020296 5.2872920036315920 0.3280700147151947
-0.0405119992792606 5.2887878417968750 0.3261980116367340
-0.0552509985864162 5.2872772216796880 0.3229990005493164
-0.0503179989755153 5.2474207878112790 0.3004480004310608
-0.0553259998559951 5.2358860969543460 0.2898319959640503
-0.0591630004346370 5.2340240478515620 0.2844389975070953
-0.0668509975075721 5.2262420654296880 0.2792499959468842
-0.1082250028848648 5.2084808349609380 0.2719379961490631
-0.0984119996428489 5.2104640007019040 0.2718819975852966
-0.1219730004668236 5.2079010009765630 0.2711949944496155
-0.1471959948539734 5.2100372314453130 0.2594070136547089
-0.1419239938259125 5.2092289924621580 0.2636539936065674
-0.0809959992766380 5.2130579948425290 0.2777779996395111
-0.0896250009536743 5.2116999626159670 0.2765910029411316
-0.0683069974184036 5.2122797966003420 0.2762570083141327
-0.0632539987564086 5.2118067741394040 0.2762759923934937
-0.1344060003757477 5.2091522216796880 0.2670240104198456
-0.1509519964456558 5.2113947868347170 0.2542330026626587
-0.1548819988965988 5.2128748893737790 0.2482399940490723
-0.1574929952621460 5.2162170410156250 0.2439630031585693
0.0984119996428489 5.2104640007019040 0.2718800008296966
0.1082250028848648 5.2084808349609380 0.2719349861145020
0.1219730004668236 5.2079010009765630 0.2711940109729767
0.1419389992952347 5.2092127799987800 0.2636640071868897
0.1471959948539734 5.2100372314453130 0.2594070136547089
0.0896430015563964 5.2116851806640630 0.2766320109367371
0.0809950008988380 5.2130579948425290 0.2777769863605499
0.0632539987564086 5.2118067741394040 0.2762759923934937
0.0683069974184036 5.2122797966003420 0.2762570083141327
0.1344040036201477 5.2091522216796880 0.2670269906520844
0.1509509980678558 5.2113947868347170 0.2542330026626587
0.1548819988965988 5.2128748893737790 0.2482399940490723
0.1574900001287460 5.2162170410156250 0.2439620047807693
0.1587270051240921 5.2190861701965330 0.2433039993047714
-0.1587319970130920 5.2176971435546870 0.2433079928159714
0.0386399999260902 5.0732879638671870 0.3322240114212036
-0.0386409983038902 5.0732879638671870 0.3322229981422424
0.0738240033388137 4.9481658935546870 0.2755210101604462
0.0727809965610504 4.9472351074218750 0.2756739854812622
0.0645610019564628 4.9580378532409670 0.2833519876003265
0.0615199990570545 4.9502110481262210 0.2812590003013611
0.0561389997601509 4.9627990722656250 0.2895799875259400
0.0522820018231868 4.9500727653503420 0.2845509946346283
0.0184840001165866 4.9784088134765630 0.3122430145740509
0.0147620001807808 4.9425659179687500 0.2967880070209503
0.0235619992017746 4.9450840950012200 0.2942180037498474
0.0280089993029832 4.9763641357421880 0.3077990114688874
0.0084370002150535 4.9794311523437500 0.3149760067462921
0.0070480001159012 4.9411931037902840 0.2977580130100250
0.0000000000000000 4.9807281494140630 0.3148809969425201
-0.0022110000718384 4.9412078857421880 0.2969419956207276
0.0427220016717910 4.9489588737487800 0.2882309854030609
0.0450109988451004 4.9694209098815920 0.2955900132656097
0.0372919999063015 4.9726867675781250 0.3026989996433258
0.0329289995133876 4.9475398063659670 0.2915759980678558
0.0743129998445510 4.9483947753906250 0.2761729955673218
-0.0727839991450309 4.9472351074218750 0.2756679952144623
-0.0642360001802444 4.9532008171081540 0.2812809944152832
-0.0645610019564628 4.9580378532409670 0.2833519876003265
-0.0738279968500137 4.9481658935546870 0.2755190134048462
-0.0563560016453266 4.9529571533203120 0.2841260135173798
-0.0561389997601509 4.9627990722656250 0.2895799875259400
-0.0184840001165866 4.9784088134765630 0.3122430145740509
-0.0280099995434284 4.9763641357421880 0.3077999949455261
-0.0280290003865957 4.9479222297668450 0.2933869957923889
-0.0189590007066726 4.9449458122253420 0.2958109974861145
-0.0118199996650219 4.9428710937500000 0.2972350120544433
-0.0084370002150535 4.9794311523437500 0.3149749934673309
-0.0475180000066757 4.9517521858215330 0.2879010140895844
-0.0379489995539188 4.9504241943359370 0.2912839949131012
-0.0372919999063015 4.9726867675781250 0.3026989996433258
-0.0450109988451004 4.9694209098815920 0.2955900132656097
-0.0743149966001510 4.9483947753906250 0.2761720120906830
-0.1115719974040985 4.9980931282043460 0.2857519984245300
-0.1031389981508255 5.0274348258972170 0.2975229918956756
-0.0828349962830543 5.0579991340637210 0.3060170114040375
-0.0578129999339580 5.0923161506652830 0.3145090043544769
-0.0465489998459816 5.1093602180480960 0.3206740021705628
-0.0371459983289241 5.1221771240234370 0.3267219960689545
-0.0291939992457628 5.1324458122253420 0.3357830047607422
-0.0233120005577802 5.1408228874206540 0.3436430096626282
-0.0166820008307695 5.1461791992187500 0.3499499857425690
-0.0089210001751780 5.1495971679687500 0.3534019887447357
0.0000000000000000 5.1513371467590330 0.3547329902648926
0.0089170001447200 5.1496119499206540 0.3533920049667358
0.0166769996285438 5.1461939811706540 0.3499380052089691
0.0233200006186962 5.1408228874206540 0.3436239957809448
0.0291900001466274 5.1324768066406250 0.3357790112495422
0.0371650010347366 5.1221618652343750 0.3267099857330323
0.0465410016477108 5.1093602180480960 0.3206779956817627
0.0578129999339580 5.0923161506652830 0.3145090043544769
0.0828349962830543 5.0579991340637210 0.3060170114040375
0.1031389981508255 5.0274348258972170 0.2975229918956756
0.1115690022706985 4.9980931282043460 0.2857519984245300
0.1182300001382828 4.9528350830078120 0.2511540055274964
0.1171709969639778 4.9319758415222170 0.2380920052528381
0.1136180013418198 4.9094848632812500 0.2271019965410233
0.0996579974889755 4.8666081428527830 0.2172120064496994
0.0884130001068115 4.8421330451965330 0.2175340056419372
0.0752319991588592 4.8208007812500000 0.2220730036497116
0.0585159994661808 4.8016200065612790 0.2301020026206970
0.0412359982728958 4.7922668457031250 0.2390320003032684
0.0258830003440380 4.7891387939453130 0.2480479925870895
0.0127180004492402 4.7895507812500000 0.2542279958724976
0.0000000000000000 4.7906041145324700 0.2583479881286621
-0.0127240000292658 4.7895507812500000 0.2542279958724976
-0.0258889999240636 4.7891387939453130 0.2480449974536896
-0.0412410013377666 4.7922668457031250 0.2390310019254684
-0.0584830008447170 4.8016052246093750 0.2300930023193359
-0.0752940028905868 4.8208160400390620 0.2219389975070953
-0.0884400010108947 4.8421778678894040 0.2175129950046539
-0.0996600016951561 4.8666229248046870 0.2172150015830994
-0.1136180013418198 4.9094848632812500 0.2271029949188232
-0.1171720027923584 4.9319758415222170 0.2380920052528381
-0.1182309985160828 4.9528350830078120 0.2511540055274964
-0.1361279934644699 5.0257568359375000 0.2745069861412048
-0.1204660013318062 5.0531768798828130 0.2998059988021851
-0.0936440005898475 5.0853419303894040 0.3117890059947967
-0.0669599995017051 5.1130218505859370 0.3159089982509613
-0.0519549995660781 5.1282200813293460 0.3169420063495636
-0.0413089990615844 5.1401062011718750 0.3193790018558502
-0.0316159985959529 5.1513981819152830 0.3256860077381134
-0.0245500002056360 5.1605529785156250 0.3332839906215668
-0.0177059993147850 5.1663208007812500 0.3396359980106354
-0.0097380001097917 5.1694951057434080 0.3438459932804108
0.0000000000000000 5.1726841926574710 0.3451650142669677
0.1361279934644699 5.0257568359375000 0.2745069861412048
0.1204660013318062 5.0531768798828130 0.2998049855232239
0.0936440005898475 5.0853419303894040 0.3117890059947967
0.0669609978795051 5.1130371093750000 0.3159070014953613
0.0521490015089511 5.1282958984375000 0.3168610036373139
0.0414070002734661 5.1401519775390620 0.3193039894104004
0.0316580012440681 5.1514129638671870 0.3256169855594635
0.0245629996061325 5.1605682373046870 0.3332589864730835
0.0177149996161460 5.1663208007812500 0.3396210074424744
0.0097139999270439 5.1694951057434080 0.3438610136508941
0.1333940029144287 4.9904937744140630 0.2466340065002441
0.1303710043430328 4.9579319953918460 0.2246749997138977
0.1263280063867569 4.9299321174621580 0.2094960063695908
0.1203140020370484 4.9085998535156250 0.1998360008001327
0.1057059988379478 4.8686070442199710 0.1920710057020188
0.0942230001091957 4.8422851562500000 0.1910720020532608
0.0835300013422966 4.8268427848815920 0.1948080062866211
0.0630669966340065 4.8129730224609380 0.2050089985132217
0.0436430014669895 4.8016362190246580 0.2119850069284439
0.0276849996298551 4.7923278808593750 0.2176699936389923
0.0125569999217987 4.7882080078125000 0.2251349985599518
0.0000000000000000 4.7864837646484380 0.2302870005369187
-0.0125670004636049 4.7882080078125000 0.2251320034265518
-0.0276810005307197 4.7923278808593750 0.2176609933376312
-0.0436449982225894 4.8016362190246580 0.2119839936494827
-0.0630479976534843 4.8129878044128420 0.2049620002508164
-0.0835520029067993 4.8268737792968750 0.1947730034589767
-0.0942929983139038 4.8423919677734370 0.1909939944744110
-0.1057090014219284 4.8686070442199710 0.1920730024576187
-0.1203150004148483 4.9085998535156250 0.1998360008001327
-0.1263280063867569 4.9299321174621580 0.2094960063695908
-0.1303730010986328 4.9579319953918460 0.2246759980916977
-0.1333940029144287 4.9904937744140630 0.2466360032558441
-0.1691910028457642 5.0682830810546870 0.2305600047111511
-0.1803600043058396 5.0774378776550290 0.2034810036420822
-0.1966390013694763 5.0935668945312500 0.0610050000250339
-0.1955160051584244 5.0914759635925290 0.0956280007958412
-0.1931670010089874 5.0942687988281250 0.1710859984159470
-0.1958449929952621 5.0904998779296880 0.1304419934749603
-0.1568370014429092 5.0602111816406250 0.2562789916992188
0.1803569942712784 5.0774378776550290 0.2034800052642822
0.1691900044679642 5.0682830810546870 0.2305600047111511
0.1958439946174621 5.0904998779296880 0.1304350048303604
0.1931670010089874 5.0942687988281250 0.1710859984159470
0.1955099999904633 5.0914759635925290 0.0956019982695579
0.1966380029916763 5.0935668945312500 0.0610020011663436
0.1568360030651092 5.0602111816406250 0.2562780082225800
-0.1434859931468964 5.0616297721862790 0.2807309925556183
0.1434859931468964 5.0616297721862790 0.2807309925556183
-0.0957140028476715 5.1065058708190920 0.3118920028209686
-0.0691519975662231 5.1256098747253420 0.3130460083484650
-0.1259579956531525 5.0790410041809080 0.3007960021495819
-0.0428589992225170 5.1492609977722170 0.3157959878444671
-0.0534650012850761 5.1384119987487800 0.3136929869651795
-0.0329409986734390 5.1604919433593750 0.3211430013179779
-0.0253829993307590 5.1710658073425290 0.3279680013656616
-0.0185219999402761 5.1771087646484380 0.3340319991111756
-0.0101159997284412 5.1815948486328130 0.3381229937076568
0.0000000000000000 5.1842041015625000 0.3399589955806732
0.0690440014004707 5.1256098747253420 0.3130719959735870
0.0957179963588714 5.1065058708190920 0.3118909895420074
0.0535009987652301 5.1384282112121580 0.3136759996414184
0.1259579956531525 5.0790410041809080 0.3007960021495819
0.0253919996321201 5.1710510253906250 0.3279609978199005
0.0329519994556903 5.1604609489440920 0.3211379945278168
0.0185180008411407 5.1770939826965330 0.3340429961681366
0.0101100001484155 5.1815800666809080 0.3381330072879791
0.0428799986839294 5.1492309570312500 0.3157869875431060
0.1613049954175949 5.0390467643737790 0.2164220064878464
0.1707260012626648 5.0452117919921880 0.1874009966850281
0.1502619981765747 5.0319981575012200 0.2427410036325455
0.1100270003080368 4.9711608886718750 0.2743040025234222
0.1176899969577789 4.9727020263671870 0.2667909860610962
0.1253399997949600 4.9813838005065920 0.2602170109748840
-0.1707269996404648 5.0452117919921880 0.1874009966850281
-0.1613049954175949 5.0390467643737790 0.2164220064878464
-0.1790660023689270 5.0544428825378420 0.1599400043487549
-0.1502619981765747 5.0319981575012200 0.2427410036325455
-0.0971890017390251 4.9715270996093750 0.2794710099697113
-0.1100270003080368 4.9711608886718750 0.2743040025234222
-0.1176910027861595 4.9727020263671870 0.2667919993400574
-0.1253399997949600 4.9813838005065920 0.2602170109748840
-0.1890189945697784 5.0737299919128420 0.0649069994688034
-0.1864649951457977 5.0662231445312500 0.0991590023040771
-0.1850840002298355 5.0613098144531250 0.1306149959564209
0.1790660023689270 5.0544428825378420 0.1599400043487549
0.1850810050964356 5.0613098144531250 0.1306149959564209
0.1864539980888367 5.0662078857421880 0.0990829989314079
0.1890050023794174 5.0736999511718750 0.0649140030145645
0.0971869975328445 4.9715270996093750 0.2794710099697113
-0.0849020034074783 4.9688868522644040 0.2857719957828522
-0.0911180004477500 4.9712519645690920 0.2807059884071350
-0.0763040035963058 4.9584197998046870 0.2865540087223053
-0.0797960013151168 4.9639739990234370 0.2876609861850739
0.0798219963908195 4.9639887809753420 0.2876819968223572
0.0763040035963058 4.9584197998046870 0.2865540087223053
0.0848999992012977 4.9688868522644040 0.2857699990272522
0.0911160036921501 4.9712519645690920 0.2807050049304962
0.1406240016222000 4.9320678710937500 0.0938580036163330
0.1332609951496124 4.9156341552734370 0.1151449978351593
0.1264680027961731 4.9010472297668450 0.1356489956378937
0.1216470003128052 4.8940582275390620 0.1528120040893555
0.1177740022540092 4.8901982307434080 0.1728380024433136
0.1138890013098717 4.8894958496093750 0.1945469975471497
0.1111920028924942 4.8894348144531250 0.2083829939365387
0.1077369973063469 4.8879852294921880 0.2201000005006790
0.1037319973111153 4.8900599479675300 0.2327589988708496
0.0988330021500587 4.9007258415222170 0.2462909966707230
0.0923610031604766 4.9143218994140630 0.2605789899826050
0.0870919972658157 4.9247889518737790 0.2660369873046875
0.0794060006737709 4.9347991943359370 0.2718819975852966
0.0775410011410713 4.9396672248840330 0.2735840082168579
0.0751840025186538 4.9440917968750000 0.2762910127639771
0.0721839964389801 4.9473419189453130 0.2748169898986816
0.0687170028686523 4.9497380256652830 0.2779040038585663
0.0702710002660751 4.9549708366394040 0.2786270081996918
0.0714730024337768 4.9535517692565920 0.2815290093421936
0.0731099992990493 4.9541168212890620 0.2835499942302704
-0.1406269967556000 4.9320678710937500 0.0938600003719329
-0.1332619935274124 4.9156341552734370 0.1151499971747398
-0.1264719963073730 4.9010620117187500 0.1356649994850159
-0.1216560006141663 4.8940730094909670 0.1528189927339554
-0.1177859976887703 4.8902130126953130 0.1728470027446747
-0.1138999983668327 4.8895258903503420 0.1945579946041107
-0.1111930012702942 4.8894348144531250 0.2083829939365387
-0.1077369973063469 4.8879852294921880 0.2201000005006790
-0.1037409976124764 4.8901209831237790 0.2327899932861328
-0.0988330021500587 4.9007258415222170 0.2462909966707230
-0.0923639982938766 4.9143218994140630 0.2605769932270050
-0.0870919972658157 4.9247889518737790 0.2660369873046875
-0.0794050022959709 4.9347991943359370 0.2718819975852966
-0.0775379985570907 4.9396672248840330 0.2735820114612579
-0.0751620009541511 4.9441070556640630 0.2762509882450104
-0.0721890032291412 4.9473419189453130 0.2748189866542816
-0.0697960034012794 4.9490199089050290 0.2770769894123077
-0.0702700018882751 4.9549708366394040 0.2786259949207306
-0.0714730024337768 4.9535517692565920 0.2815290093421936
-0.0728700011968612 4.9538879394531250 0.2834419906139374
