469
1115
198
549
1114
343
333
343
442
1113
333
1107
123
123
123
1112
265
265
1106
265
265
466
466
466
466
467
332
305
305
112
112
112
136
136
136
186
259
186
186
314
314
1109
1111
315
185
1111
315
135
315
333
343
122
333
198
198
123
123
266
266
265
466
467
1105
1104
332
113
1103
1108
331
331
1109
135
314
135
314
316
316
1075
220
1075
349
348
1077
298
230
229
349
350
209
348
237
236
242
236
228
228
242
240
328
243
243
240
327
327
243
328
243
243
326
327
325
326
234
234
341
325
538
341
325
326
442
538
470
442
538
341
1077
1077
348
1078
1078
184
209
209
194
347
228
228
219
194
233
233
233
233
235
235
235
235
234
234
221
235
234
212
212
221
199
199
212
212
1016
1010
984
1102
1101
1102
984
986
751
986
984
986
1011
986
984
1010
1101
986
751
1100
1093
1100
751
750
750
750
751
751
751
751
751
986
1099
1094
925
925
925
925
925
925
750
925
925
750
1093
750
925
1094
695
695
695
695
925
695
695
732
730
732
695
692
692
692
695
695
692
693
693
692
730
692
693
693
715
693
693
715
715
715
693
693
715
705
716
715
715
715
716
716
716
716
716
969
969
969
716
705
1095
778
970
1097
1097
1097
970
970
968
970
970
970
716
970
970
778
751
986
986
751
926
751
986
751
984
751
986
984
1011
984
986
986
750
751
750
750
927
750
750
927
926
927
750
751
751
751
750
751
925
925
925
695
695
695
925
695
927
695
925
750
750
750
925
925
925
732
732
925
1099
925
732
1092
1090
1092
732
730
730
730
732
732
730
693
729
730
1090
730
729
1091
1096
1091
729
775
715
775
729
693
715
716
775
775
1096
775
775
1095
1095
1095
775
778
716
778
775
716
968
970
969
968
968
968
969
969
969
969
969
969
716
969
969
970
846
861
1089
846
1089
846
1089
841
826
841
1089
1088
1088
1088
1089
861
871
870
841
842
827
842
841
826
826
826
841
841
1089
841
841
870
871
842
869
875
882
875
869
874
859
874
869
859
827
859
869
842
882
874
874
882
883
882
874
873
873
873
874
874
859
874
874
874
877
883
873
877
873
877
873
873
873
873
873
873
883
873
873
883
877
877
877
863
862
863
877
863
865
863
877
865
873
865
877
877
862
863
862
985
990
985
862
985
862
985
862
863
865
863
862
863
990
985
990
1011
1016
1011
990
1011
990
1011
990
985
862
985
990
985
1088
1087
1087
1088
826
1088
1087
826
1086
826
1087
1086
773
1086
1087
1087
826
826
827
826
827
826
827
827
824
827
827
820
1086
820
827
826
827
827
859
859
859
859
859
859
840
859
859
859
824
859
859
827
859
859
868
874
873
874
868
868
868
868
868
868
840
868
868
859
873
868
872
873
873
873
872
872
872
872
872
872
868
872
872
868
873
872
865
865
865
865
865
865
864
865
865
872
872
872
865
872
865
865
865
863
862
863
865
821
821
821
865
864
864
864
865
865
862
821
805
985
990
985
805
805
821
805
805
821
821
821
805
821