0.1340759992599487 0.7994560003280640 0.2130970060825348
0.1316439956426620 0.7978519797325134 0.2174859941005707
0.1342940032482147 0.7968270182609558 0.2255810052156448
0.1369670033454895 0.7988049983978272 0.2217130064964294
0.1288750022649765 0.7964019775390625 0.2217199951410293
0.1313630044460297 0.7950059771537780 0.2295310050249100
0.1335050016641617 0.7930219769477844 0.2361769974231720
0.1365540027618408 0.7951639890670776 0.2320519983768463
0.1393990069627762 0.7975010275840759 0.2280550003051758
0.1254300028085709 0.7952669858932495 0.2256460040807724
0.1279149949550629 0.7934859991073609 0.2336390018463135
0.1209419965744018 0.7943189740180969 0.2293519973754883
0.1236149966716766 0.7922250032424927 0.2377279996871948
0.1258489936590195 0.7898539900779724 0.2449579983949661
0.1300400048494339 0.7912709712982177 0.2405599951744080
0.1079460009932518 0.7926059961318970 0.2362689971923828
0.1112660020589828 0.7904130220413208 0.2452850043773651
0.1181299984455109 0.7911760210990906 0.2416190057992935
0.1150479987263680 0.7934420108795165 0.2329329997301102
0.1138930022716522 0.7879999876022339 0.2530730068683624
0.1206080019474030 0.7887189984321594 0.2491260021924972
0.1156750023365021 0.7820799946784973 0.2625310122966766
0.1151299998164177 0.7851489782333373 0.2584159970283508
0.1066100001335144 0.7848780155181884 0.2622730135917664
0.1074049994349480 0.7815549969673157 0.2664079964160919
0.1052670031785965 0.7878230214118958 0.2568120062351227
0.0957759991288185 0.7880820035934449 0.2596629858016968
0.0970299988985061 0.7850440144538880 0.2652339935302734
0.0979240015149116 0.7814499735832214 0.2693319916725159
0.0870940014719963 0.7856119871139526 0.2666819989681244
0.0874139964580535 0.7819420099258423 0.2707639932632446
0.0864669978618621 0.7886700034141541 0.2609629929065704
0.0773620009422302 0.7896040081977844 0.2608210146427155
0.0770620033144950 0.7865909934043885 0.2664740085601807
0.0764440000057220 0.7829509973526001 0.2703059911727905
0.0671849995851516 0.7879940271377563 0.2644549906253815
0.0655739977955818 0.7844030261039734 0.2675569951534271
0.0684949979186058 0.7908970117568970 0.2593489885330200
0.0608780011534690 0.7923830151557923 0.2574320137500763
0.0588230006396770 0.7896800041198730 0.2618409991264343
0.0565290004014968 0.7861959934234619 0.2640750110149384
0.0637959986925125 0.7938709855079651 0.2377379983663559
0.0593929998576641 0.7940369844436645 0.2365929931402206
0.0575160011649131 0.7944219708442688 0.2474229931831360
0.0624560005962848 0.7935180068016052 0.2486709952354431
0.0557009987533092 0.7939969897270203 0.2355670034885406
0.0534799993038177 0.7952370047569275 0.2463340014219284
0.0513219982385635 0.7954030036926269 0.2546699941158295
0.0555320009589195 0.7938879728317261 0.2559440135955811
0.1349530071020126 0.7898709774017334 0.2404900044202804
0.1380359977483749 0.7922210097312927 0.2352660000324249
0.1360560059547424 0.7861369848251343 0.2436349987983704
0.1391279995441437 0.7886329889297485 0.2368540018796921
0.1419630050659180 0.7916560173034668 0.2293729931116104
0.1409099996089935 0.7949050068855286 0.2298509925603867
0.1272049993276596 0.7869420051574707 0.2498880028724670
0.1314519941806793 0.7881910204887391 0.2453310042619705
0.1281230002641678 0.7837560176849366 0.2536740005016327
0.1325049996376038 0.7846810221672058 0.2490269988775253
0.1218789964914322 0.7858809828758240 0.2542679905891419
0.1225449964404106 0.7828519940376282 0.2582310140132904
0.1028280034661293 0.7900030016899109 0.2486940026283264
0.0998380035161972 0.7918009757995606 0.2392490059137344
0.0914890021085739 0.7913950085639954 0.2411729991436004
0.0938119962811470 0.7900159955024719 0.2511529922485352
0.0852219983935356 0.7905179858207703 0.2519670128822327
0.0836749970912933 0.7917630076408387 0.2413350045681000
0.0763849988579750 0.7925189733505249 0.2404240071773529
0.0770319998264312 0.7913720011711121 0.2515319883823395
0.0692010000348091 0.7924389839172364 0.2502380013465881
0.0696069970726966 0.7932929992675781 0.2391200065612793
0.0492860004305839 0.7934129834175110 0.2581419944763184
0.0533349998295307 0.7915120124816895 0.2598380148410797
0.0473119989037513 0.7903460264205933 0.2591840028762817
0.0510310009121894 0.7882120013237000 0.2614220082759857
0.0535189993679523 0.7986890077590943 0.2356889992952347
0.0570040009915828 0.8020480275154113 0.2380409985780716
0.0531530007719993 0.8056849837303162 0.2468300014734268
0.0485199987888336 0.8020730018615722 0.2434500008821487
0.0613010004162788 0.8056160211563110 0.2407270073890686
0.0586009994149208 0.8095129728317261 0.2502749860286713
0.0562679991126060 0.8134819865226746 0.2589539885520935
0.0498070009052753 0.8092560172080993 0.2549110054969788
0.0441039986908435 0.8052200078964233 0.2507860064506531
0.0742959976196289 0.8136649727821350 0.2470870018005371
0.0736759975552558 0.8178920149803162 0.2568250000476837
0.0656730011105537 0.8137699961662292 0.2538590133190155
0.0672139972448349 0.8096119761466980 0.2440740019083023
0.0729530006647110 0.8223400115966797 0.2659130096435547
0.0642480030655860 0.8180919885635375 0.2628369927406311
0.0821039974689483 0.8173959851264954 0.2487660050392151
0.0819159969687461 0.8213080167770386 0.2584320008754730
0.0900930017232894 0.8200470209121704 0.2492610067129135
0.0901260003447532 0.8235239982604980 0.2588709890842438
0.0900740027427673 0.8272969722747803 0.2679489850997925
0.0815929993987083 0.8254849910736084 0.2675330042839050
0.0977260023355484 0.8208519816398620 0.2487239986658096
0.0980459973216056 0.8240489959716797 0.2583270072937012
0.1046029999852180 0.8203510046005249 0.2473040074110031
0.1052630022168160 0.8232480287551880 0.2568579912185669
0.1059229969978332 0.8265110254287720 0.2659099996089935
0.0983240008354187 0.8275570273399354 0.2674149870872498
0.1156810000538826 0.8169839978218079 0.2420769929885864
0.1169489994645119 0.8190360069274902 0.2512649893760681
0.1113649979233742 0.8214949965476989 0.2545189857482910
0.1103390008211136 0.8190799951553345 0.2451529949903488
0.1183710023760796 0.8217300176620484 0.2600060105323791
0.1124669983983040 0.8244150280952453 0.2634119987487793
0.1213909983634949 0.8140140175819397 0.2378800064325333
0.1226050034165382 0.8161159753799438 0.2470639944076538
0.1265850067138672 0.8108159899711608 0.2334350049495697
0.1278090029954910 0.8128949999809265 0.2424640059471130
0.1293009966611862 0.8157629966735840 0.2510139942169189
0.1240630000829697 0.8189110159873962 0.2557719945907593
0.1303900033235550 0.8080480098724365 0.2296169996261597
0.1320430040359497 0.8095260262489318 0.2380080074071884
0.1330389976501465 0.8051049709320068 0.2256139963865280
0.1351550072431564 0.8061559796333313 0.2335730046033859
0.1372600048780441 0.8085420131683350 0.2412559986114502
0.1338379979133606 0.8120899796485901 0.2460439950227737
0.1347779929637909 0.8013880252838135 0.2206110060214996
0.1369930058717728 0.8029419779777527 0.2290329933166504
0.1360590010881424 0.7972829937934875 0.2151100039482117
0.1381939947605133 0.7998049855232239 0.2244389951229095
0.1402660012245178 0.8033919930458068 0.2331050038337708
0.1391440033912659 0.8057749867439270 0.2370350062847138
0.0474699996411800 0.8126869797706604 0.2615799903869629
0.0408639982342720 0.8079050183296204 0.2572700083255768
0.0546739995479583 0.8175910115242004 0.2658970057964325
0.0534470006823539 0.8217740058898926 0.2719689905643463
0.0456419996917247 0.8160499930381775 0.2675470113754272
0.0382069982588291 0.8103579878807068 0.2633320093154907
0.0630600005388259 0.8227390050888061 0.2702200114727020
0.0720359981060028 0.8272380232810975 0.2737019956111908
0.0710159987211227 0.8323590159416198 0.2808389961719513
0.0619900003075599 0.8275510072708129 0.2767960131168365
0.0809980034828186 0.8301910161972046 0.2755030095577240
0.0898519977927207 0.8316559791564941 0.2759709954261780
0.0895449966192245 0.8363019824028015 0.2834660112857819
0.0802690014243125 0.8351609706878662 0.2829050123691559
0.0985080003738403 0.8316820263862610 0.2754630148410797
0.1065870001912117 0.8305029869079590 0.2739419937133789
0.1072499975562096 0.8348600268363953 0.2814689874649048
0.0986500009894371 0.8361170291900635 0.2829970121383667
0.1137079969048500 0.8283460140228271 0.2713679969310761
0.1201070025563240 0.8257030248641967 0.2678569853305817
0.1219979971647262 0.8303200006484986 0.2752659916877747
0.1150209978222847 0.8327789902687073 0.2788560092449188
0.1260170042514801 0.8230800032615662 0.2635239958763123
0.1313270032405853 0.8202080130577088 0.2586100101470947
0.1336199939250946 0.8254449963569641 0.2657319903373718
0.1282179951667786 0.8279359936714172 0.2707970142364502
0.1359169930219650 0.8168299794197083 0.2533729970455170
0.1393460035324097 0.8135910034179688 0.2483800053596497
0.1414210051298141 0.8199750185012818 0.2552250027656555
0.1381340026855469 0.8226569890975953 0.2603459954261780
0.1411740034818649 0.8111500144004822 0.2442059963941574
0.1421969980001450 0.8091030120849609 0.2404370009899140
0.1440649926662445 0.8158820271492004 0.2471099942922592
0.1431369930505753 0.8178020119667053 0.2509540021419525
-0.1345999985933304 0.7994560003280640 0.2130970060825348
-0.1374910026788712 0.7988049983978272 0.2217130064964294
-0.1348209977149963 0.7968270182609558 0.2255810052156448
-0.1321720033884048 0.7978519797325134 0.2174859941005707
-0.1294029951095581 0.7964019775390625 0.2217199951410293
-0.1321720033884048 0.7978519797325134 0.2174859941005707
-0.1348209977149963 0.7968270182609558 0.2255810052156448
-0.1318909972906113 0.7950059771537780 0.2295310050249100
-0.1340290009975433 0.7930219769477844 0.2361769974231720
-0.1318909972906113 0.7950059771537780 0.2295310050249100
-0.1348209977149963 0.7968270182609558 0.2255810052156448
-0.1370819956064224 0.7951639890670776 0.2320519983768463
-0.1399260014295578 0.7975010275840759 0.2280550003051758
-0.1370819956064224 0.7951639890670776 0.2320519983768463
-0.1348209977149963 0.7968270182609558 0.2255810052156448
-0.1374910026788712 0.7988049983978272 0.2217130064964294
-0.1294029951095581 0.7964019775390625 0.2217199951410293
-0.1318909972906113 0.7950059771537780 0.2295310050249100
-0.1284389942884445 0.7934859991073609 0.2336390018463135
-0.1259540021419525 0.7952669858932495 0.2256460040807724
-0.1214660033583641 0.7943189740180969 0.2293519973754883
-0.1259540021419525 0.7952669858932495 0.2256460040807724
-0.1284389942884445 0.7934859991073609 0.2336390018463135
-0.1241390034556389 0.7922250032424927 0.2377279996871948
-0.1263740062713623 0.7898539900779724 0.2449579983949661
-0.1241390034556389 0.7922250032424927 0.2377279996871948
-0.1284389942884445 0.7934859991073609 0.2336390018463135
-0.1305679976940155 0.7912709712982177 0.2405599951744080
-0.1340290009975433 0.7930219769477844 0.2361769974231720
-0.1305679976940155 0.7912709712982177 0.2405599951744080
-0.1284389942884445 0.7934859991073609 0.2336390018463135
-0.1318909972906113 0.7950059771537780 0.2295310050249100
-0.1084709987044334 0.7926059961318970 0.2362689971923828
-0.1155729964375496 0.7934420108795165 0.2329329997301102
-0.1186550036072731 0.7911760210990906 0.2416190057992935
-0.1117909997701645 0.7904130220413208 0.2452850043773651
-0.1144179999828339 0.7879999876022339 0.2530730068683624
-0.1117909997701645 0.7904130220413208 0.2452850043773651
-0.1186550036072731 0.7911760210990906 0.2416190057992935
-0.1211329996585846 0.7887189984321594 0.2491260021924972
-0.1263740062713623 0.7898539900779724 0.2449579983949661
-0.1211329996585846 0.7887189984321594 0.2491260021924972
-0.1186550036072731 0.7911760210990906 0.2416190057992935
-0.1241390034556389 0.7922250032424927 0.2377279996871948
-0.1214660033583641 0.7943189740180969 0.2293519973754883
-0.1241390034556389 0.7922250032424927 0.2377279996871948
-0.1186550036072731 0.7911760210990906 0.2416190057992935
-0.1155729964375496 0.7934420108795165 0.2329329997301102
-0.1162030026316643 0.7820799946784973 0.2625310122966766
-0.1079329997301102 0.7815549969673157 0.2664079964160919
-0.1071380004286766 0.7848780155181884 0.2622730135917664
-0.1156589984893799 0.7851489782333373 0.2584159970283508
-0.1144179999828339 0.7879999876022339 0.2530730068683624
-0.1156589984893799 0.7851489782333373 0.2584159970283508
-0.1071380004286766 0.7848780155181884 0.2622730135917664
-0.1057910025119781 0.7878230214118958 0.2568120062351227
-0.0963039994239807 0.7880820035934449 0.2596629858016968
-0.1057910025119781 0.7878230214118958 0.2568120062351227
-0.1071380004286766 0.7848780155181884 0.2622730135917664
-0.0975549966096878 0.7850440144538880 0.2652339935302734
-0.0984489992260932 0.7814499735832214 0.2693319916725159
-0.0975549966096878 0.7850440144538880 0.2652339935302734
-0.1071380004286766 0.7848780155181884 0.2622730135917664
-0.1079329997301102 0.7815549969673157 0.2664079964160919
-0.0984489992260932 0.7814499735832214 0.2693319916725159
-0.0879419967532158 0.7819420099258423 0.2707639932632446
-0.0876180008053779 0.7856119871139526 0.2666819989681244
-0.0975549966096878 0.7850440144538880 0.2652339935302734
-0.0963039994239807 0.7880820035934449 0.2596629858016968
-0.0975549966096878 0.7850440144538880 0.2652339935302734
-0.0876180008053779 0.7856119871139526 0.2666819989681244
-0.0869909971952438 0.7886700034141541 0.2609629929065704
-0.0778869986534118 0.7896040081977844 0.2608210146427155
-0.0869909971952438 0.7886700034141541 0.2609629929065704
-0.0876180008053779 0.7856119871139526 0.2666819989681244
-0.0775860026478767 0.7865909934043885 0.2664740085601807
-0.0769689977169036 0.7829509973526001 0.2703059911727905
-0.0775860026478767 0.7865909934043885 0.2664740085601807
-0.0876180008053779 0.7856119871139526 0.2666819989681244
-0.0879419967532158 0.7819420099258423 0.2707639932632446
-0.0769689977169036 0.7829509973526001 0.2703059911727905
-0.0660990029573440 0.7844030261039734 0.2675569951534271
-0.0677089989185333 0.7879940271377563 0.2644549906253815
-0.0775860026478767 0.7865909934043885 0.2664740085601807
-0.0778869986534118 0.7896040081977844 0.2608210146427155
-0.0775860026478767 0.7865909934043885 0.2664740085601807
-0.0677089989185333 0.7879940271377563 0.2644549906253815
-0.0690200030803680 0.7908970117568970 0.2593489885330200
-0.0614029988646507 0.7923830151557923 0.2574320137500763
-0.0690200030803680 0.7908970117568970 0.2593489885330200
-0.0677089989185333 0.7879940271377563 0.2644549906253815
-0.0593469999730587 0.7896800041198730 0.2618409991264343
-0.0570540018379688 0.7861959934234619 0.2640750110149384
-0.0593469999730587 0.7896800041198730 0.2618409991264343
-0.0677089989185333 0.7879940271377563 0.2644549906253815
-0.0660990029573440 0.7844030261039734 0.2675569951534271
-0.0643199980258941 0.7938709855079651 0.2377379983663559
-0.0629810020327568 0.7935180068016052 0.2486709952354431
-0.0580440014600753 0.7944219708442688 0.2474229931831360
-0.0599210001528263 0.7940369844436645 0.2365929931402206
-0.0562289990484714 0.7939969897270203 0.2355670034885406
-0.0599210001528263 0.7940369844436645 0.2365929931402206
-0.0580440014600753 0.7944219708442688 0.2474229931831360
-0.0540079995989799 0.7952370047569275 0.2463340014219284
-0.0518460012972354 0.7954030036926269 0.2546699941158295
-0.0540079995989799 0.7952370047569275 0.2463340014219284
-0.0580440014600753 0.7944219708442688 0.2474229931831360
-0.0560569986701011 0.7938879728317261 0.2559440135955811
-0.0614029988646507 0.7923830151557923 0.2574320137500763
-0.0560569986701011 0.7938879728317261 0.2559440135955811
-0.0580440014600753 0.7944219708442688 0.2474229931831360
-0.0629810020327568 0.7935180068016052 0.2486709952354431
-0.1340290009975433 0.7930219769477844 0.2361769974231720
-0.1370819956064224 0.7951639890670776 0.2320519983768463
-0.1385640054941177 0.7922210097312927 0.2352660000324249
-0.1354780048131943 0.7898709774017334 0.2404900044202804
-0.1365800052881241 0.7861369848251343 0.2436349987983704
-0.1354780048131943 0.7898709774017334 0.2404900044202804
-0.1385640054941177 0.7922210097312927 0.2352660000324249
-0.1396529972553253 0.7886329889297485 0.2368540018796921
-0.1424909979104996 0.7916560173034668 0.2293729931116104
-0.1396529972553253 0.7886329889297485 0.2368540018796921
-0.1385640054941177 0.7922210097312927 0.2352660000324249
-0.1414380073547363 0.7949050068855286 0.2298509925603867
-0.1399260014295578 0.7975010275840759 0.2280550003051758
-0.1414380073547363 0.7949050068855286 0.2298509925603867
-0.1385640054941177 0.7922210097312927 0.2352660000324249
-0.1370819956064224 0.7951639890670776 0.2320519983768463
-0.1263740062713623 0.7898539900779724 0.2449579983949661
-0.1305679976940155 0.7912709712982177 0.2405599951744080
-0.1319770067930222 0.7881910204887391 0.2453310042619705
-0.1277299970388412 0.7869420051574707 0.2498880028724670
-0.1286469995975494 0.7837560176849366 0.2536740005016327
-0.1277299970388412 0.7869420051574707 0.2498880028724670
-0.1319770067930222 0.7881910204887391 0.2453310042619705
-0.1330330073833466 0.7846810221672058 0.2490269988775253
-0.1365800052881241 0.7861369848251343 0.2436349987983704
-0.1330330073833466 0.7846810221672058 0.2490269988775253
-0.1319770067930222 0.7881910204887391 0.2453310042619705
-0.1354780048131943 0.7898709774017334 0.2404900044202804
-0.1340290009975433 0.7930219769477844 0.2361769974231720
-0.1354780048131943 0.7898709774017334 0.2404900044202804
-0.1319770067930222 0.7881910204887391 0.2453310042619705
-0.1305679976940155 0.7912709712982177 0.2405599951744080
-0.1144179999828339 0.7879999876022339 0.2530730068683624
-0.1211329996585846 0.7887189984321594 0.2491260021924972
-0.1224069967865944 0.7858809828758240 0.2542679905891419
-0.1156589984893799 0.7851489782333373 0.2584159970283508
-0.1162030026316643 0.7820799946784973 0.2625310122966766
-0.1156589984893799 0.7851489782333373 0.2584159970283508
-0.1224069967865944 0.7858809828758240 0.2542679905891419
-0.1230740025639534 0.7828519940376282 0.2582310140132904
-0.1286469995975494 0.7837560176849366 0.2536740005016327
-0.1230740025639534 0.7828519940376282 0.2582310140132904
-0.1224069967865944 0.7858809828758240 0.2542679905891419
-0.1277299970388412 0.7869420051574707 0.2498880028724670
-0.1263740062713623 0.7898539900779724 0.2449579983949661
-0.1277299970388412 0.7869420051574707 0.2498880028724670
-0.1224069967865944 0.7858809828758240 0.2542679905891419
-0.1211329996585846 0.7887189984321594 0.2491260021924972
-0.1144179999828339 0.7879999876022339 0.2530730068683624
-0.1057910025119781 0.7878230214118958 0.2568120062351227
-0.1033530011773109 0.7900030016899109 0.2486940026283264
-0.1117909997701645 0.7904130220413208 0.2452850043773651
-0.1084709987044334 0.7926059961318970 0.2362689971923828
-0.1117909997701645 0.7904130220413208 0.2452850043773651
-0.1033530011773109 0.7900030016899109 0.2486940026283264
-0.1003630012273788 0.7918009757995606 0.2392490059137344
-0.0920170024037361 0.7913950085639954 0.2411729991436004
-0.1003630012273788 0.7918009757995606 0.2392490059137344
-0.1033530011773109 0.7900030016899109 0.2486940026283264
-0.0943370014429092 0.7900159955024719 0.2511529922485352
-0.0963039994239807 0.7880820035934449 0.2596629858016968
-0.0943370014429092 0.7900159955024719 0.2511529922485352
-0.1033530011773109 0.7900030016899109 0.2486940026283264
-0.1057910025119781 0.7878230214118958 0.2568120062351227
-0.0963039994239807 0.7880820035934449 0.2596629858016968
-0.0869909971952438 0.7886700034141541 0.2609629929065704
-0.0857509970664978 0.7905179858207703 0.2519670128822327
-0.0943370014429092 0.7900159955024719 0.2511529922485352
-0.0920170024037361 0.7913950085639954 0.2411729991436004
-0.0943370014429092 0.7900159955024719 0.2511529922485352
-0.0857509970664978 0.7905179858207703 0.2519670128822327
-0.0841989964246749 0.7917630076408387 0.2413350045681000
-0.0769099965691566 0.7925189733505249 0.2404240071773529
-0.0841989964246749 0.7917630076408387 0.2413350045681000
-0.0857509970664978 0.7905179858207703 0.2519670128822327
-0.0775569975376129 0.7913720011711121 0.2515319883823395
-0.0778869986534118 0.7896040081977844 0.2608210146427155
-0.0775569975376129 0.7913720011711121 0.2515319883823395
-0.0857509970664978 0.7905179858207703 0.2519670128822327
-0.0869909971952438 0.7886700034141541 0.2609629929065704
-0.0778869986534118 0.7896040081977844 0.2608210146427155
-0.0690200030803680 0.7908970117568970 0.2593489885330200
-0.0697259977459907 0.7924389839172364 0.2502380013465881
-0.0775569975376129 0.7913720011711121 0.2515319883823395
-0.0769099965691566 0.7925189733505249 0.2404240071773529
-0.0775569975376129 0.7913720011711121 0.2515319883823395
-0.0697259977459907 0.7924389839172364 0.2502380013465881
-0.0701320022344589 0.7932929992675781 0.2391200065612793
-0.0643199980258941 0.7938709855079651 0.2377379983663559
-0.0701320022344589 0.7932929992675781 0.2391200065612793
-0.0697259977459907 0.7924389839172364 0.2502380013465881
-0.0629810020327568 0.7935180068016052 0.2486709952354431
-0.0614029988646507 0.7923830151557923 0.2574320137500763
-0.0629810020327568 0.7935180068016052 0.2486709952354431
-0.0697259977459907 0.7924389839172364 0.2502380013465881
-0.0690200030803680 0.7908970117568970 0.2593489885330200
-0.0518460012972354 0.7954030036926269 0.2546699941158295
-0.0560569986701011 0.7938879728317261 0.2559440135955811
-0.0538630001246929 0.7915120124816895 0.2598380148410797
-0.0498099997639656 0.7934129834175110 0.2581419944763184
-0.0478370003402233 0.7903460264205933 0.2591840028762817
-0.0498099997639656 0.7934129834175110 0.2581419944763184
-0.0538630001246929 0.7915120124816895 0.2598380148410797
-0.0515590012073516 0.7882120013237000 0.2614220082759857
-0.0570540018379688 0.7861959934234619 0.2640750110149384
-0.0515590012073516 0.7882120013237000 0.2614220082759857
-0.0538630001246929 0.7915120124816895 0.2598380148410797
-0.0593469999730587 0.7896800041198730 0.2618409991264343
-0.0614029988646507 0.7923830151557923 0.2574320137500763
-0.0593469999730587 0.7896800041198730 0.2618409991264343
-0.0538630001246929 0.7915120124816895 0.2598380148410797
-0.0560569986701011 0.7938879728317261 0.2559440135955811
-0.0540440008044242 0.7986890077590943 0.2356889992952347
-0.0490450002253055 0.8020730018615722 0.2434500008821487
-0.0536810010671615 0.8056849837303162 0.2468300014734268
-0.0575320012867450 0.8020480275154113 0.2380409985780716
-0.0618260018527507 0.8056160211563110 0.2407270073890686
-0.0575320012867450 0.8020480275154113 0.2380409985780716
-0.0536810010671615 0.8056849837303162 0.2468300014734268
-0.0591260008513927 0.8095129728317261 0.2502749860286713
-0.0567930005490779 0.8134819865226746 0.2589539885520935
-0.0591260008513927 0.8095129728317261 0.2502749860286713
-0.0536810010671615 0.8056849837303162 0.2468300014734268
-0.0503319986164569 0.8092560172080993 0.2549110054969788
-0.0446330010890960 0.8052200078964233 0.2507860064506531
-0.0503319986164569 0.8092560172080993 0.2549110054969788
-0.0536810010671615 0.8056849837303162 0.2468300014734268
-0.0490450002253055 0.8020730018615722 0.2434500008821487
-0.0748210027813911 0.8136649727821350 0.2470870018005371
-0.0677390024065971 0.8096119761466980 0.2440740019083023
-0.0661979988217353 0.8137699961662292 0.2538590133190155
-0.0741999968886375 0.8178920149803162 0.2568250000476837
-0.0734810009598732 0.8223400115966797 0.2659130096435547
-0.0741999968886375 0.8178920149803162 0.2568250000476837
-0.0661979988217353 0.8137699961662292 0.2538590133190155
-0.0647760033607482 0.8180919885635375 0.2628369927406311
-0.0567930005490779 0.8134819865226746 0.2589539885520935
-0.0647760033607482 0.8180919885635375 0.2628369927406311
-0.0661979988217353 0.8137699961662292 0.2538590133190155
-0.0591260008513927 0.8095129728317261 0.2502749860286713
-0.0618260018527507 0.8056160211563110 0.2407270073890686
-0.0591260008513927 0.8095129728317261 0.2502749860286713
-0.0661979988217353 0.8137699961662292 0.2538590133190155
-0.0677390024065971 0.8096119761466980 0.2440740019083023
-0.0748210027813911 0.8136649727821350 0.2470870018005371
-0.0741999968886375 0.8178920149803162 0.2568250000476837
-0.0824410021305084 0.8213080167770386 0.2584320008754730
-0.0826290026307106 0.8173959851264954 0.2487660050392151
-0.0906210020184516 0.8200470209121704 0.2492610067129135
-0.0826290026307106 0.8173959851264954 0.2487660050392151
-0.0824410021305084 0.8213080167770386 0.2584320008754730
-0.0906540006399154 0.8235239982604980 0.2588709890842438
-0.0906009972095489 0.8272969722747803 0.2679489850997925
-0.0906540006399154 0.8235239982604980 0.2588709890842438
-0.0824410021305084 0.8213080167770386 0.2584320008754730
-0.0821169987320900 0.8254849910736084 0.2675330042839050
-0.0734810009598732 0.8223400115966797 0.2659130096435547
-0.0821169987320900 0.8254849910736084 0.2675330042839050
-0.0824410021305084 0.8213080167770386 0.2584320008754730
-0.0741999968886375 0.8178920149803162 0.2568250000476837
-0.0906210020184516 0.8200470209121704 0.2492610067129135
-0.0906540006399154 0.8235239982604980 0.2588709890842438
-0.0985710024833679 0.8240489959716797 0.2583270072937012
-0.0982510000467300 0.8208519816398620 0.2487239986658096
-0.1051310002803803 0.8203510046005249 0.2473040074110031
-0.0982510000467300 0.8208519816398620 0.2487239986658096
-0.0985710024833679 0.8240489959716797 0.2583270072937012
-0.1057879999279976 0.8232480287551880 0.2568579912185669
-0.1064520031213760 0.8265110254287720 0.2659099996089935
-0.1057879999279976 0.8232480287551880 0.2568579912185669
-0.0985710024833679 0.8240489959716797 0.2583270072937012
-0.0988480001688003 0.8275570273399354 0.2674149870872498
-0.0906009972095489 0.8272969722747803 0.2679489850997925
-0.0988480001688003 0.8275570273399354 0.2674149870872498
-0.0985710024833679 0.8240489959716797 0.2583270072937012
-0.0906540006399154 0.8235239982604980 0.2588709890842438
-0.1162099987268448 0.8169839978218079 0.2420769929885864
-0.1108630001544952 0.8190799951553345 0.2451529949903488
-0.1118929982185364 0.8214949965476989 0.2545189857482910
-0.1174729987978935 0.8190360069274902 0.2512649893760681
-0.1188960000872612 0.8217300176620484 0.2600060105323791
-0.1174729987978935 0.8190360069274902 0.2512649893760681
-0.1118929982185364 0.8214949965476989 0.2545189857482910
-0.1129920035600662 0.8244150280952453 0.2634119987487793
-0.1064520031213760 0.8265110254287720 0.2659099996089935
-0.1129920035600662 0.8244150280952453 0.2634119987487793
-0.1118929982185364 0.8214949965476989 0.2545189857482910
-0.1057879999279976 0.8232480287551880 0.2568579912185669
-0.1051310002803803 0.8203510046005249 0.2473040074110031
-0.1057879999279976 0.8232480287551880 0.2568579912185669
-0.1118929982185364 0.8214949965476989 0.2545189857482910
-0.1108630001544952 0.8190799951553345 0.2451529949903488
-0.1162099987268448 0.8169839978218079 0.2420769929885864
-0.1174729987978935 0.8190360069274902 0.2512649893760681
-0.1231300011277199 0.8161159753799438 0.2470639944076538
-0.1219149976968765 0.8140140175819397 0.2378800064325333
-0.1271090060472488 0.8108159899711608 0.2334350049495697
-0.1219149976968765 0.8140140175819397 0.2378800064325333
-0.1231300011277199 0.8161159753799438 0.2470639944076538
-0.1283340007066727 0.8128949999809265 0.2424640059471130
-0.1298249959945679 0.8157629966735840 0.2510139942169189
-0.1283340007066727 0.8128949999809265 0.2424640059471130
-0.1231300011277199 0.8161159753799438 0.2470639944076538
-0.1245879977941513 0.8189110159873962 0.2557719945907593
-0.1188960000872612 0.8217300176620484 0.2600060105323791
-0.1245879977941513 0.8189110159873962 0.2557719945907593
-0.1231300011277199 0.8161159753799438 0.2470639944076538
-0.1174729987978935 0.8190360069274902 0.2512649893760681
-0.1271090060472488 0.8108159899711608 0.2334350049495697
-0.1283340007066727 0.8128949999809265 0.2424640059471130
-0.1325680017471313 0.8095260262489318 0.2380080074071884
-0.1309140026569366 0.8080480098724365 0.2296169996261597
-0.1335639953613281 0.8051049709320068 0.2256139963865280
-0.1309140026569366 0.8080480098724365 0.2296169996261597
-0.1325680017471313 0.8095260262489318 0.2380080074071884
-0.1356790065765381 0.8061559796333313 0.2335730046033859
-0.1377850025892258 0.8085420131683350 0.2412559986114502
-0.1356790065765381 0.8061559796333313 0.2335730046033859
-0.1325680017471313 0.8095260262489318 0.2380080074071884
-0.1343629956245422 0.8120899796485901 0.2460439950227737
-0.1298249959945679 0.8157629966735840 0.2510139942169189
-0.1343629956245422 0.8120899796485901 0.2460439950227737
-0.1325680017471313 0.8095260262489318 0.2380080074071884
-0.1283340007066727 0.8128949999809265 0.2424640059471130
-0.1335639953613281 0.8051049709320068 0.2256139963865280
-0.1356790065765381 0.8061559796333313 0.2335730046033859
-0.1375170052051544 0.8029419779777527 0.2290329933166504
-0.1353030055761337 0.8013880252838135 0.2206110060214996
-0.1365839987993240 0.7972829937934875 0.2151100039482117
-0.1353030055761337 0.8013880252838135 0.2206110060214996
-0.1375170052051544 0.8029419779777527 0.2290329933166504
-0.1387220025062561 0.7998049855232239 0.2244389951229095
-0.1407909989356995 0.8033919930458068 0.2331050038337708
-0.1387220025062561 0.7998049855232239 0.2244389951229095
-0.1375170052051544 0.8029419779777527 0.2290329933166504
-0.1396719962358475 0.8057749867439270 0.2370350062847138
-0.1377850025892258 0.8085420131683350 0.2412559986114502
-0.1396719962358475 0.8057749867439270 0.2370350062847138
-0.1375170052051544 0.8029419779777527 0.2290329933166504
-0.1356790065765381 0.8061559796333313 0.2335730046033859
-0.0446330010890960 0.8052200078964233 0.2507860064506531
-0.0413889996707439 0.8079050183296204 0.2572700083255768
-0.0479989983141422 0.8126869797706604 0.2615799903869629
-0.0503319986164569 0.8092560172080993 0.2549110054969788
-0.0567930005490779 0.8134819865226746 0.2589539885520935
-0.0503319986164569 0.8092560172080993 0.2549110054969788
-0.0479989983141422 0.8126869797706604 0.2615799903869629
-0.0551990009844303 0.8175910115242004 0.2658970057964325
-0.0539719983935356 0.8217740058898926 0.2719689905643463
-0.0551990009844303 0.8175910115242004 0.2658970057964325
-0.0479989983141422 0.8126869797706604 0.2615799903869629
-0.0461670011281967 0.8160499930381775 0.2675470113754272
-0.0387319996953010 0.8103579878807068 0.2633320093154907
-0.0461670011281967 0.8160499930381775 0.2675470113754272
-0.0479989983141422 0.8126869797706604 0.2615799903869629
-0.0413889996707439 0.8079050183296204 0.2572700083255768
-0.0567930005490779 0.8134819865226746 0.2589539885520935
-0.0551990009844303 0.8175910115242004 0.2658970057964325
-0.0635880008339881 0.8227390050888061 0.2702200114727020
-0.0647760033607482 0.8180919885635375 0.2628369927406311
-0.0734810009598732 0.8223400115966797 0.2659130096435547
-0.0647760033607482 0.8180919885635375 0.2628369927406311
-0.0635880008339881 0.8227390050888061 0.2702200114727020
-0.0725599974393844 0.8272380232810975 0.2737019956111908
-0.0715409964323043 0.8323590159416198 0.2808389961719513
-0.0725599974393844 0.8272380232810975 0.2737019956111908
-0.0635880008339881 0.8227390050888061 0.2702200114727020
-0.0625149980187416 0.8275510072708129 0.2767960131168365
-0.0539719983935356 0.8217740058898926 0.2719689905643463
-0.0625149980187416 0.8275510072708129 0.2767960131168365
-0.0635880008339881 0.8227390050888061 0.2702200114727020
-0.0551990009844303 0.8175910115242004 0.2658970057964325
-0.0734810009598732 0.8223400115966797 0.2659130096435547
-0.0725599974393844 0.8272380232810975 0.2737019956111908
-0.0815230011940002 0.8301910161972046 0.2755030095577240
-0.0821169987320900 0.8254849910736084 0.2675330042839050
-0.0906009972095489 0.8272969722747803 0.2679489850997925
-0.0821169987320900 0.8254849910736084 0.2675330042839050
-0.0815230011940002 0.8301910161972046 0.2755030095577240
-0.0903799980878830 0.8316559791564941 0.2759709954261780
-0.0900740027427673 0.8363019824028015 0.2834660112857819
-0.0903799980878830 0.8316559791564941 0.2759709954261780
-0.0815230011940002 0.8301910161972046 0.2755030095577240
-0.0807939991354942 0.8351609706878662 0.2829050123691559
-0.0715409964323043 0.8323590159416198 0.2808389961719513
-0.0807939991354942 0.8351609706878662 0.2829050123691559
-0.0815230011940002 0.8301910161972046 0.2755030095577240
-0.0725599974393844 0.8272380232810975 0.2737019956111908
-0.0906009972095489 0.8272969722747803 0.2679489850997925
-0.0903799980878830 0.8316559791564941 0.2759709954261780
-0.0990360006690025 0.8316820263862610 0.2754630148410797
-0.0988480001688003 0.8275570273399354 0.2674149870872498
-0.1064520031213760 0.8265110254287720 0.2659099996089935
-0.0988480001688003 0.8275570273399354 0.2674149870872498
-0.0990360006690025 0.8316820263862610 0.2754630148410797
-0.1071109995245934 0.8305029869079590 0.2739419937133789
-0.1077779978513718 0.8348600268363953 0.2814689874649048
-0.1071109995245934 0.8305029869079590 0.2739419937133789
-0.0990360006690025 0.8316820263862610 0.2754630148410797
-0.0991749987006187 0.8361170291900635 0.2829970121383667
-0.0900740027427673 0.8363019824028015 0.2834660112857819
-0.0991749987006187 0.8361170291900635 0.2829970121383667
-0.0990360006690025 0.8316820263862610 0.2754630148410797
-0.0903799980878830 0.8316559791564941 0.2759709954261780
-0.1064520031213760 0.8265110254287720 0.2659099996089935
-0.1071109995245934 0.8305029869079590 0.2739419937133789
-0.1142330020666123 0.8283460140228271 0.2713679969310761
-0.1129920035600662 0.8244150280952453 0.2634119987487793
-0.1188960000872612 0.8217300176620484 0.2600060105323791
-0.1129920035600662 0.8244150280952453 0.2634119987487793
-0.1142330020666123 0.8283460140228271 0.2713679969310761
-0.1206310018897056 0.8257030248641967 0.2678569853305817
-0.1225219964981079 0.8303200006484986 0.2752659916877747
-0.1206310018897056 0.8257030248641967 0.2678569853305817
-0.1142330020666123 0.8283460140228271 0.2713679969310761
-0.1155460029840469 0.8327789902687073 0.2788560092449188
-0.1077779978513718 0.8348600268363953 0.2814689874649048
-0.1155460029840469 0.8327789902687073 0.2788560092449188
-0.1142330020666123 0.8283460140228271 0.2713679969310761
-0.1071109995245934 0.8305029869079590 0.2739419937133789
-0.1188960000872612 0.8217300176620484 0.2600060105323791
-0.1206310018897056 0.8257030248641967 0.2678569853305817
-0.1265449970960617 0.8230800032615662 0.2635239958763123
-0.1245879977941513 0.8189110159873962 0.2557719945907593
-0.1298249959945679 0.8157629966735840 0.2510139942169189
-0.1245879977941513 0.8189110159873962 0.2557719945907593
-0.1265449970960617 0.8230800032615662 0.2635239958763123
-0.1318510025739670 0.8202080130577088 0.2586100101470947
-0.1341450065374374 0.8254449963569641 0.2657319903373718
-0.1318510025739670 0.8202080130577088 0.2586100101470947
-0.1265449970960617 0.8230800032615662 0.2635239958763123
-0.1287429928779602 0.8279359936714172 0.2707970142364502
-0.1225219964981079 0.8303200006484986 0.2752659916877747
-0.1287429928779602 0.8279359936714172 0.2707970142364502
-0.1265449970960617 0.8230800032615662 0.2635239958763123
-0.1206310018897056 0.8257030248641967 0.2678569853305817
-0.1298249959945679 0.8157629966735840 0.2510139942169189
-0.1318510025739670 0.8202080130577088 0.2586100101470947
-0.1364420056343079 0.8168299794197083 0.2533729970455170
-0.1343629956245422 0.8120899796485901 0.2460439950227737
-0.1377850025892258 0.8085420131683350 0.2412559986114502
-0.1343629956245422 0.8120899796485901 0.2460439950227737
-0.1364420056343079 0.8168299794197083 0.2533729970455170
-0.1398710012435913 0.8135910034179688 0.2483800053596497
-0.1419499963521957 0.8199750185012818 0.2552250027656555
-0.1398710012435913 0.8135910034179688 0.2483800053596497
-0.1364420056343079 0.8168299794197083 0.2533729970455170
-0.1386629939079285 0.8226569890975953 0.2603459954261780
-0.1341450065374374 0.8254449963569641 0.2657319903373718
-0.1386629939079285 0.8226569890975953 0.2603459954261780
-0.1364420056343079 0.8168299794197083 0.2533729970455170
-0.1318510025739670 0.8202080130577088 0.2586100101470947
-0.1377850025892258 0.8085420131683350 0.2412559986114502
-0.1398710012435913 0.8135910034179688 0.2483800053596497
-0.1416990011930466 0.8111500144004822 0.2442059963941574
-0.1396719962358475 0.8057749867439270 0.2370350062847138
-0.1407909989356995 0.8033919930458068 0.2331050038337708
-0.1396719962358475 0.8057749867439270 0.2370350062847138
-0.1416990011930466 0.8111500144004822 0.2442059963941574
-0.1427250057458878 0.8091030120849609 0.2404370009899140
-0.1445890069007874 0.8158820271492004 0.2471099942922592
-0.1427250057458878 0.8091030120849609 0.2404370009899140
-0.1416990011930466 0.8111500144004822 0.2442059963941574
-0.1436620056629181 0.8178020119667053 0.2509540021419525
-0.1419499963521957 0.8199750185012818 0.2552250027656555
-0.1436620056629181 0.8178020119667053 0.2509540021419525
-0.1416990011930466 0.8111500144004822 0.2442059963941574
-0.1398710012435913 0.8135910034179688 0.2483800053596497
