94
111
111
259
96
96
136
136
186
305
112
304
304
304
303
465
465
464
465
266
466
288
266
267
100
267
100
101
101
289
289
279
288
439
436
438
551
471
550
174
174
138
175
539
342
199
199
334
189
212
212
228
240
240
233
240
240
243
243
235
234
234
221
236
236
228
209
229
229
1077
1076
349
348
1075
349
1076
1075
1077
298
220
329
196
329
220
196
298
135
315
314
315
314
109
109
481
74
95
85
480
449
74
302
449
354
269
269
269
269
414
415
268
87
88
290
458
435
1249
452
420
1250
413
1250
452
453
1252
1252
64
459
437
114
473
472
114
553
475
554
463
124
102
543
542
541
124
139
163
164
176
338
339
340
448
85
95
110
184
151
184
184
152
488
447
1273
260
488
489
1272
1078
184
1078
184
347
1078
347
161
194
228
219
194
489
1272
489
106
1274
1217
1275
1218
446
35
1267
1208
152
119
152
257
257
119
120
120
258
24
11
11
161
161
1080
1081
162
162
346
1080
346
345
344
1081
195
195
217
217
257
258
27
1082
1081
344
1082
183
16
183
16
183
258
24
233
226
235
223
164
189
221
201
1251
456
64
1251
461
126
200
454
213
222
227
224
218
218
208
218
499
208
496
27
344
497
344
497
345
498
500
500
224
501
499
499
499
500
497
497
443
443
28
496
498
498
254
253
254
253
252
252
251
251
251
251
28
28
443
443
281
249
246
247
248
248
248
444
248
444
282
282
30
30
445
445
250
247
29
29
295
295
501
502
256
255
335
232
335
214
232
335
214
214
214
545
507
102
554
544
506
142
535
546
547
128
536
129
129
127
477
476
461
462
460
177
178
154
231
336
337
504
505
503
245
247
247
246
1347
445
245
232
245
239
457
457
457
1253
462
537
537
462
141
548
548
141
478
280
280
478
36
1254
36
280
1347
29
295
1347
1279
1277
277
412
412
1278
276
1294
1278
419
1295
1073
526
1295
37
1253
1296
527
1297
37
1297
1254
274
274
1222
425
426
273
427
418
418
427
429
455
275
428
65
429
65
65
65
37
37
65
46
1312
51
1314
424
1178
59
1315
1220
56
1219
1219
1255
1279
1255
1209
450
451
1223
47
409
47
410
1311
410
50
416
411
48
52
417
44
1307
57
52
1307
429
429
429
57
65
65
65
65
1210
1257
1257
1271
299
353
1210
1211
1175
353
1269
1269
479
1211
296
300
299
1173
300
1174
1173
93
1173
1173
145
296
1268
1270
1213
1212
86
479
1172
132
1270
1276
261
1213
86
1171
1171
1172
1171
283
108
1170
491
491
292
493
492
148
493
492
495
494
494
319
169
172
134
283
134
147
118
297
133
487
508
132
159
160
160
159
468
486
146
486
524
486
524
156
296
262
262
262
1215
1215
107
490
1168
1169
150
286
12
25
293
149
173
294
13
26
148
292
170
171
170
171
192
193
18
17
21
321
206
21
322
181
323
180
324
180
324
319
168
319
168
168
168
158
158
158
157
157
320
320
524
157
320
131
131
131
393
393
263
483
483
263
393
484
307
301
483
308
308
308
301
301
306
306
320
320
352
301
307
351
307
84
1175
352
1282
1282
1209
53
1176
53
54
1176
54
351
79
54
78
54
78
78
55
1177
1177
1281
69
55
1280
1280
1298
72
1298
72
1306
72
1306
1305
396
1305
1305
396
1303
1305
78
84
92
396
308
92
59
1316
423
68
67
67
422
421
72
398
72
430
397
397
431
430
397
431
77
77
1120
1138
434
433
1138
434
98
98
433
1121
1121
1121
89
89
81
76
1320
82
82
1319
71
71
1319
399
398
400
400
399
399
534
63
399
399
534
534
60
534
63
63
388
61
58
58
58
388
389
389
45
1182
1181
1181
1225
390
42
1225
1225
43
1326
1325
1325
1326
1325
103
104
116
104
116
116
116
312
116
312
311
312
312
130
130
143
130
143
143
311
310
523
522
523
523
523
523
306
306
203
318
318
306
203
318
205
204
318
318
182
205
317
182
324
203
203
203
203
203
203
525
203
205
525
324
205
525
324
324
168
324
525
525
525
525
525
525
158
168
168
158
525
1118
306
306
306
306
306
306
320
320
320
320
1118
1118
157
1118
157
1118
1118
1118
158
1118
1118
525
1118
1118
20
207
321
31
216
167
204
216
216
20
23
216
14
14
167
14
395
167
131
394
394
393
395
394
394
167
19
19
15
15
191
166
15
15
15
32
395
32
32
32
166
395
167
15
166
15
395
395
166
166
166
166
144
144
144
144
393
484
117
263
263
264
263
485
105
309
309
117
83
105
105
105
1303
83
83
83
1303
1303
1304
1303
77
91
432
432
1321
1321
81
76
191
191
155
155
484
485
19
19
22
202
202
191
165
155
191
165
270
271
270
165
179
165
179
202
215
264
485
117
264
310
117
99
99
310
311
99
1304
104
1304
1304
1326
91
91
91
98
434
90
1121
1321
81
81
202
215
22
1072
10
9
355
10
9
355
355
355
225
356
356
357
357
8
7
7
357
357
358
358
358
6
358
404
33
6
6
368
368
358
358
358
359
6
6
5
359
359
359
359
359
5
5
369
369
369
369
360
360
360
360
4
4
370
379
360
360
404
33
404
143
312
143
143
517
517
402
517
402
402
378
516
516
366
366
367
367
403
403
401
400
400
62
400
387
387
62
356
8
356
355
356
9
355
9
355
355
355
9
355
355
355
355
9
9
365
366
366
366
365
375
365
375
375
375
375
365
375
375
375
375
365
365
518
518
518
518
376
377
517
517
401
516
60
376
376
376
365
355
355
355
402
377
311
104
62
518
401
60
520
519
519
519
70
70
62
62
386
387
387
387
520
520
520
520
70
75
70
75
386
386
386
386
520
520
75
520
75
75
75
75
386
385
385
385
80
80
385
385
80
385
385
385
313
75
75
75
80
75
75
272
272
520
521
520
520
272
375
190
190
365
375
225
190
355
66
66
1318
1318
1317
63
61
61
1180
49
391
1224
66
76
76
81
81
81
81
89
81
361
371
1185
361
371
1185
1185
1186
1186
1230
361
3
3
1186
1187
1184
1184
381
1184
380
380
514
514
1183
513
514
1183
513
513
1226
380
380
380
514
515
380
380
514
514
515
515
515
515
516
515
515
515
379
379
379
379
370
370
370
379
379
1187
1187
1186
402
403
378
370
60
516
516
381
1184
403
516
378
58
58
60
1182
45
1226
1182
369
60
522
143
522
522
271
1129
271
271
1130
1126
179
179
1072
215
1132
1130
104
1326
1326
98
98
434
1121
81
81
385
385
80
75
75
520
375
375
365
355
355
355
9
141
537
141
141
141
537
1347
1347
1347
1347
1347
1347
1347
1347
1347
1347
1347
1347
1347
1347
1347
1347
1347
1347
1347
1347
1347
1347
1347
1347
1347
1347
1347
1347
1347
1347
1347
1347
1347
1347
1347
1347
1347
1347
1347
112
136
305
332
113
331
1347
1347
1347
1347
1347
1347
1347
1347
1347
1347
1347
1347
1347
1347
1347
1347
1347
1347
1347
1347
1347
1347
1347
1347
1347
1347
1347
1347
1347
1347
1347
1347
1347
1347
1347
1347
1347
1347
1347
1347
1347
1347
1347
1347
1347
1347
1347
1347
1347
1347
1347
1347
1347
1347
1347
1347
1347
1347
1347
1347
1347
1347
1347
1347
1347
1347
1347
1347
1347
1347
1347
1347
1347
1347
1347
1347
1347
1347
1347
1347
1347
1347
1347
1347
1347
1347
1347
1347
1347
1347
1347
1347
1347
1347
1347
1347
1347
1347
1347
1347
1347
1347
1347
1347
1347
1347
1347
1347
1347
1347
1347
1347
1347
1347
1347
1347
1347
1347
1347
1347
1347
1347
1347
1347
1347
1347
1347
1347
1347
1347
1347
1347
1347
1347
1347
1347
1347
1347
1347
1347
1347
1347
1347
1347
1347
1347
1347
1347
1347
1347
1347
1347
1347
1347
1347
1347
1347
1347
1347
1347
1347
1347
1347
1347
1347
1347
1347
1347
1347
1347
1347
1347
1347
1347
1347
1347
1347
1347
1347
1347
1347
1347
1347
1347
1347
1347
1347
1347
1347
1347
1347
1347
1347
1347
1347
1347
1347
1347
1347
1347
1347
1347
1347
1347
1347
1347
1347
1347
1347
1347
1347
1347
1347
1347
1347
1347
1347
1347
1347
1347
1347
1347
1347
1347
1347
1347
1347
1347
1347
1347
1347
1347
1347
1347
1347
1347
1347
1347
1347
1347
1347
1347
1347
1347
1347
1347
1347
1347
1347
1347
1347
1347
1347
1347
1347
1347
1347
1347
1347
1347
1347
1347
1347
1347
1347
1347
1347
1347
1347
1347
1347
1347
1347
1347
532
1347
1347
532
533
533
531
529
529
531
530
530
530
529
531
530
532
530
1347
1347
1347
1347
532
530
533
532
530
530
528
533
528
528
528
41
1347
1347
1347
528
41
529
531
529
531
529
364
529
529
0
531
530
532
530
530
532
530
533
533
532
383
533
528
528
528
373
374
406
363
363
1
405
34
1229
1229
1230
2
1229
1228
362
34
372
1228
371
1228
371
1228
381
1227
381
372
372
382
1227
382
1227
406
407
382
1226
512
1226
512
512
511
512
407
383
510
511
509
408
532
533
39
409
533
40
533
528
392
38
41
38
478
548
478
478
280
280
548
548
548
548
65
65
429
429
65
65
1347
1347
1347
1347
1347
1347
1347
48
41
48
1307
1307
48
41
57
1307
41
1307
466
265
265
467
123
333
333
123
1107
1107
343
1113
343
198
198
1114
470
441
436
470
279
538
442
538
442
326
325
326
325
328
327
328
327
242
242
242
242
237
230
230
237
1075
350
1075
350
1075
316
329
316
197
329
210
210
315
315
186
185
330
330
186
185
316
316
316
316
316
316
1111
1111
316
1109
1109
1109
1109
1109
1108
1103
1103
1103
1103
1103
1103
1103
1103
1103
1112
1105
1105
1112
1105
1112
1113
1113
1113
1113
1107
1113
1114
1115
1113
1113
1115
1114
1113
1107
1115
1115
1115
1116
469
469
440
1116
1116
440
440
287
244
238
238
244
211
137
137
238
244
121
241
241
121
241
241
153
153
121
121
153
121
187
187
187
187
187
187
316
316
316
187
187
187
187
187
187
187
187
1103
121
121
121
121
1103
1103
1103
121
1112
241
241
121
1113
1112
1115
1115
1113
1106
1106
1112
1112
1115
1115
1115
1115
1115
1115
1115
1115
1116
1115
1116
1116
1104
1104
1105
1105
1104
1105
1112
1112
1112
1104
1104
1103
1103
1103
1103
1109
1109
1109
1109
211
238
241
188
211
241
121
121
153
187
187
188
440
440
1103
1103
1113
1115
1103
1103
1109
1109
1109
1109
1111
1109
1111
1111
1111
210
1111
1111
1111
1111
197
1110
196
135
135
488
151
119
488
35
446
1115
1115
1115
316
316
316
210
1111
1111
316
316
188
188
1109
1109
1111
1111
316
316
288
441
1115
469
1116
440
440
287
287
325
211
326
137
328
327
327
328
242
242
242
242
237
237
230
230
350
350
1075
187
316
316
316
316
210
210
210
210
1110
1110
1111
1111
330
1111
185
1109
1108
1109
185
331
113
113
332
467
265
1112
265
1105
1105
1103
1108
1103
1103
1109
1109
1109
1109
1111
1111
1111
1111
1111
1111
210
210
210
210
316
316
316
316
187
187
153
153
187
187
241
241
237
121
244
244
242
241
238
137
238
137
211
287
188
287
440
440
1116
1116
1115
1115
1114
1114
1113
1113
1107
1107
1106
1106
1347
1347
1347
1347
1347
1347
1347
1347
1347
1347
1347
1347
1347
1347
1347
1347
1347
1347
1347
1347
1347
1347
1347
1347
1347
1347
1347
1347
1347
1347
1347
1347
1347
1347
1347
1347
1347
1347
1347
1347
1347
1347
1347
1347
1347
1347
1347
1347
1347
1347
1347
1347
1347
1347
462
1347
1347
1347
1347
1347
1347
1347
1347
1347
1347
1347
1347
1347
1347
1347
1347
1347
1347
1347
1347
1347
1347
1347
1347
1347
1347
1347
1347
1347
1347
1347
1347
1347
1347
1347
1347
141
141
462
462
1347
214
1347
1347
1347
1347
1347
1347
548
1347
548
548
1347
1347
1347
1347
1347
1347
1347
1347
1347
1347
1347
1347
1347
1347
1347
1347
1347
1347
1347
1347
1347
1347
1347
1347
1347
1347
1347
1347
1347
1347
1347
1347
1347
1347
1347
1347
1347
1347
1347
1347
1347
1347
1347
1347
1347
1347
1347
1347
1347
1347
1347
1347
1347
1347
1347
1347
1347
1347
1347
1347
1347
1347
1347
1347
1347
1347
1347
1347
1347
1347
1347
1347
1347
1347
1347
1347
1347
1347
1347
1347
1347
1347
1347
1347
1347
1347
1347
1347
1347
1347
1347
1347
1347
1347
1347
1347
1347
1347
1347
1347
1347
1347
1347
1347
1347
1347
1347
1347
1347
1347
1347
1347
1347
1347
1347
1347
1347
1347
1347
1347
1347
478
478
1347
1347
478
1347
1347
1347
1347
1347
1347
1347
1347
1347
1347
1347
1347
1347
1347
1347
1347
1347
1347
1347
1347
1347
1347
1347
1347
1347
1347
1347
1347
1347
1347
1347
1347
1347
1347
1347
1347
1347
1347
1347
1347
1347
1347
1347
1347
1347
1347
1297
37
1347
1347
37
1347
37
37
37
37
37
37
1297
37
37
37
37
37
1297
1297
1297
1297
1254
1254
1297
1297
37
36
1254
1254
36
1254
36
36
36
1254
1254
1254
1254
1347
1347
1347
1347
1347
1347
1347
1347
1347
1347
1347
1347
1347
1347
1347
1347
1347
1347
1347
1347
1347
1347
1347
1347
1347
1347
1347
1347
1347
1347
1347
1347
1347
1347
478
478
478
478
478
478
478
478
478
478
280
478
280
280
280
280
280
280
280
478
280
280
478
478
478
478
478
478
1347
1347
1347
1347
1347
1347
1347
1347
1347
1347
1347
1347
1347
1347
1347
1347
1347
1347
1347
1347
1347
1347
1347
1347
1347
1347
1347
1347
1347
1347
1347
1347
1347
1347
1347
1347
1347
1347
37
37
37
1347
1347
37
37
37
37
37
37
37
37
37
37
37
37
37
37
37
37
37
37
37
37
37
1297
1297
1347
1347
1347
1347
1297
1297
1347
1347
1297
1297
1297
1297
1297
1297
1297
1297
1297
1297
1297
1297
1297
1254
1254
1254
1254
36
36
1297
1297
1297
1297
1297
1297
1254
1297
1254
1254
1297
1297
1347
1254
1347
1347
1347
1347
1347
1347
1347
1347
1347
1347
1347
1347
1347
1347
1347
1347
1347
1347
1347
1347
1347
1347
1347
1347
1347
1347
1347
1347
1347
1347
1347
1347
1347
1347
478
1347
1347
1347
478
280
280
280
280
280
280
280
1347
1347
1347
1347
1347
1347
280
280
1347
280
1347
1347
1347
1347
1347
1347
1347
1347
1347
1347
1347
1347
1347
1347
1347
1347
1347
1347
1347
1347
1347
1347
1347
1347
1347
1347
1254
1254
1254
1347
1297
1297
1297
1254
1297
1297
1254
1254
1254
1254
1297
1254
1254
1254
36
36
36
36
1347
1347
1347
1347
1347
1347
1347
1347
1347
1347
1347
1347
1347
1347
1347
1347
1347
1347
1347
1347
1347
1347
1347
36
1254
1254
1254
1254
1254
1254
37
37
36
1254
1254
36
36
36
36
1254
36
36
36
36
1347
36
1347
36
1347
1347
1347
1347
1347
1347
1347
1347
36
36
36
36
36
36
36
36
36
36
36
36
36
36
36
36
36
36
36
36
36
36
280
36
280
280
36
280
36
36
1254
1254
1254
36
36
36
36
36
36
36
36
36
36
36
36
36
36
36
36
36
36
36
36
36
36
36
280
280
280
280
280
478
478
36
36
280
280
280
478
478
478
36
36
36
36
1254
1254
478
548
478
548
478
478
548
548
1347
1347
1347
1347
1347
1347
1347
1347
1347
1347
1347
1347
1347
1347
1347
1347
1347
1347
1347
1347
1347
1347
1347
1347
1347
1347
1347
1347
1347
1347
1347
1347
1347
1347
1347
1347
1347
1347
1347
1347
1347
1347
1347
1347
1347
1347
1347
1347
1347
1347
1347
1347
1347
1347
1347
1347
1347
1347
1347
1347
1347
1347
1347
1347
1347
1347
1347
1347
37
37
37
37
1347
1347
37
37
37
37
37
37
37
37
37
37
37
37
37
37
1297
1254
1254
1254
1254
1254
37
37
37
37
1254
1254
1254
190
190
190
190
272
190
225
225
225
521
521
521
521
80
521
521
272
272
313
80
313
89
313
80
1324
103
1122
1122
1324
103
99
99
1122
1124
1303
1324
1122
1124
312
1124
1135
1135
1124
1129
1129
1129
1129
1136
1136
1136
1129
1129
71
71
1322
1322
1319
89
89
1322
400
387
66
399
313
66
1319
66
399
80
62
62
521
401
401
517
62
521
404
225
518
402
225
190
272
518
517
105
396
83
83
1306
1305
1303
99
99
1305
1303
1305
1306
1298
1298
67
422
423
68
55
1177
1178
1178
59
1316
1317
68
59
1318
67
63
63
61
534
534
534
401
400
60
60
401
517
517
517
516
516
378
402
15
15
15
15
144
144
166
15
15
92
78
396
92
79
78
69
55
1280
1281
1177
51
51
50
1312
1221
425
411
1310
410
1312
1313
410
409
1223
1314
510
390
1224
408
389
389
49
46
39
390
389
374
374
1225
45
45
363
405
515
364
363
1
405
515
980
262
262
131
262
262
262
131
131
53
1219
1282
1176
277
1219
1282
1176
84
274
425
425
425
426
426
41
528
41
41
528
528
41
41
41
528
528
528
528
528
528
528
528
528
533
528
528
533
528
533
530
1347
530
530
1347
530
530
530
533
1347
530
1347
529
529
529
1347
1347
1347
1347
1347
1347
1347
1347
1347
48
48
48
48
48
48
41
41
41
48
48
41
41
48
41
41
41
41
41
41
41
1347
1347
1347
1347
1347
1347
1347
1347
1347
1347
1347
1347
1347
528
1347
1347
528
528
528
528
528
528
1347
528
528
528
528
1347
528
41
41
41
41
1347
1347
1347
1347
1347
1347
1347
41
1347
1347
1347
1347
1347
1347
529
529
529
529
531
531
0
0
532
530
533
533
530
530
533
533
528
533
528
40
409
528
528
41
41
44
1309
41
38
417
417
48
48
1307
1308
427
427
426
273
52
52
418
418
52
418
412
412
412
1347
1347
1347
1347
1347
1347
1347
1347
1347
531
529
530
533
530
533
533
528
528
528
528
528
41
528
41
41
48
48
48
48
1307
1307
1307
1347
1347
1347
1347
1347
1347
1347
1347
1347
48
48
48
48
52
1347
1307
1307
52
418
418
412
277
307
53
307
307
307
307
308
308
92
309
105
309
1135
1135
117
117
1136
117
263
309
1129
1126
485
264
1130
191
484
263
10
225
404
33
10
10
1132
19
1132
19
433
433
433
91
91
433
71
398
1318
71
1318
72
69
421
72
430
397
77
77
91
1305
72
72
397
72
72
1280
1280
274
277
274
274
277
273
41
48
48
1347
41
52
427
1307
424
1179
424
61
61
1180
1316
1315
388
388
58
58
54
84
1281
56
56
56
1220
308
308
1282
1281
368
516
516
32
393
32
32
393
393
484
484
484
484
393
483
483
393
483
483
263
263
262
262
262
262
262
262
262
131
131
131
131
131
980
6
33
404
358
404
358
5
6
6
359
358
359
34
34
1
1
34
1
1
1
34
34
34
274
1220
1220
273
277
277
301
301
1209
277
393
131
262
131
131
131
980
1219
80
521
80
387
80
517
60
363
45
364
533
533
1347
1347
530
530
530
516
1135
1136
1135
1347
41
1347
48
1307
1307
1347
483
483
483
263
309
263
310
310
483
1219
1322
89
433
1317
1223
528
528
1347
528
528
398
431
1315
1126
1129
1126
1126
1126
262
1347
1129
264
263
263
393
262
262
272
190
272
272
518
272
402
368
405
515
358
0
0
1132
1130
1130
1132
225
190
521
313
313
313
66
1324
1303
116
1124
1135
1135
310
1129
89
225
225
10
10
77
72
397
77
433
80
80
1135
1135
431
397
431
1126
1130
1130
1126
272
272
689
705
707
707
716
715
715
673
673
692
672
672
693
643
672
694
694
695
927
694
924
946
697
928
927
697
928
696
696
946
948
947
947
754
753
1008
1015
1006
734
1009
1009
806
991
779
1007
805
805
821
821
808
794
859
868
874
874
872
873
873
874
874
865
865
864
869
869
842
842
827
859
1087
826
841
1088
841
1089
1089
1088
975
861
860
1087
971
971
861
975
968
860
690
969
690
969
970
970
641
973
941
974
669
688
642
641
922
941
923
923
923
923
677
950
1002
676
949
675
1005
674
1243
1242
939
935
1242
940
934
935
1014
614
1246
1246
719
1017
1018
717
738
717
1067
1068
736
739
756
757
951
1049
736
755
782
781
807
828
954
953
670
691
688
669
772
773
972
771
773
773
1263
714
1264
711
972
914
773
1086
773
1086
1086
820
774
820
824
824
840
859
1264
711
1206
1265
727
711
1207
1266
726
724
771
724
793
793
771
725
725
819
774
774
792
792
1083
1084
1084
803
1083
823
804
803
825
825
839
839
793
819
27
1083
818
818
818
819
867
868
850
872
782
808
847
864
1247
1247
614
613
1023
978
848
849
956
955
957
866
858
858
838
858
838
896
959
823
959
823
895
804
898
901
957
898
896
898
896
896
959
959
958
958
895
895
897
899
899
897
900
900
894
894
894
894
958
958
888
885
887
887
886
884
893
887
893
887
892
892
890
886
889
890
891
891
901
903
905
902
988
1027
988
878
1027
1027
1027
988
878
1069
1067
1049
1052
1048
1051
1054
1053
1056
1057
1066
1070
1063
1063
977
978
1062
1061
1055
1058
1050
909
1026
989
881
906
908
907
904
879
884
886
886
890
1347
878
879
879
880
976
1245
976
976
1058
1058
1059
1059
1060
1060
1065
1065
1064
1064
1028
1028
1029
1028
1029
1244
1347
1347
891
29
1284
1286
1283
933
933
936
615
932
1283
1285
1293
1293
612
1074
1030
1024
1292
1245
1291
1244
1291
1030
930
930
929
582
579
1238
581
581
931
931
596
597
1004
1013
1025
1025
1025
596
1025
1025
1030
1030
558
1334
577
1332
1335
589
1196
580
593
1240
1241
1241
1198
1286
1248
1248
938
921
557
1237
1331
565
557
937
568
578
566
565
1031
1003
567
594
1327
1327
594
595
596
596
596
595
1025
1025
1025
1025
1199
1260
1256
1256
639
1200
1199
629
629
1157
1258
1258
1200
979
764
1159
639
638
1158
638
1159
1159
1159
741
764
763
1259
1201
1202
1262
979
668
744
1160
1262
1202
671
1261
1160
668
1161
1161
1162
713
1161
943
942
943
768
765
915
916
915
916
919
920
918
918
800
791
917
747
917
942
1021
746
743
742
744
1022
748
748
912
912
913
745
913
911
913
784
783
784
786
764
786
786
1204
1204
712
770
1163
1164
769
944
801
766
767
802
768
765
799
790
799
790
817
822
835
836
834
837
815
816
815
981
920
981
920
789
789
789
788
789
788
788
787
787
784
787
785
785
1020
980
1020
980
980
785
759
759
1000
1000
760
1020
667
960
1000
658
960
960
658
658
785
785
856
856
630
637
667
658
666
667
630
1157
1290
590
1198
1290
590
1156
1156
591
637
591
591
628
591
656
656
656
592
1289
1197
1197
611
1288
1288
592
655
1287
655
1287
655
1300
1299
1300
1299
1299
1302
1299
657
657
656
657
665
666
960
665
1336
589
605
600
626
635
606
626
655
655
627
636
654
654
636
663
654
684
663
684
1142
702
708
1155
702
709
709
709
1155
1343
1343
651
662
662
1343
652
653
1339
1340
625
653
627
652
601
1339
602
601
601
602
601
601
604
603
603
603
604
604
603
620
575
910
575
576
910
910
563
563
1193
1193
1192
588
555
1235
1044
1235
1235
587
1346
1346
709
1345
721
1345
722
722
722
722
710
710
740
740
740
722
723
740
966
966
723
966
963
963
963
704
967
965
965
965
965
965
854
854
856
856
855
856
854
830
854
854
831
855
833
833
832
831
981
855
855
855
855
831
855
982
855
855
831
982
981
981
981
982
789
982
982
981
982
982
982
982
788
788
789
789
1119
982
856
856
856
856
856
856
785
785
1119
1119
785
785
1119
787
1119
1119
1119
787
1119
1119
788
982
1119
1119
837
857
830
851
852
852
852
852
851
851
798
14
980
1020
797
797
798
851
797
797
15
795
15
15
813
19
32
32
798
795
851
798
15
795
798
798
795
795
795
795
796
796
796
796
1020
760
964
762
759
759
761
759
703
964
961
961
685
703
703
703
1302
685
685
685
1301
1302
1302
1302
684
664
664
687
1341
1341
625
651
813
814
814
813
761
760
829
829
19
813
809
809
813
814
811
812
810
809
812
810
809
853
829
761
762
762
964
964
704
704
686
686
723
686
710
1301
1301
1301
687
687
1301
687
683
708
687
1341
1139
651
651
853
829
10
659
678
659
659
659
631
632
632
631
632
632
608
6
608
608
607
608
609
608
608
609
583
608
6
583
583
583
583
583
584
584
584
584
569
569
569
569
570
569
569
598
607
607
740
966
966
966
619
619
616
619
618
618
617
616
616
634
633
633
634
610
610
621
648
602
602
648
623
623
602
631
631
659
631
659
659
659
659
659
659
659
659
660
634
634
634
680
680
680
680
680
660
660
660
680
680
680
680
660
660
646
646
646
646
645
644
621
619
619
620
618
644
644
644
660
659
659
659
645
616
723
710
646
648
620
621
681
647
647
647
649
648
648
649
622
623
623
623
681
681
681
681
649
682
682
649
622
622
622
622
681
681
681
682
682
682
682
682
622
650
650
650
700
650
650
700
661
650
650
650
700
682
700
682
682
682
682
698
699
681
698
681
681
680
698
680
660
679
679
679
678
659
624
624
1338
1338
604
1337
576
576
564
1194
1236
556
624
625
625
651
651
651
662
651
651
559
559
1189
562
1188
1188
1189
1189
562
3
559
1188
1190
1190
585
585
1190
571
586
574
1191
586
1234
574
574
1191
586
585
585
585
585
585
599
586
586
599
599
586
599
599
599
599
599
618
598
598
598
598
570
570
570
598
598
1187
1188
616
617
610
570
618
620
618
1190
571
610
618
617
910
910
620
588
1192
1192
1234
584
620
967
967
967
966
811
811
811
1146
1150
810
810
1145
710
1346
1346
709
709
708
1139
651
651
650
650
700
682
682
681
680
680
660
659
659
659
1059
1060
1059
1060
1060
1060
1347
1347
1347
1347
1347
1347
1347
1347
1347
1347
1347
1347
1347
1347
1347
1347
1347
1347
1347
1347
1347
1347
1347
1347
1347
1347
1347
1347
1347
1347
1347
1347
1347
1347
1347
1347
1347
1347
1347
715
693
775
729
730
692
1347
1347
1347
1347
1347
1347
1347
1347
1347
1347
1347
1347
1347
1347
1347
1347
1347
1347
1347
1347
1347
1347
1347
1347
1347
1347
1347
1347
1347
1347
1347
1347
1347
1347
1347
1347
1347
1347
1347
1347
1347
1347
1347
1347
1347
1347
1347
1347
1347
1347
1347
1347
1347
1347
1347
1347
1347
1347
1347
1347
1347
1347
1347
1347
1347
1347
1347
1347
1347
1347
1347
1347
1347
1347
1347
1347
1347
1347
1347
1347
1347
1347
1347
1347
1347
1347
1347
1347
1347
1347
1347
1347
1347
1347
1347
1347
1347
1347
1347
1347
1347
1347
1347
1347
1347
1347
1347
1347
1347
1347
1347
1347
1347
1347
1347
1347
1347
1347
1347
1347
1347
1347
1347
1347
1347
1347
1347
1347
1347
1347
1347
1347
1347
1347
1347
1347
1347
1347
1347
1347
1347
1347
1347
1347
1347
1347
1347
1347
1347
1347
1347
1347
1347
1347
1347
1347
1347
1347
1347
1347
1347
1347
1347
1347
1347
1347
1347
1347
1347
1347
1347
1347
1347
1347
1347
1347
1347
1347
1347
1347
1347
1347
1347
1347
1347
1347
1347
1347
1347
1347
1347
1347
1347
1347
1347
1347
1347
1347
1347
1347
1347
1347
1347
1347
1347
1347
1347
1347
1347
1347
1347
1347
1347
1347
1347
1347
1347
1347
1347
1347
1347
1347
1347
1347
1347
1347
1347
1347
1347
1347
1347
1347
1347
1347
1347
1347
1347
1347
1347
1347
1347
1347
1347
1347
1347
1347
1347
1347
1347
1347
1347
1347
1347
1347
1347
1347
1347
1347
1347
1347
1347
1347
1036
1036
1347
1347
1037
1037
1039
1039
1039
1038
1038
1038
1036
1038
1038
1347
1347
1347
1038
1036
1038
1038
1036
1037
1043
1043
1043
1037
1042
1043
1347
1347
1347
1043
1042
1039
1039
1039
1039
1039
1032
1038
1038
1038
1036
1038
1036
998
1036
1037
1037
1043
1037
1043
1043
1033
1001
994
995
994
993
1231
1231
1232
1231
560
561
562
1232
562
1232
571
1232
571
1233
561
561
1233
572
1233
572
995
996
1234
572
1234
573
573
573
573
997
996
998
997
999
1045
1035
1036
1037
937
1041
1040
1037
1037
1043
1046
1047
1047
1042
1064
1064
1064
1065
1028
1028
1065
1065
1065
1065
1025
1025
1025
1025
596
596
1347
1347
1347
1347
1347
1347
1347
1031
1327
1031
1042
1042
1031
1327
595
1327
1042
1327
695
732
925
925
750
750
751
751
984
986
986
984
1093
1093
1100
1101
1016
1016
754
983
948
1011
990
1011
990
862
862
863
863
877
877
883
883
882
882
882
882
875
875
871
871
870
870
1089
1089
846
1089
846
975
975
844
843
843
970
970
845
845
778
716
716
778
846
846
846
846
846
1097
1097
846
846
1095
1095
1096
1095
1091
1091
1091
1096
1095
1091
1091
1091
1091
1091
1091
1099
1099
1092
1092
1099
1092
1100
1100
1100
1100
1100
1093
1101
1100
1100
1102
1093
1100
1101
1102
1071
1102
1102
1117
1102
1117
992
1012
1071
1012
1071
1012
733
733
876
876
733
876
749
749
752
731
731
731
728
728
731
776
728
728
776
728
776
777
777
777
777
777
777
777
777
846
846
1095
846
777
777
777
777
1091
777
728
728
728
728
1091
1091
731
731
728
728
1099
1091
1099
1100
1100
1102
1102
1094
1094
1099
1099
1102
1102
1102
1102
1102
1102
1102
1102
1071
1071
1071
1102
1090
1092
1092
1090
1099
1099
1099
1092
1090
1090
1091
1091
1090
1091
1091
1095
1095
1095
1095
731
876
752
752
987
731
728
776
728
777
777
1012
987
1012
1091
1091
1102
1100
1091
1091
1095
1095
1095
1095
1095
1097
1097
1097
1097
1097
1097
1097
1097
843
971
844
1098
968
968
772
972
972
724
726
1102
1102
1102
846
846
843
846
1097
1097
846
846
987
987
1095
1095
1097
1097
846
846
946
1102
983
1071
1117
1012
1012
992
992
752
862
749
863
877
877
883
883
882
882
882
882
875
875
871
871
870
870
777
1089
846
846
846
846
843
843
843
843
1098
1098
1097
1097
1097
845
1095
778
1096
775
778
1095
730
729
729
925
732
925
1099
1092
1092
1091
1091
1091
1096
1095
1095
1095
1095
1097
1097
1097
1097
1097
843
843
1097
843
846
846
843
846
777
777
846
777
776
776
777
731
728
875
731
733
731
882
733
749
876
749
876
992
752
992
987
1071
1012
1012
1071
1102
1101
1101
1102
1100
1100
1093
1093
1094
1094
1347
1347
1347
1347
1347
1347
1347
1347
1347
1347
1347
1347
1347
1347
1347
1347
1347
1347
1347
1347
1347
1347
1347
1347
1347
1347
1347
1347
1347
1347
1347
1347
1347
1347
1347
1347
1347
1347
1347
1347
1347
1347
1347
1347
1347
1347
1347
1347
1347
1347
1058
1347
1347
1347
1347
1347
1347
1347
1347
1347
1347
1347
1347
1347
1347
1347
1347
1347
1347
1347
1347
1347
1347
1347
1347
1347
1347
1347
1347
1347
1347
1347
1347
1347
1347
1347
1347
1347
1347
1347
1347
1060
1060
1058
1058
1027
1347
1347
1347
1347
1347
1347
1347
1065
1065
1065
1347
1347
1347
1347
1347
1347
1347
1347
1347
1347
1347
1347
1347
1347
1347
1347
1347
1347
1347
1347
1347
1347
1347
1347
1347
1347
1347
1347
1347
1347
1347
1347
1347
1347
1347
1347
1347
1347
1347
1347
1347
1347
1347
1347
1347
1347
1347
1347
1347
1347
1347
1347
1347
1347
1347
1347
1347
1347
1347
1347
1347
1347
1347
1347
1347
1347
1347
1347
1347
1347
1347
1347
1347
1347
1347
1347
1347
1347
1347
1347
1347
1347
1347
1347
1347
1347
1347
1347
1347
1347
1347
1347
1347
1347
1347
1347
1347
1347
1347
1347
1347
1347
1347
1347
1347
1347
1347
1347
1347
1347
1347
1347
1347
1347
1347
1347
1347
1347
1347
1347
1347
1347
1064
1347
1347
1064
1347
1347
1347
1347
1064
1347
1347
1347
1347
1347
1347
1347
1347
1347
1347
1347
1347
1347
1347
1347
1347
1347
1347
1347
1347
1347
1347
1347
1347
1347
1347
1347
1347
1347
1347
1347
1347
1347
1347
1347
1347
1347
1347
1347
1347
1347
1347
1291
1347
1347
1030
1347
1030
1030
1030
1030
1030
1030
1030
1291
1030
1030
1030
1030
1030
1291
1291
1291
1291
1030
1291
1291
1244
1244
1029
1029
1244
1244
1029
1244
1029
1244
1244
1029
1244
1244
1347
1347
1347
1347
1347
1347
1347
1347
1347
1347
1347
1347
1347
1347
1347
1347
1347
1347
1347
1347
1347
1347
1347
1347
1347
1347
1347
1347
1347
1347
1347
1347
1347
1064
1064
1347
1064
1064
1064
1064
1064
1064
1064
1064
1064
1028
1028
1028
1028
1028
1028
1028
1028
1028
1028
1064
1064
1064
1064
1064
1064
1064
1347
1347
1347
1347
1347
1347
1347
1347
1347
1347
1347
1347
1347
1347
1347
1347
1347
1347
1347
1347
1347
1347
1347
1347
1347
1347
1347
1347
1347
1347
1347
1347
1347
1347
1347
1347
1347
1030
1347
1030
1030
1030
1347
1347
1030
1030
1030
1030
1030
1030
1030
1030
1030
1030
1030
1030
1030
1030
1030
1030
1291
1030
1291
1030
1030
1030
1347
1347
1347
1347
1291
1347
1347
1291
1291
1291
1291
1291
1291
1291
1291
1291
1291
1291
1291
1291
1291
1029
1244
1244
1029
1244
1244
1291
1291
1291
1291
1291
1291
1291
1244
1291
1291
1244
1244
1244
1347
1347
1347
1347
1347
1347
1347
1347
1347
1347
1347
1347
1347
1347
1347
1347
1347
1347
1347
1347
1347
1347
1347
1347
1347
1347
1347
1347
1347
1347
1347
1347
1347
1347
1347
1347
1064
1347
1347
1028
1064
1028
1028
1028
1028
1028
1028
1347
1347
1347
1347
1028
1028
1028
1347
1347
1347
1347
1347
1347
1347
1347
1347
1347
1347
1347
1347
1347
1347
1347
1347
1347
1347
1347
1347
1347
1347
1347
1347
1347
1347
1347
1347
1244
1347
1244
1244
1291
1291
1244
1291
1244
1244
1291
1291
1244
1244
1291
1244
1244
1244
1029
1029
1347
1347
1029
1029
1347
1347
1347
1347
1347
1347
1347
1347
1347
1347
1347
1347
1347
1347
1347
1347
1347
1347
1347
1347
1244
1347
1244
1029
1244
1244
1244
1244
1030
1030
1244
1244
1029
1244
1029
1029
1029
1029
1029
1029
1029
1029
1029
1347
1029
1347
1347
1347
1347
1347
1347
1347
1347
1347
1029
1029
1029
1029
1029
1029
1029
1029
1029
1029
1029
1029
1029
1029
1029
1029
1029
1029
1029
1029
1029
1029
1028
1028
1028
1029
1028
1029
1029
1029
1244
1244
1029
1029
1244
1029
1029
1029
1029
1029
1029
1029
1029
1029
1029
1029
1029
1029
1029
1029
1029
1029
1029
1029
1029
1029
1028
1028
1028
1028
1028
1064
1064
1029
1029
1028
1028
1064
1028
1064
1064
1029
1029
1029
1029
1244
1244
1065
1064
1065
1064
1064
1064
1065
1065
1347
1347
1347
1347
1347
1347
1347
1347
1347
1347
1347
1347
1347
1347
1347
1347
1347
1347
1347
1347
1347
1347
1347
1347
1347
1347
1347
1347
1347
1347
1347
1347
1347
1347
1347
1347
1347
1347
1347
1347
1347
1347
1347
1347
1347
1347
1347
1347
1347
1347
1347
1347
1347
1347
1347
1347
1347
1347
1347
1347
1347
1347
1347
1347
1347
1347
1347
1347
1030
1030
1030
1347
1347
1030
1030
1030
1030
1030
1030
1030
1030
1030
1030
1030
1030
1030
1030
1030
1291
1244
1244
1244
1244
1244
1030
1030
1030
1030
1244
1244
1244
679
679
679
679
678
678
678
679
698
699
699
699
699
698
698
699
699
700
700
661
700
661
662
661
721
1344
721
1344
1141
1141
1344
1141
1141
1302
686
686
1144
1144
1144
740
1144
1154
1154
1146
1146
1146
1146
1146
1146
1153
1153
1153
662
1342
662
1339
652
652
1342
1342
678
678
678
602
601
624
623
601
624
1339
624
661
700
699
648
648
699
648
619
621
621
607
616
646
678
619
646
698
679
678
703
685
685
657
686
686
1302
1299
1300
1299
1300
1299
1302
1287
1287
626
605
600
606
589
1196
1196
1197
592
1336
589
605
1337
626
1338
604
604
603
603
603
576
602
621
621
620
620
617
618
619
616
618
619
619
795
796
15
15
796
15
15
15
15
665
665
657
656
656
628
1289
1288
592
1197
611
568
579
578
1330
1239
577
577
1332
565
1333
1332
1334
1237
937
565
999
1045
1236
555
1041
558
564
563
563
563
555
588
1235
1033
1033
588
599
993
994
599
993
1
994
1032
980
131
786
786
131
980
786
786
786
1290
1241
1290
1156
936
1241
590
1156
666
582
579
582
579
930
579
1042
1042
1042
1043
1042
1042
1042
1043
1043
1043
1043
1043
1043
1043
1043
1043
1043
1043
1043
1043
1043
1037
1037
1037
1038
1038
1038
1347
1037
1038
1038
1038
1347
1038
1347
1039
1347
1347
1347
1347
1347
1347
1347
1347
1347
1031
1031
1031
1031
1042
1042
1042
1031
1031
1031
1042
1042
1031
1042
1042
1042
1042
1031
1042
1042
1042
1347
1347
1347
1347
1347
1347
1347
1347
1347
1347
1347
1347
1347
1043
1043
1043
1043
1347
1043
1043
1043
1043
1043
1043
1043
1347
1042
1042
1043
1347
1042
1042
1347
1347
1347
1347
1042
1347
1347
1347
1347
1347
1347
1347
1347
1039
1039
1039
1039
1032
1038
1036
1038
1038
1036
1037
1037
1037
1037
1043
937
1040
1043
1043
1043
1047
1003
1042
1042
1042
1329
1031
567
567
1031
1327
581
581
1328
929
582
594
931
931
594
933
933
933
931
594
1347
1347
1347
1347
1347
1347
1347
1347
1347
1039
1038
1038
1037
1037
1037
1043
1043
1043
1043
1043
1043
1042
1042
1042
1031
1031
1031
1031
1327
1327
1327
1347
1347
1347
1347
1347
1347
1347
1347
1347
1031
1031
1031
1031
594
1327
1327
1347
931
931
594
936
933
667
667
667
590
667
667
960
961
665
960
961
703
1154
964
964
1154
961
759
964
1153
1146
762
761
1145
759
760
813
1150
607
10
678
19
1132
19
1132
702
702
702
687
687
702
652
652
1338
627
1338
655
655
635
611
654
636
655
655
684
654
1299
684
687
655
655
1288
1288
936
930
929
936
930
930
1031
1031
1042
1042
1347
581
594
1327
580
580
1195
1194
576
576
1335
1336
575
575
910
910
1289
591
666
593
1240
593
593
960
960
1289
1290
618
609
618
1020
32
1020
1020
32
32
760
760
760
760
1020
1020
1000
1000
759
759
1000
1000
786
786
786
786
786
786
786
131
980
980
980
980
980
608
607
608
607
6
608
583
583
993
1
1
34
34
34
34
1240
930
1240
929
936
936
1198
658
658
936
786
980
1020
980
980
980
980
1241
699
700
700
623
700
619
620
588
994
1032
1037
1037
1347
1347
1038
1038
1038
618
1154
1153
1154
1042
1347
1347
1327
1031
1327
1347
1000
1000
1000
759
961
759
704
704
1000
1241
662
1342
702
1337
1237
1043
1043
1347
1043
1043
627
663
1335
1146
1145
1145
1145
1145
786
1347
762
1146
759
759
1020
786
786
679
698
698
698
646
698
616
609
599
993
608
994
1150
1150
1150
1150
1132
1132
1132
679
699
661
624
661
661
1302
687
722
1144
704
1154
1154
1146
662
654
655
684
684
702
700
700
1154
1154
663
663
1145
1145
698
698
1150
1150
1132
1130
10
678
10
678
225
225
853