0.0875179991126060 0.5245689749717713 0.1702180057764053
0.0828270018100738 0.5226929783821106 0.1856220066547394
0.0702140033245086 0.5013279914855957 0.1880480051040649
0.0230340007692575 0.4585359990596771 0.2039909958839417
0.0203579999506473 0.4538600146770477 0.2171149998903275
0.0095480000600218 0.4524300098419190 0.2242220044136047
0.0791980028152465 0.5213320255279541 0.1958390027284622
0.0762019976973533 0.5216379761695862 0.2051250040531158
0.0645420029759407 0.5005159974098205 0.2084240019321442
0.1052860021591187 0.5499920248985290 0.1358519941568375
0.1007829979062080 0.5434899926185608 0.1509460061788559
0.0916529968380928 0.5272719860076904 0.1534959971904755
0.0190689992159605 0.4535480141639709 0.2276339977979660
0.0188079997897148 0.4574840068817139 0.2395150065422058
0.0094849998131394 0.4584699869155884 0.2450360059738159
0.0536920018494129 0.4755719900131226 0.1907510012388229
0.0487789995968341 0.4700149893760681 0.2049839943647385
0.0339789986610412 0.4592080116271972 0.2110249996185303
0.0734950006008148 0.5247039794921875 0.2159280031919479
0.0685179978609085 0.5321840047836304 0.2312559932470322
0.0610349997878074 0.5186049938201904 0.2326389998197556
0.1097389981150627 0.5727519989013672 0.1783149987459183
0.1031180024147034 0.5703750252723694 0.1978880017995834
0.0973389968276023 0.5535339713096619 0.1912059932947159
0.1259689927101135 0.5914750099182129 0.1355600059032440
0.1163780018687248 0.5764350295066833 0.1550409942865372
0.1089060008525848 0.5591790080070495 0.1512909978628159
0.0206860005855560 0.4674730002880097 0.2508249878883362
0.0170639995485544 0.4874730110168457 0.2607170045375824
0.0075960000976920 0.4871689975261688 0.2612819969654083
0.0448129996657371 0.4669399857521057 0.2149399966001511
0.0423809997737407 0.4671100080013275 0.2232780009508133
0.0300249997526407 0.4592620134353638 0.2318499982357025
0.0565450005233287 0.4827400147914886 0.2059050053358078
0.0873790010809898 0.5388280153274536 0.1987709999084473
0.0837469995021820 0.5379779934883117 0.2078109979629516
0.0426319986581802 0.4741939902305603 0.2336509972810745
0.0401410013437271 0.4889259934425354 0.2468280047178268
0.0269389990717172 0.4848679900169373 0.2567319869995117
0.0973130017518997 0.5694730281829834 0.2129880040884018
0.0934699997305870 0.5712530016899109 0.2234700024127960
0.0896520018577575 0.5544109940528870 0.2137300074100494
0.0528559982776641 0.5329110026359558 0.2492060065269470
0.0603809989988803 0.5447080135345459 0.2472019940614700
0.0555259995162487 0.5569170117378235 0.2562200129032135
0.0862139984965324 0.5727540254592895 0.2371850013732910
0.0794180035591125 0.5751839876174927 0.2474240064620972
0.0779649987816810 0.5605469942092895 0.2390539944171906
0.0156350005418062 0.5020909905433655 0.2648899853229523
0.0142820002511143 0.5118489861488342 0.2721920013427734
0.0061750002205371 0.5110939741134644 0.2717449963092804
0.0362499989569187 0.5081570148468017 0.2573269903659820
0.0335890017449855 0.5247579813003540 0.2658849954605102
0.0240560006350278 0.5158870220184326 0.2705560028553009
0.0457889996469020 0.5194640159606934 0.2516059875488281
0.0497809983789920 0.5647889971733093 0.2657200098037720
0.0486019998788833 0.5701239705085754 0.2710680067539215
0.0426069982349872 0.5635700225830078 0.2759709954261780
0.0669870004057884 0.5560129880905151 0.2472220063209534
0.0616630017757415 0.5639820098876953 0.2549969851970673
0.0150129999965429 0.5203940272331238 0.2810960114002228
0.0158009994775056 0.5274829864501953 0.2886730134487152
0.0071629998274147 0.5251500010490417 0.2895579934120178
0.0657450035214424 0.5706899762153626 0.2557229995727539
0.0716779977083206 0.5669249892234803 0.2492920011281967
0.0736109986901283 0.5769420266151428 0.2536540031433106
0.1005330011248588 0.7343239784240723 0.2538479864597321
0.0967639982700347 0.7496449947357178 0.2522859871387482
0.0795250013470649 0.7546100020408630 0.2574039995670319
0.0304380003362894 0.5318859815597534 0.2745519876480102
0.0287350006401538 0.5389810204505921 0.2842319905757904
0.0232880003750324 0.5318430066108703 0.2860659956932068
0.0363049991428852 0.5453569889068604 0.2744309902191162
0.0478850007057190 0.5710560083389282 0.2725160121917724
0.0424950011074543 0.5648120045661926 0.2766450047492981
0.0529920011758804 0.5728759765625000 0.2673169970512390
0.0688820034265518 0.6737160086631775 0.2784569859504700
0.0658989995718002 0.6628460288047790 0.2799600064754486
0.0757780000567436 0.6388630270957947 0.2752149999141693
0.0172809995710849 0.5364350080490112 0.2944819927215576
0.0078729996457695 0.5355790257453919 0.2956039905548096
0.0450350008904934 0.5736849904060364 0.2714729905128479
0.0392460003495216 0.5681149959564209 0.2742530107498169
0.0542219989001751 0.5786550045013427 0.2695200145244598
0.0551030002534389 0.5757579803466797 0.2669259905815124
0.0563209988176822 0.5742740035057068 0.2647629976272583
0.0619649998843669 0.6480429768562317 0.2808749973773956
0.0670550018548965 0.6325820088386536 0.2777889966964722
0.0921880006790161 0.7587379813194275 0.2519389986991882
0.0798069983720779 0.7615320086479187 0.2551429867744446
0.1386139988899231 0.7513470053672791 0.2202319949865341
0.1413950026035309 0.7326560020446778 0.2174630016088486
0.1477070003747940 0.7380849719047547 0.2047470062971115
0.0131500000134110 0.5488870143890381 0.2873769998550415
0.0069980002008378 0.5463640093803406 0.2878910005092621
0.0296190008521080 0.5464119911193848 0.2879500091075897
0.0229739993810653 0.5397809743881226 0.2923299968242645
0.0351479984819889 0.5506439805030823 0.2813979983329773
0.0515850000083446 0.5752159953117371 0.2703300118446350
0.0489079989492893 0.7763180136680603 0.2612319886684418
0.0439070016145706 0.7681260108947754 0.2707790136337280
0.0532080009579658 0.7593290209770203 0.2689540088176727
0.0932279974222183 0.7769110202789307 0.2479380071163178
0.0837349966168403 0.7786120176315308 0.2493070065975189
0.1116499975323677 0.7586770057678222 0.2438469976186752
0.1057080030441284 0.7775920033454895 0.2437960058450699
0.1333259940147400 0.7618870139122010 0.2248850017786026
0.1438679993152618 0.7560459971427918 0.2106530070304871
0.0261560007929802 0.5570279955863953 0.2818590104579925
0.0188669990748167 0.5518680214881897 0.2856369912624359
0.0344600006937980 0.5548570156097412 0.2843399941921234
0.0483350008726120 0.5772340297698975 0.2705039978027344
0.0505379997193813 0.5798050165176392 0.2705279886722565
0.0522699989378452 0.5774899721145629 0.2706860005855560
0.0665460005402565 0.7603949904441833 0.2608210146427155
0.0697449967265129 0.7664089798927308 0.2567319869995117
0.0611260011792182 0.7740139961242675 0.2560159862041473
0.0503860004246234 0.5784279704093933 0.2716999948024750
0.0487070009112358 0.5772650241851807 0.2711040079593659
0.0746399983763694 0.7794780135154724 0.2499739974737167
0.0655980035662651 0.7839980125427246 0.2483360022306442
0.1523029953241348 0.7705799937248230 0.1936639994382858
0.1574939936399460 0.7596510052680969 0.1813959926366806
0.1600310057401657 0.7700899839401245 0.1741999983787537
0.1457899957895279 0.7787380218505860 0.2039349973201752
0.1550900042057037 0.7783570289611817 0.1879770010709763
0.1624320000410080 0.7923970222473144 0.1700299978256226
0.1619739979505539 0.8070279955863953 0.1768330037593842
0.1556310057640076 0.8032739758491516 0.1930959969758988
0.0437210015952587 0.5865610241889953 0.2767809927463532
0.0399480015039444 0.5795189738273620 0.2762289941310883
0.0454410016536712 0.5791699886322021 0.2734479904174805
0.0448010005056858 0.5993250012397766 0.2876560091972351
0.0395230017602443 0.5924530029296876 0.2856149971485138
0.0444290004670620 0.5862240195274353 0.2788160145282745
0.0424720011651516 0.7149369716644287 0.2974160015583038
0.0454800017178058 0.7105659842491150 0.2889269888401032
0.0485009998083114 0.7079390287399292 0.2843790054321289
0.0369670018553733 0.7165430188179016 0.3112260103225708
0.0370180010795593 0.7094100117683411 0.3130869865417480
0.0421559996902942 0.7067949771881103 0.3038380146026611
0.1372530013322830 0.7897400259971619 0.2139299958944321
0.1480550020933151 0.7843530178070068 0.2004979997873306
0.1604910045862198 0.8191800117492676 0.1868260055780411
0.1582670062780380 0.8300989866256714 0.1977999955415726
0.1528159976005554 0.8204140067100525 0.2077039927244187
0.0377990007400512 0.5924299955368042 0.2816010117530823
0.0328200012445449 0.5792199969291686 0.2790760099887848
0.0268029998987913 0.6279789805412293 0.3029739856719971
0.0315909981727600 0.6238710284233093 0.2992300093173981
0.0383239984512329 0.6371080279350281 0.2915459871292115
0.0493800006806850 0.6892809867858886 0.2828339934349060
0.0150619996711611 0.7269129753112794 0.3332780003547668
0.0233319997787475 0.7243520021438598 0.3267579972743988
0.0222079996019601 0.7319509983062744 0.3202250003814697
0.0335769988596439 0.8099920153617859 0.2636699974536896
0.0304579995572567 0.8343579769134522 0.2778939902782440
0.0243289992213249 0.8055920004844666 0.2747960090637207
0.1456560045480728 0.8161540031433106 0.2170560061931610
0.1475339978933334 0.8096560239791871 0.2105669975280762
0.1543300002813339 0.8116040229797363 0.2000389993190765
0.1554519981145859 0.8411080241203308 0.2078720033168793
0.1492089927196503 0.8286250233650208 0.2183180004358292
0.0342609994113445 0.6861879825592041 0.2903639972209930
0.0469739995896816 0.6749190092086792 0.2844940125942230
0.0437100008130073 0.6906449794769288 0.2863329946994781
0.0244309995323419 0.7159399986267090 0.3300080001354218
0.0213290005922317 0.8409209847450257 0.2846460044384003
0.0176619999110698 0.8103709816932678 0.2819179892539978
0.1425939947366714 0.8225520253181458 0.2245039939880371
0.0187180005013942 0.6663929820060730 0.2989949882030487
0.0088999997824430 0.6628779768943786 0.3023039996623993
0.0116990003734827 0.6505950093269348 0.3030889928340912
0.0146570000797510 0.7082599997520447 0.3390460014343261
0.0223149992525577 0.7080519795417786 0.3316960036754608
0.0075509999878704 0.7277809977531433 0.3366180062294006
0.0153980003669858 0.7353320121765137 0.3253329992294312
0.0465379990637302 0.8595070242881775 0.2833859920501709
0.0342050008475780 0.8603230118751526 0.2869189977645874
0.1333619952201843 0.8175510168075561 0.2298129945993423
0.1379539966583252 0.8299120068550109 0.2335080057382584
-0.0000360000012733 0.7279189825057984 0.3377490043640137
0.0076959999278187 0.7371289730072022 0.3288609981536865
-0.0001769999944372 0.6603580117225647 0.3020850121974945
0.0000900000013643 0.6469079852104187 0.3028700053691864
0.0197940003126859 0.6123329997062683 0.3030160069465637
0.0243519991636276 0.6196749806404114 0.3062480092048645
0.0194530002772808 0.6252380013465882 0.3094600141048431
0.0147449998185038 0.6364210247993469 0.3072090148925781
0.0218630004674196 0.6330180168151855 0.3054110109806061
0.0207219999283552 0.6518309712409974 0.3000299930572510
0.0150830000638961 0.7171519994735718 0.3379760086536408
0.0124369999393820 0.8143540024757385 0.2852129936218262
0.0418710000813007 0.8241599798202515 0.2640550136566162
0.1292860060930252 0.8214229941368102 0.2350330054759979
-0.0005159999709576 0.8138449788093567 0.2881979942321777
0.0136949997395277 0.8420789837837220 0.2871769964694977
0.0080070002004504 0.7166979908943176 0.3412860035896301
-0.0001869999978225 0.6355360150337220 0.3081409931182861
0.0140249999240040 0.5747529864311219 0.2864829897880554
0.0193700008094310 0.6099870204925537 0.2958540022373199
0.0127149997279048 0.6130200028419494 0.2985590100288391
0.0079239998012781 0.7077810168266296 0.3421339988708496
0.0217349994927644 0.8587629795074463 0.2891640067100525
0.0673689991235733 0.8451560139656067 0.2694860100746155
0.0702439993619918 0.8662469983100891 0.2788990139961243
0.0564859993755817 0.8631780147552490 0.2820540070533752
0.0556280016899108 0.8254340291023254 0.2569989860057831
0.0672039985656738 0.8332390189170838 0.2601389884948731
0.1476919949054718 0.8524280190467835 0.2240599989891052
0.1440300047397614 0.8371980190277100 0.2294930070638657
0.0000000000000000 0.8559589982032776 0.2910139858722687
0.0000000000000000 0.7069209814071656 0.3431070148944855
0.0107209999114275 0.6274530291557312 0.3121129870414734
0.0107410000637173 0.6897339820861816 0.3188999891281128
0.0085359998047351 0.6878849864006043 0.3192360103130340
0.0093930000439286 0.6836169958114624 0.3086540102958679
0.0066700000315904 0.6977769732475281 0.3369089961051941
0.0051989997737109 0.6905819773674011 0.3285549879074097
0.0102509995922446 0.6927809715270996 0.3277440071105957
0.0643069967627525 0.8835639953613281 0.2815810143947601
0.0832829996943473 0.8510950207710266 0.2686589956283569
0.0871900022029876 0.8666899800300598 0.2729800045490265
0.0619499981403350 0.8185750246047973 0.2475959956645965
0.0703359991312027 0.8248199820518493 0.2509039938449860
0.1259000003337860 0.8718050122261047 0.2490579932928085
0.1210699975490570 0.8527449965476989 0.2538189888000488
0.1355790048837662 0.8477939963340759 0.2414070069789886
0.0000000000000000 0.6900730133056640 0.3288260102272034
0.0076230000704526 0.6736639738082885 0.3044770061969757
0.0051480000838637 0.6796550154685974 0.3093779981136322
-0.0000799999979790 0.6773589849472046 0.3082740008831024
-0.0000389999986509 0.6292250156402588 0.3121559917926788
0.0063140001147985 0.6188219785690308 0.3082279860973358
0.0139920003712177 0.6158030033111572 0.3060460090637207
0.0156159996986389 0.6785429716110230 0.3004899919033050
0.0158789996057748 0.6878399848937988 0.3002510070800781
0.0042269998230040 0.6857219934463501 0.3195900022983551
0.0824920013546943 0.8401849865913391 0.2621810138225556
0.0487099997699260 0.8118379712104797 0.2487480044364929
0.0451910011470317 0.8137320280075073 0.2532440125942230
0.0397030003368854 0.7982850074768067 0.2516120076179504
0.1228829994797707 0.8247810006141663 0.2406969964504242
0.0000000000000000 0.6849799752235412 0.3191989958286285
-0.0000639999998384 0.6201480031013489 0.3091979920864105
0.0058090002276003 0.6153529882431030 0.2997890114784241
0.0046720001846551 0.5709130167961121 0.2882510125637055
0.0088529996573925 0.5723530054092407 0.2879190146923065
0.1011300012469292 0.8534640073776244 0.2638069987297058
0.1072060018777847 0.8694270253181458 0.2633099853992462
0.0982209965586662 0.8441029787063598 0.2611060142517090
0.0832410007715225 0.8283119797706604 0.2520309984683990
0.1141579970717430 0.8433399796485901 0.2551369965076446
0.1078189983963966 0.8287490010261536 0.2486899942159653
0.1307300031185150 0.8378559947013855 0.2433830052614212
-0.0023570000194013 0.5704399943351746 0.2872189879417420
0.0960860028862953 0.8294349908828735 0.2513409852981567
0.1289529949426651 0.9705219864845276 0.2057249993085861
0.1471509933471680 0.9548779726028443 0.1808560043573380
0.1498479992151260 0.9781479835510254 0.1602880060672760
0.1105659976601601 1.0142019987106320 0.2015199959278107
0.1072169989347458 0.9820269942283630 0.2250709980726242
0.0877519994974136 1.0252170562744140 0.2114380002021789
0.0667050033807754 1.0327680110931400 0.2167759984731674
0.0632459968328475 0.9917430281639099 0.2430739998817444
0.0449320003390312 1.0391219854354860 0.2187809944152832
0.0224159993231296 1.0419640541076660 0.2203309983015060
0.0202210005372762 0.9985409975051880 0.2468390017747879
0.0663449987769126 0.9136139750480652 0.2718159854412079
0.0625369995832443 0.9509720206260681 0.2596719861030579
0.0417700000107288 0.9536690115928650 0.2637900114059448
0.0882999971508979 0.9166070222854614 0.2620190083980560
0.0839610025286674 0.9504740238189697 0.2524369955062866
0.1082039996981621 0.9167519807815552 0.2500329911708832
0.1048419997096062 0.9484289884567260 0.2410340011119843
0.1245099976658821 0.9120810031890870 0.2370779961347580
0.1251000016927719 0.9401379823684692 0.2252639979124069
0.1410810053348541 0.9005550146102906 0.2189899981021881
0.1445509940385819 0.9256669878959656 0.2012930065393448
0.1621620059013367 0.8788089752197266 0.1734469980001450
0.1636279970407486 0.8972470164299012 0.1583420038223267
0.1557919979095459 0.9141709804534912 0.1783690005540848
0.0527799986302852 0.5054919719696045 0.2371380031108856
0.0749329999089241 0.5460119843482971 0.2327059954404831
0.0000000000000000 0.6971279978752136 0.3374980092048645
0.0126719996333122 0.6993899941444397 0.3346819877624512
0.0174240004271268 0.7011489868164063 0.3311089873313904
0.0321060009300708 0.7001019716262817 0.3113979995250702
0.0366039983928203 0.6964020133018493 0.3019390106201172
0.0414990000426769 0.7014660239219666 0.3023200035095215
0.0373819991946220 0.6939129829406738 0.2969700098037720
0.0434070006012916 0.6990489959716797 0.2938390076160431
0.0471220016479492 0.7009639739990235 0.2860009968280792
0.0352579988539218 0.7867910265922546 0.2653949856758118
0.0370769985020160 0.7205049991607666 0.3061920106410980
0.0296369995921850 0.7264770269393921 0.3136489987373352
0.0296589992940425 0.7138040065765381 0.3228999972343445
0.0364000014960765 0.7059310078620910 0.3133080005645752
0.0273889992386102 0.7052479982376099 0.3222909867763519
0.1186299994587898 0.7329729795455932 0.2432290017604828
0.1174769997596741 0.7475010156631470 0.2420489937067032
0.1191129982471466 0.7767999768257140 0.2356369942426682
0.1263599991798401 0.7601360082626342 0.2328480035066604
0.0807849988341331 0.5116580128669739 0.1599860042333603
0.0963689982891082 0.5398250222206116 0.1680169999599457
0.0906540006399154 0.5385460257530212 0.1880829930305481
0.0860880017280578 0.9878230094909668 0.2362599968910217
0.0350220017135143 0.7314800024032593 0.2940300107002259
0.0425920002162456 0.7216050028800964 0.2889690101146698
0.0436239987611770 0.7281839847564698 0.2854300141334534
0.0357180014252662 0.7377399802207946 0.2899680137634277
0.0282070003449916 0.7452449798583985 0.2957130074501037
0.0141920000314712 0.7495369911193847 0.3118189871311188
0.0140349995344877 0.7558060288429261 0.3067049980163574
0.0070420000702142 0.7581940293312073 0.3095029890537262
0.1304039955139160 0.7814030051231384 0.2236299961805344
0.1255179941654205 0.7780569791793823 0.2296400070190430
0.1431020051240921 0.7734509706497193 0.2084600031375885
0.1341920047998428 0.7868459820747375 0.2181680053472519
0.1387100070714951 0.7664759755134583 0.2166610062122345
0.0001329999940935 0.7971569895744324 0.2914940118789673
0.0099330004304647 0.7957119941711425 0.2894600033760071
0.0170249994844198 0.7932400107383729 0.2852529883384705
0.1661040037870407 0.8285099864006043 0.1641020029783249
0.1635909974575043 0.8433910012245178 0.1789010018110275
0.1593279987573624 0.8569930195808411 0.1938659995794296
0.1505970060825348 0.8679289817810058 0.2138289958238602
0.1258569955825806 0.8873710036277772 0.2461960017681122
0.1385660022497177 0.8615360260009765 0.2368099987506867
0.1061009988188744 0.8885099887847900 0.2610299885272980
0.0836799964308738 0.8871229887008667 0.2739779949188232
0.0000409999993280 0.9096300005912781 0.2833560109138489
0.0242289993911981 0.9106180071830749 0.2818619906902313
0.0201539993286132 0.9535390138626099 0.2669019997119904
0.0000009999999974 1.0432070493698120 0.2205480039119720
0.0004239999980200 0.9988039731979370 0.2471269965171814
0.0554170012474060 0.6378939747810364 0.2826209962368012
0.0592960007488727 0.6255360245704650 0.2799479961395264
0.0454580001533031 0.6280779838562012 0.2874900102615356
0.0510430000722408 0.6170330047607421 0.2838230133056641
0.0358260013163089 0.7250289916992187 0.3007619976997375
0.0214469991624355 0.7387099862098694 0.3131639957427978
0.0149809997528791 0.7422940135002136 0.3181900084018707
0.0074760001152753 0.7446590065956115 0.3214049935340881
0.0000149999996210 0.7458459734916687 0.3217540085315704
0.0297880005091428 0.6149060130119324 0.3018240034580230
0.0363820008933544 0.6094440221786499 0.2960099875926972
0.0270959995687007 0.6068590283393860 0.2983280122280121
0.0341599993407726 0.6017040014266968 0.2941539883613587
0.0251940004527568 0.6054189801216125 0.2930249869823456
0.0190190002322197 0.5780119895935059 0.2858150005340576
0.0255769994109869 0.5783140063285828 0.2823759913444519
0.0495040006935596 0.7817379832267761 0.2555600106716156
0.0419120006263256 0.7893350124359131 0.2544850111007691
0.0544800013303756 0.7897210121154785 0.2440710067749023
0.0471299998462200 0.7925909757614136 0.2435919940471649
0.0339579991996288 0.7777879834175110 0.2735050022602081
0.0642239972949028 0.7503970265388489 0.2662349939346314
0.0805450007319450 0.7419130206108093 0.2609870135784149
0.0548780001699924 0.7154870033264160 0.2794420123100281
0.0382810011506080 0.6148930191993714 0.2939690053462982
0.0767550021409988 0.6916999816894532 0.2734560072422028
0.0521759986877441 0.7089999914169312 0.2814140021800995
0.0453450009226799 0.6055340170860291 0.2876420021057129
0.0305029992014169 0.6006770133972168 0.2870289981365204
0.0253209993243217 0.6853139996528626 0.2934679985046387
0.0127969998866319 0.6941890120506286 0.3261339962482452
0.1278460025787353 0.8124290108680724 0.2325720041990280
0.1305720061063766 0.8091089725494385 0.2287199944257736
0.1245369985699654 0.8143119812011718 0.2357590049505234
0.1177479997277260 0.8171809911727905 0.2408100068569183
0.1060609966516495 0.8198339939117431 0.2456230074167252
0.0960000008344650 0.8207150101661682 0.2480330020189285
0.0743729993700981 0.8154960274696351 0.2468670010566711
0.1581480056047440 0.9363039731979370 0.1601399928331375
0.1545249968767166 0.8897190093994140 0.1944800019264221
0.1396639943122864 0.8784540295600891 0.2300889939069748
0.1337790042161942 0.8060759902000428 0.2238010019063949
0.1394069939851761 0.8077009916305542 0.2186830043792724
0.1369830071926117 0.8130859732627868 0.2242359966039658
0.0448720008134841 0.7991290092468261 0.2442550063133240
0.0488060005009174 0.7973309755325317 0.2390349954366684
-0.0002629999944474 0.5450630187988281 0.2879819869995117
-0.0000639999998384 0.5353440046310425 0.2952220141887665
0.0000170000002981 0.5247840285301208 0.2897930145263672
0.0057120001874864 0.5190330147743225 0.2825770080089569
0.0000049999998736 0.5105460286140442 0.2710019946098328
0.0000000000000000 0.5007809996604920 0.2638660073280334
0.0075460001826286 0.5016000270843506 0.2644299864768982
0.0000180000006366 0.4863660037517548 0.2611190080642700
0.0099689997732639 0.4689550101757050 0.2546530067920685
-0.0000009999999974 0.4603489935398102 0.2478439956903458
-0.0000049999998736 0.4544610083103180 0.2388149946928024
0.0085640000179409 0.4534409940242767 0.2339870035648346
0.0000000000000000 0.4524550139904022 0.2292509973049164
-0.0000129999998534 0.4545750021934509 0.2156720012426376
0.0107829999178648 0.4565919935703277 0.2100410014390945
0.0002039999963017 0.4612869918346405 0.2008540034294128
0.0150750000029802 0.4624719917774200 0.1968329995870590
0.0176069997251033 0.4707590043544769 0.1800619959831238
0.0232580006122589 0.5245829820632934 0.2785080075263977
0.0235149990767240 0.5046839714050293 0.2643760144710541
0.0309229996055364 0.4674699902534485 0.2437469959259033
0.0309599991887807 0.4573119878768921 0.2208539992570877
0.0380470007658004 0.4632560014724732 0.1986239999532700
0.0433490015566349 0.4695569872856140 0.1838580071926117
0.0572949983179569 0.4813269972801208 0.1765999943017960
0.0475400015711784 0.4755330085754394 0.1710769981145859
0.0446869991719722 0.6521760225296020 0.2867040038108826
0.0578700006008148 0.5781779885292054 0.2658190131187439
0.0541730001568794 0.5702779889106751 0.2643510103225708
0.0422820001840591 0.5570579767227173 0.2717579901218414
0.0406319983303546 0.5334110260009766 0.2613550126552582
0.0000979999967967 0.5181090235710144 0.2817940115928650
0.0304620005190372 0.4722389876842499 0.1738130003213883
0.0279610008001327 0.4651989936828613 0.1897390037775040
0.1331859976053238 0.6132720112800598 0.1451749950647354
0.1245810016989708 0.6017649769783020 0.1662900000810623
0.1309709995985031 0.7490429878234863 0.2304639965295792
0.1010660007596016 0.5429260134696961 0.1237059980630875
0.1130700036883354 0.5633810162544250 0.1176439970731735
0.1032570004463196 0.5552250146865844 0.1712159961462021
0.0501010008156299 0.5780220031738281 0.2717289924621582
0.0495139993727207 0.5780770182609558 0.2711609899997711
0.0487879998981952 0.5772550106048584 0.2712579965591431
0.1489049941301346 0.7636600136756897 0.2004169970750809
0.1486479938030243 0.8018320202827453 0.2045820057392120
0.1492580026388168 0.7941780090332031 0.2004150003194809
0.0455119982361793 0.9119110107421875 0.2781519889831543
0.0407240018248558 0.9945949912071228 0.2468650043010712
-0.0001389999961247 0.9538919925689697 0.2676059901714325
0.1529110074043274 0.7479130029678345 0.1925320029258728
0.1620039939880371 0.7470890283584595 0.1619939953088760
0.1339669972658157 0.7320939898490906 0.2288890033960342
0.1494069993495941 0.7885059714317322 0.1988119930028916
0.1614709943532944 0.7803549766540527 0.1710779964923859
0.0569830015301704 0.7691519856452942 0.2612229883670807
0.0283049996942281 0.6464959979057312 0.2965680062770844
0.0294979996979236 0.6615329980850220 0.2935729920864105
0.0302700009196996 0.6732580065727233 0.2920170128345489
0.0447110012173652 0.7083870172500611 0.2943739891052246
0.0420240014791488 0.7126179933547973 0.3026739954948426
0.0433040000498294 0.7171440124511718 0.2917299866676331
0.0240359995514154 0.7874950170516968 0.2793320119380951
0.0205729994922876 0.7453780174255372 0.3069509863853455
0.0208599995821714 0.7516540288925171 0.3016949892044067
0.0277040004730224 0.7332339882850647 0.3067789971828461
0.0292029995471239 0.7212430238723756 0.3204869925975800
0.0294179990887641 0.7094860076904297 0.3225139975547791
-0.0000880000006873 0.8711739778518676 0.2916440069675446
0.0270160008221864 0.8748250007629394 0.2903760075569153
0.0456149987876415 0.8775330185890198 0.2868799865245819
0.0448019988834857 0.7036929726600646 0.2929809987545013
0.1665640026330948 0.9152370095252991 0.1393049955368042
0.1706790030002594 0.9353389739990235 0.1167680025100708
0.1616220027208328 0.9573959708213806 0.1383190006017685
0.0177030004560947 0.4758340120315552 0.1666810065507889
0.0337189994752407 0.4761739969253540 0.1636569947004318
0.0016060000052675 0.4690749943256378 0.1863580048084259
0.0026310000102967 0.4756410121917725 0.1711509972810745
0.0612480007112026 0.4871349930763245 0.1650300025939941
0.0505280010402202 0.4806089997291565 0.1601500064134598
0.0645380020141601 0.4919799864292145 0.1542630046606064
0.0528430007398128 0.4841440021991730 0.1509689986705780
0.0359480008482933 0.4787659943103790 0.1540109962224960
0.0192850008606910 0.4766629934310913 0.1578149944543838
-0.0000519999994139 0.4757309854030609 0.1601999998092652
0.0742579996585845 0.5025529861450195 0.1577299982309341
0.0790740028023719 0.5095589756965637 0.1422190070152283
0.0679240003228187 0.4980919957160950 0.1418260037899017
0.0335140004754066 0.5628600120544433 0.2784009873867035
0.0647189989686012 0.5092819929122925 0.2186080068349838
0.0545260012149810 0.4831390082836151 0.2142319977283478
0.0678910017013549 0.5009800195693970 0.1976100057363510
0.0603809989988803 0.4858160018920899 0.1944230049848556
0.0640039965510368 0.4897390007972717 0.1815969944000244
0.0689489990472793 0.4958679974079132 0.1687079966068268
0.0866869986057281 0.5194370150566101 0.1464439928531647
0.0964210033416748 0.5343949794769287 0.1398420035839081
0.0918819978833198 0.5280439853668213 0.1309950053691864
0.0968270003795623 0.5372369885444641 0.1151579990983009
0.1096270009875298 0.5571119785308838 0.1057009994983673
0.0825000032782554 0.5162220001220703 0.1283349990844727
0.0743229985237121 0.5039020180702209 0.1743759959936142
0.1671259999275207 0.8619099855422973 0.1555870026350021
0.1407860070466995 0.8029900193214417 0.2143719941377640
0.1673800051212311 0.8128550052642822 0.1525769978761673
0.1737709939479828 0.8561739921569824 0.1201300024986267
0.1703969985246658 0.8456550240516663 0.1388429999351501
0.1718409955501556 0.8231120109558106 0.1262609958648682
0.1697980016469956 0.8765180110931397 0.1385499984025955
0.1753550022840500 0.8307420015335084 0.1075709983706474
0.1798090040683746 0.8376100063323974 0.0873330011963844
0.1780789941549301 0.8666039705276489 0.1005259975790978
0.1735109984874725 0.8913499712944031 0.1186650022864342
0.1796479970216751 0.9088760018348694 0.0930730029940605
0.1848669946193695 0.8767189979553222 0.0754880011081695
0.1862619966268540 0.8431850075721741 0.0614989995956420
0.1783040016889572 0.7810170054435730 0.0777390003204345
0.1741950064897537 0.7801989912986756 0.1022650003433228
0.1721310019493103 0.7551329731941224 0.1068110018968582
0.1706459969282150 0.7790790200233459 0.1246019974350929
0.1686850041151047 0.7570800185203552 0.1308480054140091
0.1835670024156571 0.7821249961853028 0.0509079992771148
0.1762059926986694 0.7553179860115052 0.0791300013661384
0.1850460022687912 0.8102489709854126 0.0547380000352859
0.1796080023050308 0.8074039816856384 0.0795380026102066
0.1565009951591492 0.7937260270118714 0.1877020001411438
0.1564300060272217 0.7852399945259094 0.1858689934015274
0.1666599959135056 0.7790889739990235 0.1480920016765595
0.1650740057229996 0.7636929750442505 0.1524289995431900
0.1718219965696335 0.7997189760208129 0.1209850013256073
0.1674489974975586 0.7938709855079651 0.1463650017976761
0.1752859950065613 0.8037170171737670 0.1014140024781227
-0.0875220000743866 0.5245730280876159 0.1702190041542053
-0.0743239969015121 0.5039029717445373 0.1743749976158142
-0.0702899992465972 0.5014250278472900 0.1879699975252151
-0.0230439994484186 0.4585419893264771 0.2039950042963028
-0.0107890004292130 0.4565770030021667 0.2100329995155334
-0.0095570003613829 0.4524529874324799 0.2242179960012436
-0.0791999995708465 0.5213360190391540 0.1958390027284622
-0.0680079981684684 0.5013070106506348 0.1977970004081726
-0.0645639970898628 0.5005459785461426 0.2084019929170609
-0.1158180013298988 0.5693870186805725 0.1345710009336472
-0.1052919998764992 0.5500029921531677 0.1358630061149597
-0.1007940024137497 0.5435019731521606 0.1509499996900558
-0.0190810002386570 0.4535259902477265 0.2276310026645660
-0.0085720000788569 0.4534409940242767 0.2339870035648346
-0.0094900000840425 0.4584679901599884 0.2450309991836548
-0.0536979995667934 0.4755760133266449 0.1907519996166229
-0.0380569994449615 0.4632630050182342 0.1986210048198700
-0.0339769981801509 0.4591999948024749 0.2110240012407303
-0.0734810009598732 0.5247139930725098 0.2159200012683868
-0.0647410005331039 0.5093330144882202 0.2186239957809448
-0.0610329993069172 0.5186420083045960 0.2326669991016388
-0.1097389981150627 0.5727540254592895 0.1783179938793182
-0.1032700017094612 0.5552499890327453 0.1712249964475632
-0.0973389968276023 0.5535339713096619 0.1912059932947159
-0.1259689927101135 0.5914729833602906 0.1355620026588440
-0.1089169979095459 0.5592020153999329 0.1512950062751770
-0.0206889994442462 0.4674710035324097 0.2508209943771362
-0.0099710002541542 0.4689550101757050 0.2546530067920685
-0.0075989998877048 0.4871709942817688 0.2612830102443695
-0.0447980016469955 0.4669280052185059 0.2149530053138733
-0.0309519991278648 0.4572969973087311 0.2208350002765655
-0.0300280004739761 0.4592629969120026 0.2318489998579025
-0.0423570014536380 0.4670810103416443 0.2232789993286133
-0.0545529983937740 0.4831410050392151 0.2141329944133758
-0.0565680004656314 0.4828279912471772 0.2060209959745407
-0.0930730029940605 0.5540159940719604 0.2047280073165893
-0.0873790010809898 0.5388280153274536 0.1987709999084473
-0.0837450027465820 0.5379779934883117 0.2078099995851517
-0.0425570011138916 0.4741649925708771 0.2337570041418076
-0.0309280008077621 0.4674710035324097 0.2437459975481033
-0.0269409995526075 0.4848690032958984 0.2567310035228729
-0.0973130017518997 0.5694730281829834 0.2129880040884018
-0.0896489992737770 0.5544130206108093 0.2137289941310883
-0.0528599992394447 0.5329110026359558 0.2492070049047470
-0.0460360012948513 0.5461940169334412 0.2604300081729889
-0.0555259995162487 0.5569170117378235 0.2562200129032135
-0.0862120017409324 0.5727540254592895 0.2371850013732910
-0.0846740007400512 0.5560590028762817 0.2254820019006729
-0.0779599994421005 0.5605490207672119 0.2390539944171906
-0.0156449992209672 0.5020890235900879 0.2648960053920746
-0.0075440001673996 0.5016040205955505 0.2644270062446594
-0.0061780000105500 0.5110939741134644 0.2717449963092804
-0.0362530015408992 0.5081589818000794 0.2573249936103821
-0.0235190000385046 0.5046870112419128 0.2643760144710541
-0.0240599997341632 0.5158889889717102 0.2705549895763397
-0.0335909985005855 0.5247610211372376 0.2658819854259491
-0.0406339988112449 0.5334110260009766 0.2613550126552582
-0.0458239987492561 0.5194590091705322 0.2515720129013061
-0.0497809983789920 0.5647889971733093 0.2657200098037720
-0.0422820001840591 0.5570579767227173 0.2717579901218414
-0.0426069982349872 0.5635700225830078 0.2759720087051392
-0.0716869980096817 0.5669289827346802 0.2492910027503967
-0.0670000016689300 0.5559999942779541 0.2472279965877533
-0.0616640001535415 0.5639820098876953 0.2549990117549896
-0.0150149995461106 0.5203959941864013 0.2810960114002228
-0.0057149999774992 0.5190309882164001 0.2825759947299957
-0.0071649998426437 0.5251560211181640 0.2895630002021789
-0.0657450035214424 0.5706880092620850 0.2557240128517151
-0.0648180022835731 0.5774210095405578 0.2600359916687012
-0.0736109986901283 0.5769420266151428 0.2536540031433106
-0.1005280017852783 0.7343239784240723 0.2538500130176544
-0.0805400013923645 0.7419109940528869 0.2609910070896149
-0.0795210003852844 0.7546100020408630 0.2574059963226318
-0.0304359998553991 0.5318869948387146 0.2745499908924103
-0.0232529994100332 0.5245869755744934 0.2785069942474365
-0.0232890006154775 0.5318449735641480 0.2860609889030457
-0.0287350006401538 0.5389840006828308 0.2842310070991516
-0.0351479984819889 0.5506439805030823 0.2813979983329773
-0.0363060012459754 0.5453569889068604 0.2744300067424774
-0.0485999993979930 0.5701199769973755 0.2710669934749603
-0.0424950011074543 0.5648099780082703 0.2766459882259369
-0.0550989992916584 0.5757600069046020 0.2669270038604736
-0.0563229992985725 0.5742740035057068 0.2647599875926972
-0.0541720017790794 0.5702779889106751 0.2643510103225708
-0.0688830018043518 0.6737160086631775 0.2784569859504700
-0.0797979980707168 0.6477969884872436 0.2742480039596558
-0.0757789984345436 0.6388630270957947 0.2752149999141693
-0.0158009994775056 0.5274829864501953 0.2886730134487152
-0.0078720003366470 0.5355790257453919 0.2956039905548096
-0.0478830002248287 0.5710530281066895 0.2725169956684113
-0.0392460003495216 0.5681149959564209 0.2742559909820557
-0.0542140007019042 0.5786359906196594 0.2695179879665375
-0.0578700006008148 0.5781800150871277 0.2658199965953827
-0.0658989995718002 0.6628460288047790 0.2799600064754486
-0.0670550018548965 0.6325820088386536 0.2777889966964722
-0.0921809971332550 0.7587410211563110 0.2519400119781494
-0.0967430025339126 0.7496759891510010 0.2522870004177093
-0.1386120021343231 0.7513449788093567 0.2202360033988953
-0.1438709944486618 0.7560439705848694 0.2106609940528870
-0.1477040052413940 0.7380849719047547 0.2047509998083115
-0.0172809995710849 0.5364350080490112 0.2944819927215576
-0.0069980002008378 0.5463640093803406 0.2878910005092621
-0.0229739993810653 0.5397809743881226 0.2923299968242645
-0.0296190008521080 0.5464130043983459 0.2879509925842285
-0.0344629995524883 0.5548549890518188 0.2843419909477234
-0.0529889985918998 0.5728759765625000 0.2673180103302002
-0.0515840016305446 0.5752180218696594 0.2703309953212738
-0.0489040017127990 0.7763180136680603 0.2612360119819641
-0.0569779984652996 0.7691519856452942 0.2612259984016419
-0.0532030016183853 0.7593290209770203 0.2689569890499115
-0.0932250022888183 0.7769359946250916 0.2479339987039566
-0.0798029974102974 0.7615320086479187 0.2551440000534058
-0.1116380020976067 0.7587029933929444 0.2438489943742752
-0.1333220005035400 0.7618870139122010 0.2248889952898026
-0.1387069970369339 0.7664759755134583 0.2166649997234345
-0.0188880003988742 0.5518680214881897 0.2856410145759582
-0.0261480007320642 0.5570409893989563 0.2818579971790314
-0.0335140004754066 0.5628600120544433 0.2784009873867035
-0.0522440001368522 0.5775219798088074 0.2707160115242004
-0.0483390018343925 0.5772320032119750 0.2705039978027344
-0.0505539998412132 0.5798439979553222 0.2705239951610565
-0.0665419995784759 0.7603949904441833 0.2608230113983154
-0.0611260011792182 0.7740139961242675 0.2560159862041473
-0.0503880009055137 0.5784239768981934 0.2717089951038361
-0.0746349990367889 0.7794780135154724 0.2499749958515167
-0.0697399973869323 0.7664089798927308 0.2567330002784729
-0.1522980034351349 0.7705799937248230 0.1936679929494858
-0.1550869941711426 0.7783570289611817 0.1879809945821762
-0.1600289940834045 0.7700840234756470 0.1742019951343536
-0.1457860022783279 0.7787359952926636 0.2039400041103363
-0.1480550020933151 0.7843530178070068 0.2004979997873306
-0.1624290049076080 0.7923970222473144 0.1700379997491836
-0.1564980000257492 0.7937260270118714 0.1877070069313049
-0.1556269973516464 0.8032739758491516 0.1931020021438599
-0.0468150004744529 0.5831969976425171 0.2727679908275604
-0.0495069995522499 0.5780889987945556 0.2711670100688934
-0.0487550012767314 0.5772879719734191 0.2712720036506653
-0.0424639992415905 0.7149540185928344 0.2974190115928650
-0.0433049984276294 0.7171400189399720 0.2917320132255554
-0.0485009998083114 0.7079390287399292 0.2843790054321289
-0.0369659997522831 0.7165430188179016 0.3112260103225708
-0.0420240014791488 0.7126179933547973 0.3026730120182037
-0.0421559996902942 0.7067930102348328 0.3038380146026611
-0.1372520029544830 0.7897400259971619 0.2139299958944321
-0.1396860033273697 0.7921159863471985 0.2112230062484741
-0.1604879945516586 0.8191779851913452 0.1868360042572021
-0.1543270051479340 0.8116019964218140 0.2000450044870377
-0.1528120040893555 0.8204140067100525 0.2077119946479797
-0.0378030017018318 0.5924320220947265 0.2816070020198822
-0.0433889999985694 0.5863530039787292 0.2766259908676148
-0.0421580001711845 0.5820270180702209 0.2755720019340515
-0.0268079992383718 0.6279810070991516 0.3029789924621582
-0.0283049996942281 0.6464959979057312 0.2965680062770844
-0.0383239984512329 0.6371060013771057 0.2915439903736115
-0.0493399985134601 0.6893100142478943 0.2828609943389892
-0.0471220016479492 0.7009639739990235 0.2860009968280792
-0.0454780012369155 0.7105669975280762 0.2889319956302643
-0.0150579996407032 0.7269129753112794 0.3332810103893280
-0.0153949996456503 0.7353339791297912 0.3253349959850311
-0.0222059991210699 0.7319530248641967 0.3202260136604309
-0.0335719995200634 0.8099920153617859 0.2636759877204895
-0.0352570004761219 0.7867910265922546 0.2653979957103729
-0.0243280008435249 0.8056600093841553 0.2747960090637207
-0.1456519961357117 0.8161579966545105 0.2170619964599609
-0.1554490029811859 0.8411099910736084 0.2078800052404404
-0.1582649946212769 0.8300989866256714 0.1978089958429337
-0.0244319997727870 0.7159460186958313 0.3300069868564605
-0.0150809995830059 0.7171519994735718 0.3379780054092407
-0.0213210005313158 0.8409190177917481 0.2846490144729614
-0.0304519999772310 0.8343560099601746 0.2778970003128052
-0.1492040008306503 0.8286250233650208 0.2183250039815903
-0.0187170002609491 0.6663910150527954 0.2989949882030487
-0.0207219999283552 0.6518309712409974 0.3000299930572510
-0.0116999996826052 0.6505990028381348 0.3030819892883300
-0.0075469999574124 0.7277809977531433 0.3366200029850006
-0.0076919998973608 0.7371309995651245 0.3288620114326477
-0.0465259999036788 0.8594909906387329 0.2833809852600098
-0.1369780004024506 0.8130909800529480 0.2242430001497269
-0.1333550065755844 0.8175529837608338 0.2298189997673035
-0.1379490047693253 0.8299139738082885 0.2335149943828583
-0.1440310031175613 0.8372359871864319 0.2295060008764267
-0.0001849999971454 0.7379909753799438 0.3296039998531341
-0.0089010000228881 0.6628760099411011 0.3023050129413604
-0.0198020003736019 0.6123430132865906 0.3030079901218414
-0.0139920003712177 0.6158030033111572 0.3060449957847596
-0.0194649994373321 0.6252380013465882 0.3094739913940429
-0.0147449998185038 0.6364210247993469 0.3072090148925781
-0.0080030001699924 0.7166979908943176 0.3412880003452301
-0.0124310003593564 0.8143519759178162 0.2852160036563873
-0.0136850001290440 0.8420749902725220 0.2871800065040588
-0.0419390015304088 0.8241649866104125 0.2640149891376495
-0.1292860060930252 0.8214229941368102 0.2350330054759979
-0.1425939947366714 0.8225780129432678 0.2245180010795593
0.0000000000000000 0.8411329984664916 0.2890650033950806
0.0000000000000000 0.7170050144195557 0.3425480127334595
-0.0163800008594989 0.5785959959030152 0.2868239879608154
-0.0113450000062584 0.5747600197792053 0.2871820032596588
-0.0127170002087950 0.6130329966545105 0.2985610067844391
-0.0146570000797510 0.7082599997520447 0.3390460014343261
-0.0341940000653266 0.8603519797325134 0.2869319915771484
-0.0673689991235733 0.8451560139656067 0.2694860100746155
-0.0539060011506080 0.8392999768257140 0.2698610126972198
-0.0564740002155303 0.8631780147552490 0.2820569872856140
-0.0556280016899108 0.8254340291023254 0.2569999992847443
-0.1476860046386719 0.8524609804153443 0.2240660041570663
-0.0218630004674196 0.6330180168151855 0.3054110109806061
-0.0107410000637173 0.6897339820861816 0.3188990056514740
-0.0112180002033710 0.6874259710311890 0.3097029924392700
-0.0093940002843737 0.6836190223693847 0.3086560070514679
-0.0066700000315904 0.6977769732475281 0.3369089961051941
-0.0126719996333122 0.6993899941444397 0.3346819877624512
-0.0102519998326897 0.6927829980850220 0.3277440071105957
-0.0456079989671707 0.8775269985198975 0.2868809998035431
-0.0642950013279914 0.8835639953613281 0.2815850079059601
-0.0702319964766502 0.8662490248680115 0.2789030075073242
-0.0871820002794265 0.8667179942131043 0.2729859948158264
-0.0619539991021156 0.8185920119285583 0.2476100027561188
-0.0672039985656738 0.8332390189170838 0.2601389884948731
-0.1258910000324249 0.8718029856681824 0.2490680068731308
-0.1385599970817566 0.8615360260009765 0.2368170022964477
-0.1355720013380051 0.8477950096130371 0.2414139956235886
-0.0076219998300075 0.6736639738082885 0.3044770061969757
-0.0001279999996768 0.6696220040321350 0.3040589988231659
-0.0107209999114275 0.6274510025978089 0.3121140003204346
-0.0051480000838637 0.6796550154685974 0.3093779981136322
-0.0156150003895163 0.6785429716110230 0.3004910051822662
-0.0085359998047351 0.6878830194473267 0.3192360103130340
-0.0836680009961128 0.8871250152587891 0.2739830017089844
-0.0832730010151863 0.8510969877243043 0.2686640024185181
-0.0487050004303455 0.8118360042572022 0.2487509995698929
-0.0448729991912841 0.7991290092468261 0.2442550063133240
-0.0397030003368854 0.7982850074768067 0.2516100108623505
-0.1228829994797707 0.8247810006141663 0.2406969964504242
-0.1307310014963150 0.8378909826278687 0.2433989942073822
-0.0058059999719262 0.6153489947319031 0.2997879981994629
-0.1072020009160042 0.8694570064544677 0.2633120119571686
-0.0982209965586662 0.8441029787063598 0.2611060142517090
-0.0824920013546943 0.8401849865913391 0.2621810138225556
-0.0703369975090026 0.8248199820518493 0.2509039938449860
-0.1141489967703819 0.8433420062065125 0.2551420032978058
-0.1210630014538765 0.8527809977531433 0.2538299858570099
-0.0000159999999596 0.6162449717521668 0.2991630136966705
-0.0832300037145614 0.8283179998397827 0.2520360052585602
-0.1011210009455681 0.8534659743309021 0.2638109922409058
-0.0960789993405342 0.8294450044631958 0.2513499855995178
-0.1289390027523041 0.9705520272254944 0.2057300060987473
-0.1315349936485291 0.9977549910545349 0.1839700043201446
-0.1498440057039261 0.9781479835510254 0.1602990031242371
-0.1105569973587990 1.0142079591751100 0.2015289962291717
-0.0877320021390914 1.0252419710159300 0.2114319950342178
-0.0860750004649162 0.9878230094909668 0.2362650036811828
-0.0632309988141059 0.9917449951171875 0.2430779933929443
-0.0449150018393993 1.0391240119934080 0.2187830060720444
-0.0407080017030239 0.9945979714393615 0.2468660026788712
-0.0202029999345541 0.9985730051994323 0.2468239963054657
-0.0663319975137710 0.9136120080947876 0.2718200087547302
-0.0454990006983280 0.9119110107421875 0.2781560122966766
-0.0417549982666969 0.9536669850349426 0.2637929916381836
-0.0882890000939369 0.9166070222854614 0.2620239853858948
-0.0625229999423027 0.9509739875793457 0.2596749961376190
-0.0839489996433258 0.9504719972610474 0.2524429857730866
-0.1048329994082451 0.9484329819679260 0.2410410046577454
-0.1245009973645210 0.9120830297470093 0.2370859980583191
-0.1081919968128204 0.9167540073394775 0.2500410079956055
-0.1410759985446930 0.9005579948425293 0.2189980000257492
-0.1250919997692108 0.9401400089263916 0.2252739965915680
-0.1621589958667755 0.8788089752197266 0.1734569966793060
-0.1545210033655167 0.8897190093994140 0.1944900006055832
-0.1557880043983460 0.9141749739646912 0.1783789992332459
-0.0527810007333755 0.5054929852485657 0.2371349930763244
-0.0603899993002414 0.5447099804878235 0.2471999973058700
-0.0749370008707046 0.5460079908370972 0.2327090054750443
-0.0079199997708201 0.7077810168266296 0.3421339988708496
-0.0469739995896816 0.6749190092086792 0.2844940125942230
-0.0437170006334781 0.6906359791755676 0.2863290011882782
-0.0439030006527900 0.7681260108947754 0.2707819938659668
-0.0339550003409385 0.7777900099754333 0.2735069990158081
-0.0292010009288787 0.7212449908256531 0.3204880058765411
-0.0296260006725788 0.7264959812164307 0.3136430084705353
-0.0296599995344877 0.7138019800186157 0.3228990137577057
-0.1186250001192093 0.7329999804496765 0.2432319968938828
-0.1191079989075661 0.7767999768257140 0.2356400042772293
-0.1255140006542206 0.7780569791793823 0.2296449989080429
-0.1245810016989708 0.6017630100250244 0.1662909984588623
-0.1163780018687248 0.5764369964599610 0.1550450026988983
-0.0807949975132942 0.5116720199584961 0.1599860042333603
-0.1174729987978935 0.7474989891052246 0.2420520037412644
-0.0963810011744499 0.5398489832878113 0.1680220067501068
-0.0906639993190765 0.5385649800300598 0.1880919933319092
-0.0542760007083416 0.4918380081653595 0.2249040007591248
-0.1471469998359680 0.9548779726028443 0.1808670014142990
-0.1445430070161820 0.9256920218467712 0.2012979984283447
-0.1072039976716042 0.9820560216903686 0.2250709980726242
-0.0350090004503727 0.7314850091934204 0.2940439879894257
-0.0357169993221759 0.7377399802207946 0.2899700105190277
-0.0436209999024868 0.7281839847564698 0.2854309976100922
-0.0270739998668432 0.7392010092735291 0.3010790050029755
-0.0282049998641014 0.7452449798583985 0.2957139909267425
-0.1304000020027161 0.7814030051231384 0.2236360013484955
-0.1430930048227310 0.7734760046005249 0.2084700018167496
-0.1489019989967346 0.7636600136756897 0.2004220038652420
-0.0798849985003471 0.5395110249519348 0.2183780074119568
-0.0176580008119344 0.8103709816932678 0.2819209992885589
-0.0170210003852844 0.7932419776916504 0.2852570116519928
-0.1661030054092407 0.8285099864006043 0.1641120016574860
-0.1593219935894012 0.8570250272750854 0.1938720047473908
-0.1635890007019043 0.8433910012245178 0.1789100021123886
-0.1505880057811737 0.8679640293121338 0.2138330042362213
-0.1258549988269806 0.8873649835586548 0.2462009936571121
-0.1396539956331253 0.8784869909286499 0.2300930023193359
-0.1060910001397133 0.8885099887847900 0.2610360085964203
-0.0201399996876716 0.9535390138626099 0.2669030129909516
-0.0223990008234977 1.0419670343399050 0.2203290015459061
-0.0619649998843669 0.6480429768562317 0.2808749973773956
-0.0592969991266727 0.6255360245704650 0.2799479961395264
-0.0454589985311031 0.6280779838562012 0.2874850034713745
-0.0554130002856254 0.6378960013389587 0.2826209962368012
-0.0277079995721578 0.7332360148429870 0.3067669868469238
-0.0358209982514381 0.7250350117683411 0.3007679879665375
-0.0149760004132986 0.7423110008239747 0.3181760013103485
-0.0074749998748302 0.7446749806404114 0.3213889896869660
-0.0315909981727600 0.6238729953765869 0.2992289960384369
-0.0382830016314983 0.6148930191993714 0.2939679920673370
-0.0363820008933544 0.6094419956207276 0.2960099875926972
-0.0297790002077817 0.6149520277976989 0.3018189966678620
-0.0341590009629726 0.6017040014266968 0.2941539883613587
-0.0251909997314214 0.6054170131683350 0.2930189967155457
-0.0305029992014169 0.6006789803504943 0.2870289981365204
-0.0294749997556209 0.5808200240135192 0.2814869880676269
-0.0419120006263256 0.7893350124359131 0.2544850111007691
-0.0495040006935596 0.7817379832267761 0.2555600106716156
-0.0544719994068145 0.7897210121154785 0.2440710067749023
-0.0240320004522800 0.7874969840049743 0.2793360054492950
-0.0837310031056404 0.7786139845848083 0.2493070065975189
-0.0471239984035492 0.7925930023193359 0.2435970008373260
-0.0548750013113021 0.7155110239982605 0.2794409990310669
-0.0521759986877441 0.7089999914169312 0.2814140021800995
-0.0425969995558261 0.7215999960899354 0.2889640033245087
-0.0243500005453825 0.6196960210800172 0.3062070012092590
-0.0270990002900362 0.6068609952926636 0.2983259856700897
-0.0193770006299018 0.6099870204925537 0.2958680093288422
-0.0224210005253553 0.5806729793548584 0.2851029932498932
-0.0767550021409988 0.6916999816894532 0.2734569907188416
-0.0730360001325607 0.6829010248184204 0.2761580049991608
-0.0510520003736019 0.6170369982719421 0.2838270068168640
-0.0448010005056858 0.5993689894676209 0.2876479923725128
-0.0395240001380443 0.5924530029296876 0.2856140136718750
-0.0360869988799095 0.5816760063171387 0.2780529856681824
-0.0655980035662651 0.7839980125427246 0.2483370006084442
-0.0051959999836981 0.6905819773674011 0.3285549879074097
-0.0127980001270771 0.6941890120506286 0.3261350095272064
-0.1305720061063766 0.8091089725494385 0.2287199944257736
-0.1245369985699654 0.8143140077590943 0.2357590049505234
-0.1078189983963966 0.8287490010261536 0.2486899942159653
-0.1177479997277260 0.8171809911727905 0.2408100068569183
-0.1060609966516495 0.8198339939117431 0.2456240057945252
-0.0960019975900650 0.8207169771194458 0.2480340003967285
-0.0839779973030090 0.8186150193214417 0.2485249936580658
-0.0744099989533424 0.8153669834136963 0.2468660026788712
-0.0676499977707862 0.8082240223884582 0.2432190030813217
-0.1616179943084717 0.9573940038681030 0.1383309960365295
-0.1581420004367828 0.9363369941711425 0.1601469963788986
-0.1337800025939941 0.8060759902000428 0.2238010019063949
-0.1394069939851761 0.8077009916305542 0.2186820060014725
-0.0451910011470317 0.8137320280075073 0.2532440125942230
0.0000009999999974 0.4686200022697449 0.2548390030860901
-0.0150840003043413 0.4624719917774200 0.1968310028314590
-0.0176720004528760 0.4707930088043213 0.1800750046968460
-0.0279699992388486 0.4651930034160614 0.1897339969873428
-0.0131109999492764 0.5489180088043213 0.2873739898204804
-0.0142820002511143 0.5118539929389954 0.2721849977970123
-0.0170690007507801 0.4874730110168457 0.2607159912586212
-0.0188110005110502 0.4574790000915527 0.2395160049200058
-0.0203549992293119 0.4538609981536865 0.2171079963445663
-0.0433619990944862 0.4695709943771363 0.1838559955358505
-0.0572980009019374 0.4813329875469208 0.1765999943017960
-0.0612539984285831 0.4871410131454468 0.1650300025939941
-0.0475459992885589 0.4755350053310394 0.1710779964923859
-0.0446840003132820 0.6521779894828796 0.2867049872875214
-0.0304729994386434 0.4722389876842499 0.1738130003213883
-0.1331769973039627 0.6132739782333373 0.1451739966869354
-0.1309659928083420 0.7490429878234863 0.2304639965295792
-0.1130720004439354 0.5633829832077027 0.1176479980349541
-0.0794169977307319 0.5751860141754150 0.2474229931831360
-0.0501030012965202 0.5780180096626282 0.2717309892177582
-0.1574960052967072 0.7596510052680969 0.1813890039920807
-0.1529079973697662 0.7479439973831177 0.1925349980592728
-0.1341920047998428 0.7868459820747375 0.2181680053472519
-0.1492570042610168 0.7941780090332031 0.2004150003194809
-0.1486479938030243 0.8018320202827453 0.2045820057392120
-0.1410910040140152 0.7981430292129517 0.2115609943866730
-0.1407860070466995 0.8029900193214417 0.2143719941377640
-0.1357859969139099 0.7999169826507569 0.2173389941453934
-0.0242159999907016 0.9106180071830749 0.2818639874458313
-0.0666809976100921 1.0327910184860230 0.2167669981718063
-0.1413940042257309 0.7326949834823608 0.2174630016088486
-0.1339630037546158 0.7320920228958130 0.2288910001516342
-0.1263570040464401 0.7601339817047119 0.2328509986400604
-0.0370180010795593 0.7094100117683411 0.3130869865417480
-0.0414980016648769 0.7014639973640442 0.3023200035095215
-0.1408780068159103 0.7947289943695068 0.2103140056133270
-0.1494069993495941 0.7885059714317322 0.1988119930028916
-0.1564259976148605 0.7852399945259094 0.1858740001916885
-0.1614679992198944 0.7803540229797363 0.1710850000381470
-0.0642170011997222 0.7503970265388489 0.2662389874458313
-0.0294969994574785 0.6615329980850220 0.2935720086097717
-0.0302700009196996 0.6732559800148010 0.2920170128345489
-0.0448019988834857 0.7036929726600646 0.2929809987545013
-0.0447110012173652 0.7083870172500611 0.2943750023841858
-0.0370750017464160 0.7205049991607666 0.3061949908733368
-0.0205639991909265 0.7453770041465759 0.3069669902324676
-0.0141939995810389 0.7495250105857850 0.3118270039558411
-0.0140319997444748 0.7558060288429261 0.3067069947719574
-0.0233290009200573 0.7243520021438598 0.3267619907855988
-0.0269980002194643 0.8748319745063781 0.2903760075569153
-0.0434050001204013 0.6990510225296020 0.2938390076160431
-0.1665599942207336 0.9152640104293823 0.1393129974603653
-0.1636260002851486 0.8972489833831788 0.1583520025014877
-0.1248759999871254 0.5856289863586426 0.1152009963989258
-0.1325819939374924 0.6006640195846557 0.0944899991154670
-0.1215500012040138 0.5784069895744324 0.0988550037145614
-0.0177149996161460 0.4758329987525940 0.1666789948940277
-0.0505390018224716 0.4806210100650787 0.1601500064134598
-0.0337289981544017 0.4761559963226318 0.1636520028114319
-0.0645449981093406 0.4919860064983368 0.1542609930038452
-0.0679379999637603 0.4980930089950561 0.1418080031871796
-0.0528389997780323 0.4841659963130951 0.1509660035371780
-0.0359559990465641 0.4787650108337402 0.1540029942989349
-0.0193199999630451 0.4766109883785248 0.1578249931335449
-0.0742629989981651 0.5025569796562195 0.1577319949865341
-0.0790790021419525 0.5095649957656860 0.1422179937362671
-0.0825039967894554 0.5162280201911926 0.1283340007066727
-0.0604039989411830 0.4858460128307343 0.1943890005350113
-0.0640159994363784 0.4897580146789551 0.1816000044345856
-0.0689639970660209 0.4958850145339966 0.1687020063400268
-0.0866940021514892 0.5194399952888489 0.1464470028877258
-0.0916630029678344 0.5272719860076904 0.1534990072250366
-0.0918830037117004 0.5280489921569824 0.1309950053691864
-0.0964230000972747 0.5343980193138122 0.1398430019617081
-0.0968310013413429 0.5372390151023865 0.1151589974761009
-0.1010679975152016 0.5429250001907348 0.1237090006470680
-0.1359679996967316 0.8027989864349366 0.2192600071430206
-0.1475300043821335 0.8096560239791871 0.2105730026960373
-0.1619749963283539 0.8070619702339172 0.1768400073051452
-0.1697950065135956 0.8765490055084229 0.1385570019483566
-0.1671230047941208 0.8619440197944641 0.1555950045585632
-0.1703960001468659 0.8456550240516663 0.1388539969921112
-0.1737689971923828 0.8561729788780212 0.1201409995555878
-0.1753550022840500 0.8307740092277527 0.1075770035386085
-0.1718399971723556 0.8231120109558106 0.1262709945440292
-0.1735080033540726 0.8913480043411255 0.1186750009655952
-0.1780769973993301 0.8666039705276489 0.1005349978804588
-0.1706759929656982 0.9353370070457458 0.1167799979448318
-0.1796450018882751 0.9089090228080750 0.0930790007114410
-0.1848669946193695 0.8767510056495666 0.0754960030317306
-0.1673779934644699 0.8128529787063598 0.1525859981775284
-0.1798059940338135 0.8376079797744751 0.0873429998755455
-0.1783050000667572 0.7810479998588562 0.0777459964156150
-0.1762080043554306 0.7553480267524719 0.0791359990835189
-0.1721329987049103 0.7551609873771667 0.1068160012364388
-0.1741939932107925 0.7801989912986756 0.1022740006446838
-0.1686840057373047 0.7570800185203552 0.1308570057153702
-0.1835650056600571 0.7821239829063415 0.0509180016815662
-0.1812330037355423 0.7552599906921386 0.0499190017580986
-0.1796060055494308 0.8074039816856384 0.0795480012893676
-0.1850460022687912 0.8102800250053405 0.0547470003366470
-0.1862599998712540 0.8431850075721741 0.0615079998970031
-0.1674479991197586 0.7938690185546875 0.1463740020990372
-0.1666589975357056 0.7791119813919067 0.1481039971113205
-0.1650689989328384 0.7636889815330505 0.1524499952793121
-0.1706459969282150 0.7790780067443848 0.1246120035648346
-0.1718209981918335 0.7997469902038574 0.1209919974207878
-0.1752839982509613 0.8037170171737670 0.1014240011572838
0.1248719990253448 0.5856289863586426 0.1151970028877258
0.1371999979019165 0.6135029792785645 0.1136969998478889
0.1325819939374924 0.6006619930267334 0.0944859981536865
0.1428329944610596 0.6241019964218140 0.0879959985613823
0.1411210000514984 0.6285399794578552 0.1283500045537949
0.1475069969892502 0.6445999741554260 0.1186020001769066
0.1525859981775284 0.6491619944572449 0.0771910026669502
0.1487649977207184 0.6437680125236511 0.1046089977025986
-0.1371970027685165 0.6135029792785645 0.1136950030922890
-0.1411190032958984 0.6285399794578552 0.1283500045537949
-0.1428319960832596 0.6240980029106140 0.0880019962787628
-0.1475059986114502 0.6445999741554260 0.1186020001769066
-0.1487729996442795 0.6437870264053345 0.1045870035886764
0.0675769969820976 0.8082519769668579 0.2432239949703217
0.0538709983229637 0.8393170237541199 0.2698859870433807
-0.0217269994318485 0.8587949872016906 0.2891719937324524
-0.0554899983108043 0.8057249784469605 0.2404679954051972
-0.0924429967999458 0.7890170216560364 0.2450979948043823
-0.0840289965271949 0.7894229888916015 0.2454890012741089
-0.0831170007586479 0.7918260097503662 0.2386610060930252
-0.1028229966759682 0.7895950078964233 0.2425760030746460
-0.0913309976458549 0.7913759946823121 0.2404900044202804
-0.1244499981403351 0.7927910089492797 0.2291699945926666
-0.1193939968943596 0.7916070222854614 0.2337130010128021
-0.1183639988303184 0.7937949895858765 0.2329809963703156
-0.0752110034227371 0.7905330061912536 0.2444770038127899
-0.0674569979310035 0.7926179766654968 0.2413199990987778
-0.0677289962768554 0.7933859825134277 0.2398560047149658
-0.0572430007159710 0.7927299737930298 0.2398550063371658
-0.0506139993667602 0.7928810119628906 0.2400110065937042
-0.0517910011112690 0.7934529781341553 0.2382429987192154
-0.1201630011200905 0.8143230080604553 0.2323530018329620
-0.1278460025787353 0.8124309778213501 0.2325720041990280
-0.0756020024418830 0.8122500181198120 0.2387530058622360
-0.0681350007653236 0.8067169785499572 0.2379769980907440
-0.0845749974250793 0.8174380064010620 0.2365020066499710
-0.1149270012974739 0.8166429996490478 0.2351679950952530
-0.0933580026030540 0.8195989727973938 0.2370380014181137
-0.1047030016779900 0.8195229768753052 0.2375299930572510
-0.1128590032458305 0.7908920049667359 0.2380550056695938
-0.1117980033159256 0.7931820154190063 0.2359039932489395
-0.0751599967479705 0.7926160097122193 0.2407039999961853
-0.0488060005009174 0.7973309755325317 0.2390349954366684
-0.0506930015981197 0.7952349781990052 0.2372169941663742
-0.0563860014081001 0.7933350205421448 0.2382950037717819
-0.1057050004601479 0.7776200175285339 0.2437929958105087
-0.1279260069131851 0.7947040200233459 0.2250799983739853
-0.1229619979858398 0.7945820093154907 0.2293490022420883
-0.1310980021953583 0.7958049774169921 0.2211440056562424
-0.1015480011701584 0.7918050289154053 0.2399539947509766
-0.1270090043544769 0.8098850250244141 0.2270140051841736
-0.1239769980311394 0.8121200203895569 0.2290849983692169
-0.0559660010039806 0.8006309866905212 0.2372979968786240
-0.1265109926462173 0.7959499955177307 0.2249380052089691
0.0933540016412735 0.8195989727973938 0.2370419949293137
0.0845760032534599 0.8174359798431397 0.2365099936723709
0.0831170007586479 0.7918260097503662 0.2386599928140640
0.1047030016779900 0.8195229768753052 0.2375320047140122
0.0913320034742355 0.7913759946823121 0.2404879927635193
0.1239769980311394 0.8121200203895569 0.2290839999914169
0.1201630011200905 0.8143230080604553 0.2323530018329620
0.1183770000934601 0.7937790155410766 0.2329889982938766
0.0755930021405220 0.8122540116310120 0.2387070059776306
0.0681470036506652 0.8067439794540406 0.2378329932689667
0.0677279978990554 0.7933880090713501 0.2398560047149658
0.0559649989008903 0.8006309866905212 0.2372979968786240
0.0506930015981197 0.7952349781990052 0.2372169941663742
0.0517910011112690 0.7934529781341553 0.2382429987192154
0.1149270012974739 0.8166429996490478 0.2351679950952530
0.0839330032467842 0.8187199831008911 0.2485280036926269
0.1117969974875450 0.7931799888610840 0.2359080016613007
0.0751700028777122 0.7926139831542968 0.2407439947128296
0.0506139993667602 0.7928810119628906 0.2400110065937042
0.0563860014081001 0.7933350205421448 0.2382950037717819
0.0572430007159710 0.7927299737930298 0.2398550063371658
0.0674569979310035 0.7926179766654968 0.2413199990987778
0.0840369984507560 0.7894250154495240 0.2454890012741089
0.0924429967999458 0.7890170216560364 0.2450979948043823
0.1028229966759682 0.7895950078964233 0.2425760030746460
0.1193939968943596 0.7916070222854614 0.2337130010128021
0.1128590032458305 0.7908920049667359 0.2380550056695938
0.1244499981403351 0.7927910089492797 0.2291699945926666
0.1279260069131851 0.7947030067443848 0.2250799983739853
0.1270090043544769 0.8098850250244141 0.2270130068063736
0.1229619979858398 0.7945820093154907 0.2293490022420883
0.0554869994521141 0.8057230114936828 0.2404669970273972
0.1015480011701584 0.7918050289154053 0.2399539947509766
0.1313239932060242 0.8057579994201660 0.2229090034961700
0.0752220004796981 0.7905290126800538 0.2444799989461899
0.1265099942684174 0.7959499955177307 0.2249380052089691
0.1410910040140152 0.7981430292129517 0.2115609943866730
0.1408780068159103 0.7947270274162292 0.2103140056133270
0.1396860033273697 0.7921159863471985 0.2112230062484741
0.1337849944829941 0.7967280149459839 0.2179419994354248
0.1310980021953583 0.7958049774169921 0.2211440056562424
0.1350270062685013 0.7984160184860229 0.2169940024614334
0.1306650042533875 0.7966139912605285 0.2208790034055710
0.1328739970922470 0.7983149886131287 0.2176859974861145
0.1359679996967316 0.8027989864349366 0.2192600071430206
0.1334699988365173 0.8025109767913819 0.2189410030841828
0.1357859969139099 0.7999169826507569 0.2173389941453934
0.1341380029916763 0.8001880049705505 0.2172189950942993
0.1339289993047714 0.7990419864654541 0.2171790003776550
-0.1350270062685013 0.7984160184860229 0.2169940024614334
-0.1339289993047714 0.7990419864654541 0.2171790003776550
-0.1341380029916763 0.8001880049705505 0.2172189950942993
-0.1337849944829941 0.7967299818992614 0.2179419994354248
-0.1306650042533875 0.7966139912605285 0.2208800017833710
-0.1328759938478470 0.7983149886131287 0.2176869958639145
-0.1313239932060242 0.8057579994201660 0.2229080051183700
-0.1334699988365173 0.8025109767913819 0.2189410030841828
0.0337890014052391 0.6948320269584655 0.2977660000324249
0.0390430018305778 0.6899240016937256 0.2906009852886200
0.0144809996709227 0.6928390264511108 0.3162060081958771
0.0112180002033710 0.6874259710311890 0.3097029924392700
0.0204290002584457 0.6958220005035401 0.3042190074920654
-0.0158789996057748 0.6878399848937988 0.3002510070800781
-0.0223140008747577 0.7080519795417786 0.3316969871520996
-0.0364000014960765 0.7059310078620910 0.3133090138435364
-0.0294189993292093 0.7094839811325073 0.3225130140781403
-0.0174240004271268 0.7011489868164063 0.3311089873313904
-0.0144819999113678 0.6928390264511108 0.3162049949169159
-0.0342609994113445 0.6861879825592041 0.2903639972209930
-0.0390430018305778 0.6899240016937256 0.2906009852886200
-0.0373819991946220 0.6939110159873962 0.2969729900360108
-0.0366050004959106 0.6964020133018493 0.3019399940967560
-0.0321060009300708 0.7001019716262817 0.3113979995250702
-0.0273899994790554 0.7052479982376099 0.3222900032997132
-0.0253209993243217 0.6853139996528626 0.2934679985046387
-0.0204290002584457 0.6958220005035401 0.3042190074920654
-0.0337890014052391 0.6948320269584655 0.2977660000324249
-0.0475680008530616 0.5771679878234863 0.2720820009708404
-0.0486820004880428 0.5772899985313416 0.2711150050163269
-0.0450300015509128 0.5736899971961975 0.2714729905128479
-0.0071979998610913 0.5725880265235901 0.2878040075302124
-0.0063140001147985 0.6188219785690308 0.3082270026206970
-0.0499080009758472 0.5812529921531677 0.2718690037727356
-0.0872960016131401 0.6554870009422303 0.2699680030345917
-0.0214339997619390 0.7387260198593139 0.3131670057773590
-0.0075199999846518 0.7519440054893494 0.3144670128822326
0.0000000000000000 0.7527689933776855 0.3153359889984131
0.0075170001946389 0.7519569993019104 0.3144580125808716
0.0270719993859529 0.7392119765281677 0.3010759949684143
0.0730369985103607 0.6829010248184204 0.2761600017547607
0.0872969999909401 0.6554830074310303 0.2699660062789917
0.0846740007400512 0.5560590028762817 0.2254820019006729
0.0798740014433860 0.5394589900970459 0.2183450013399124
0.0542489998042583 0.4916999936103821 0.2248370051383972
-0.0762050002813339 0.5216410160064697 0.2051279991865158
-0.0934730023145675 0.5712550282478333 0.2234710007905960
0.0000000000000000 0.7587869763374328 0.3103359937667846
-0.0070449998602271 0.7581790089607238 0.3095110058784485
0.0930730029940605 0.5540159940719604 0.2047280073165893
-0.0487749986350536 0.4699929952621460 0.2049529999494553
-0.0828320011496543 0.5226960182189941 0.1856240034103394
-0.1031180024147034 0.5703750252723694 0.1978880017995834
0.0929680019617080 0.6653789877891540 0.2657850086688996
0.1166210025548935 0.5970820188522339 0.1899340003728867
-0.1494490057229996 0.7184619903564453 0.1953590065240860
-0.1419949978590012 0.7113800048828125 0.2127320021390915
-0.1689430028200149 0.7313629984855652 0.1117419973015785
-0.1620060056447983 0.7471240162849426 0.1620000004768372
-0.1564549952745438 0.7295629978179932 0.1757359951734543
-0.1649799942970276 0.7345830202102661 0.1391379982233048
0.1419969946146011 0.7113819718360901 0.2127290070056915
0.1564549952745438 0.7295609712600708 0.1757290065288544
0.1494490057229996 0.7184619903564453 0.1953590065240860
0.1649789959192276 0.7345830202102661 0.1391319930553436
0.1689379960298538 0.7313290238380433 0.1117359995841980
0.1812369972467422 0.7552639842033386 0.0498970001935958
0.1729539930820465 0.7306020259857178 0.0831469967961311
-0.1018360033631325 0.7176949977874756 0.2560940086841583
-0.0796369984745979 0.7321320176124572 0.2641580104827881
-0.1341419965028763 0.7098789811134339 0.2269500046968460
-0.1222610026597977 0.7113320231437683 0.2410439997911453
-0.0418710000813007 0.7584360241889953 0.2776339948177338
-0.0512190014123916 0.7512320280075073 0.2738899886608124
-0.0475910007953643 0.7428420186042785 0.2788540124893188
-0.0229349993169307 0.7748529911041260 0.2867279946804047
-0.0320740006864070 0.7672500014305115 0.2815139889717102
-0.0304559990763664 0.7584040164947510 0.2874290049076080
-0.0079690003767609 0.7820280194282532 0.2948830127716065
-0.0099269999191164 0.7957130074501038 0.2894630134105683
-0.0392990000545978 0.7508659958839416 0.2824130058288574
-0.0158440005034208 0.7790809869766235 0.2913640141487121
-0.0223060008138418 0.7658290266990661 0.2919540107250214
-0.0378400012850761 0.7441599965095520 0.2857649922370911
-0.0458599999547004 0.7351740002632141 0.2819109857082367
-0.0291690006852150 0.7519109845161437 0.2916730046272278
-0.0208570007234811 0.7516540288925171 0.3016990125179291
-0.0213639996945858 0.7585409879684448 0.2968699932098388
-0.0619390010833740 0.7420290112495423 0.2704490125179291
-0.0596130006015300 0.7330210208892822 0.2741320133209228
-0.0784209966659545 0.7028220295906067 0.2710700035095215
-0.0578869991004467 0.7238919734954834 0.2770240008831024
-0.0789069980382919 0.7176070213317871 0.2681069970130920
-0.0144389998167753 0.7628840208053588 0.3013409972190857
-0.0153409997001290 0.7704030275344849 0.2960650026798248
0.0796409994363784 0.7321320176124572 0.2641560137271881
0.0784209966659545 0.7028220295906067 0.2710700035095215
0.1222610026597977 0.7113320231437683 0.2410439997911453
0.1341499984264374 0.7098730206489563 0.2269559949636459
0.1018389984965324 0.7176949977874756 0.2560920119285583
0.0292140003293752 0.7519260048866272 0.2916150093078613
0.0229419991374015 0.7748510241508484 0.2867220044136047
0.0213769990950822 0.7585489749908447 0.2968490123748780
0.0304669998586177 0.7583889961242675 0.2874250113964081
0.0158440005034208 0.7790870070457458 0.2913619875907898
0.0144490003585815 0.7628859877586364 0.3013289868831635
0.0223159994930028 0.7658159732818604 0.2919510006904602
0.0000000000000000 0.7836400270462036 0.2959150075912476
0.0079760001972317 0.7820280194282532 0.2948789894580841
0.0074999998323619 0.7649859786033631 0.3043720126152038
-0.0076950001530349 0.7733309864997864 0.2991909980773926
0.0000000000000000 0.7738819718360901 0.3004789948463440
0.0000000000000000 0.7660560011863708 0.3051800131797791
0.0153369996696710 0.7703909873962403 0.2960749864578247
0.0076890001073479 0.7733229994773865 0.2991980016231537
-0.0075210002250969 0.7649859786033631 0.3043589890003204
0.0460160002112388 0.7352290153503418 0.2817969918251037
0.0379199981689453 0.7441980242729187 0.2856810092926025
0.0320749990642070 0.7672439813613892 0.2815150022506714
0.0418669991195201 0.7583870291709900 0.2776609957218170
0.0618960000574588 0.7420229911804200 0.2704739868640900
0.0511469990015029 0.7511960268020630 0.2739470005035400
0.0578889995813369 0.7238940000534058 0.2770229876041412
0.0789059996604919 0.7176110148429870 0.2680990099906921
0.0595359988510608 0.7330269813537597 0.2741749882698059
0.0476210005581378 0.7428510189056397 0.2788330018520355
0.0393190011382103 0.7508540153503418 0.2824040055274964
-0.1729529947042465 0.7306020259857178 0.0831589996814727
0.0987370014190673 0.6796630024909974 0.2609409987926483
0.1019430011510849 0.6979809999465942 0.2576099932193756
0.1086129993200302 0.5925790071487427 0.2099149972200394
0.1304379999637604 0.6837880015373230 0.2255430072546005
0.1167939975857735 0.6859530210494995 0.2443819940090180
0.1018930003046989 0.5900359749794006 0.2239139974117279
0.0938640013337135 0.5872150063514710 0.2368600070476532
0.1224619969725609 0.6268039941787720 0.2057590037584305
0.1123289987444878 0.6212390065193176 0.2272370010614395
0.1121020019054413 0.6548439860343933 0.2441029995679855
0.1271180063486099 0.6576139926910400 0.2193560004234314
0.1012850031256676 0.6406400203704835 0.2545099854469299
0.1038739979267120 0.6145460009574890 0.2391140013933182
-0.0929670035839080 0.6653820276260376 0.2657850086688996
-0.1385540068149567 0.6356279850006103 0.1568090021610260
-0.1461649984121323 0.6483629941940307 0.1371349990367889
-0.1019430011510849 0.6979809999465942 0.2576099932193756
-0.1304350048303604 0.6837880015373230 0.2255430072546005
-0.1167809963226318 0.6859440207481384 0.2443709969520569
-0.0987470000982284 0.6796720027923584 0.2609579861164093
-0.1018930003046989 0.5900400280952453 0.2239159941673279
-0.1166250035166740 0.5970799922943116 0.1899349987506867
-0.1086210012435913 0.5925769805908204 0.2099180072546005
-0.1311610043048859 0.6309890151023864 0.1814669966697693
-0.1374579966068268 0.6631770133972168 0.1948480010032654
-0.1224619969725609 0.6268039941787720 0.2057600021362305
-0.1271180063486099 0.6576139926910400 0.2193560004234314
-0.1406189948320389 0.6882529854774476 0.2048069983720780
-0.1121030002832413 0.6548420190811158 0.2441029995679855
-0.0943849980831146 0.6309570074081421 0.2597370147705078
-0.0964070037007331 0.6067919731140137 0.2467540055513382
-0.1012850031256676 0.6406400203704835 0.2545099854469299
-0.1123289987444878 0.6212409734725952 0.2272379994392395
-0.1038749963045120 0.6145460009574890 0.2391140013933182
-0.0938669964671135 0.5872169733047485 0.2368600070476532
-0.1565620005130768 0.6665520071983337 0.0967670008540153
-0.1626549959182739 0.6754339933395386 0.0671349987387657
-0.1525869965553284 0.6491600275039672 0.0772019997239112
-0.1627559959888458 0.6867730021476746 0.0920590013265609
-0.1783069968223572 0.7307279706001281 0.0516760013997554
-0.1740799993276596 0.7107509970664978 0.0571460016071796
-0.1449400037527084 0.6665099859237670 0.1692939996719360
-0.1637440025806427 0.7056959867477417 0.1171289980411529
-0.1579100042581558 0.6813769936561585 0.1193730011582375
-0.1518889963626861 0.6737480163574218 0.1449819952249527
-0.1524080038070679 0.6613659858703613 0.1196400001645088
-0.1492310017347336 0.6946790218353271 0.1808310002088547
-0.1580429971218109 0.7066569924354554 0.1517300009727478
-0.1683869957923889 0.7077749967575073 0.0872130021452903
-0.1691109985113144 0.6942830085754395 0.0619960017502307
0.1637450009584427 0.7056959867477417 0.1171230003237724
0.1580410003662109 0.7066590189933777 0.1517290025949478
0.1683879941701889 0.7077670097351075 0.0871919989585876
0.1565620005130768 0.6665499806404114 0.0967660024762153
0.1461649984121323 0.6483629941940307 0.1371349990367889
0.1518889963626861 0.6737480163574218 0.1449819952249527
0.1579100042581558 0.6813769936561585 0.1193730011582375
0.1626600027084351 0.6754459738731384 0.0671389997005462
0.1740790009498596 0.7107449769973755 0.0571440011262893
0.1783089935779572 0.7307279706001281 0.0516670010983943
0.1627579927444458 0.6867600083351135 0.0919950008392334
0.1385540068149567 0.6356279850006103 0.1568090021610260
0.1311610043048859 0.6309890151023864 0.1814669966697693
0.1406189948320389 0.6882529854774476 0.2048069983720780
0.1492310017347336 0.6946790218353271 0.1808300018310547
0.1374550014734268 0.6631770133972168 0.1948470026254654
0.1449410021305084 0.6665099859237670 0.1692939996719360
0.1524080038070679 0.6613659858703613 0.1196400001645088
0.1691029965877533 0.6942539811134339 0.0620049983263015
0.0840919986367225 0.5851989984512329 0.2490389943122864
0.0780619978904724 0.5859360098838806 0.2553049921989441
0.0943849980831146 0.6309570074081421 0.2597379982471466
0.0964040011167526 0.6067870259284973 0.2467550039291382
-0.0616340003907680 0.6139050126075744 0.2768389880657196
-0.0700929984450340 0.6176030039787292 0.2737399935722351
-0.0707829967141151 0.6012099981307983 0.2683599889278412
-0.0560030005872249 0.6074410080909729 0.2793090045452118
-0.0500359982252121 0.5964319705963135 0.2823959887027740
-0.0697069987654686 0.5871160030364991 0.2621679902076721
-0.0513000003993511 0.5804880261421203 0.2727339863777161
-0.0840940028429031 0.5852050185203552 0.2490389943122864
-0.0760309994220733 0.6021440029144287 0.2654240131378174
-0.0754989981651306 0.6194249987602234 0.2716960012912750
-0.0797080025076866 0.6234840154647827 0.2703680098056793
-0.0780619978904724 0.5859360098838806 0.2553049921989441
-0.0856909975409507 0.6030250191688538 0.2578879892826080
-0.0634299963712692 0.5854640007019043 0.2656829953193665
-0.0635360032320022 0.5996279716491699 0.2719300091266632
0.0634299963712692 0.5854640007019043 0.2656829953193665
0.0576380006968975 0.5831949710845947 0.2689310014247894
0.0540519990026950 0.5821570158004760 0.2713690102100372
0.0697069987654686 0.5871160030364991 0.2621679902076721
0.0707829967141151 0.6012099981307983 0.2683619856834412
0.0700929984450340 0.6176030039787292 0.2737390100955963
0.0760290026664733 0.6021440029144287 0.2654249966144562
0.0754989981651306 0.6194249987602234 0.2716949880123139
0.0648199990391731 0.5774210095405578 0.2600350081920624
0.0856909975409507 0.6030250191688538 0.2578879892826080
0.0797059983015060 0.6234819889068603 0.2703680098056793
0.0797979980707168 0.6477969884872436 0.2742480039596558
0.0616340003907680 0.6139050126075744 0.2768380045890808
0.0635360032320022 0.5996279716491699 0.2719309926033020
0.1158180013298988 0.5693860054016113 0.1345690041780472
0.0474639981985092 0.5836489796638488 0.2732079923152924
-0.1096199974417686 0.5571230053901672 0.1057050004601479
-0.0685219988226890 0.5321840047836304 0.2312549948692322
-0.0444279983639717 0.5862259864807128 0.2788150012493133
-0.0533699989318847 0.5887740254402161 0.2765350043773651
-0.0504439994692802 0.5832790136337280 0.2761630117893219
-0.0493110008537769 0.5907760262489318 0.2816739976406097
-0.0484969988465309 0.5826950073242188 0.2752029895782471
-0.0453430004417896 0.6055340170860291 0.2876420021057129
-0.0576269999146461 0.5831829905509948 0.2689310014247894
-0.0540409982204437 0.5821610093116760 0.2713629901409149
-0.0570480003952980 0.5950909852981568 0.2751510143280029
0.0509960018098354 0.5836219787597656 0.2760609984397888
0.0493150018155574 0.5907589793205261 0.2816939949989319
0.0516530014574527 0.5805609822273254 0.2726669907569885
0.0499159991741180 0.5813140273094177 0.2718310058116913
0.0484969988465309 0.5826950073242188 0.2752040028572083
0.0570599995553493 0.5951079726219177 0.2751460075378418
0.0500349998474121 0.5964319705963135 0.2823959887027740
0.0533730015158653 0.5887740254402161 0.2765350043773651
0.0559980012476444 0.6074389815330505 0.2793079912662506
0.0460360012948513 0.5461940169334412 0.2604300081729889
0.1315419971942902 0.9977530241012573 0.1839590072631836
-0.0401449985802173 0.4889290034770966 0.2468239963054657
-0.0042249998077750 0.6857200264930725 0.3195900022983551
0.1215460002422333 0.5784029960632324 0.0988539978861808
