596
596
596
596
1025
1025
1025
596
596
1042
1031
1031
1042
1327
1327
1327
1031
1043
595
595
595
841
1088
1087
1087
860
860
773
773
1086
969
716
705
690
715
707
706
689
691
693
673
692
692
672
673
947
947
735
735
946
754
753
1017
1017
969
970
716
968
971
844
845
778
775
716
729
715
730
693
732
692
948
754
986
984
983
753
1009
1015
1008
1010
1016
1071
805
805
821
821
985
863
877
865
865
873
873
877
883
873
873
874
874
882
875
869
869
871
842
871
870
870
1089
1089
975
861
990
990
806
926
751
927
925
925
751
928
927
926
697
732
695
695
695
694
971
843
860
772
771
860
772
771
773
793
819
774
1086
725
793
771
724
819
819
24
24
24
819
12
769
1166
1166
769
1165
944
25
25
801
801
801
801
13
13
26
26
802
802
802
802
817
817
817
790
18
18
767
790
767
790
790
790
801
767
766
767
945
766
962
945
765
766
962
943
765
768
743
746
917
743
746
917
942
942
943
1162
1161
942
742
742
1160
979
1159
741
21
17
822
836
799
835
836
21
835
834
837
31
815
816
815
815
981
816
833
857
831
852
23
20
14
23
852
851
830
851
966
963
964
963
965
965
762
961
703
812
762
812
761
814
761
809
814
829
813
813
814
829
19
22
19
19
813
15
795
15
32
795
795
798
32
798
703
704
685
686
710
723
687
1346
1302
684
1299
1287
683
664
684
663
655
636
650
1340
1339
624
627
601
591
656
665
637
960
658
591
628
1288
1287
592
611
606
635
605
626
1336
604
623
622
602
621
648
682
619
646
647
621
647
681
633
633
645
645
634
644
632
632
633
633
631
634
632
8
632
7
7
8
659
9
10
678
9
10
10
10
678
659
660
659
659
660
680
680
680
698
681
682
699
700
700
700
700
700
661
661
661
700
701
1139
662
662
661
853
853
853
829
1072
22
811
810
810
811
811
967
967
811
963
966
966
966
740
740
722
722
1343
1346
1346
1343
1284
1286
1242
1243
1256
1248
938
940
939
603
603
576
575
607
607
607
607
33
33
610
610
616
610
616
617
616
618
620
618
1335
564
1334
1194
1193
563
1285
1283
1243
1246
935
614
1024
1074
612
1024
615
1285
1293
1245
613
613
1247
614
1237
1237
565
556
1235
555
599
599
598
598
586
585
585
598
584
588
1192
588
588
588
1192
910
910
618
563
1193
609
617
609
584
583
608
583
608
5
6
584
570
569
583
583
5
569
4
587
1192
587
587
1192
574
1191
586
585
1191
1190
585
1189
569
570
1189
1187
4
569
1188
587
1234
1235
573
1234
1234
574
574
574
1191
571
1191
571
1190
562
562
562
1189
3
3
559
559
572
1233
1234
573
1233
1233
561
571
1232
1232
1232
1231
2
1230
1231
1231
1041
1044
556
937
998
996
997
999
995
1001
995
995
993
560
561
993
560
993
34
2
1328
594
1031
1042
1327
1327
596
596
595
595
596
596
1025
1025
1025
1030
1025
1030
1030
1030
1004
931
1013
597
597
581
594
595
567
566
1047
1043
596
596
1037
1043
1037
1036
1347
1347
1347
1347
1347
1347
1347
1347
1347
1347
1347
1347
1347
1347
1347
1347
1347
1347
1347
1347
1347
1347
1347
1347
1347
1347
1347
1347
1347
1347
1347
1347
1347
1347
1347
1347
1347
1347
1347
1347
1347
1347
1347
1347
1347
1347
1347
1347
1347
1347
1347
1347
1347
1347
1347
1347
1347
1347
1347
1347
1347
1347
1347
1347
1347
1347
1347
1347
1347
1347
1347
1347
1347
1347
1347
1347
1347
1347
1347
1347
1347
1347
1347
1347
1347
1347
1347
1347
1347
1347
1347
1347
1347
1347
1347
1347
1347
1347
1347
1347
1347
1347
1347
1347
1347
1347
1347
1347
531
1039
1038
1038
1347
1036
1347
1347
1037
1347
1347
1347
1347
1347
1347
1038
1038
1039
1039
531
531
1043
1037
1037
1036
1
34
993
994
1038
1033
1034
1036
1039
1032
531
0
1039
1038
531
1036
1036
1038
1036
1037
1043
1031
1327
1347
1327
1347
1347
1347
1347
1347
1347
1347
1347
1347
1347
1347
1347
1347
1347
1347
1347
1347
1347
1347
1347
1347
1347
1030
1030
1030
1030
1030
1030
1030
1030
1030
1030
1030
1030
1030
1030
1030
1030
1030
1030
1030
1030
1030
1347
1291
1347
1347
1030
1030
1347
1030
1030
1030
1030
1291
1347
1347
1347
1347
1347
1347
1347
1347
1347
1347
1347
1347
1347
1347
1347
1347
1347
1347
1347
1347
1347
1347
1347
1347
1347
1347
1347
1347
1347
1347
1347
1347
1347
1347
1347
1347
1347
1347
1347
1347
1347
1347
1347
1347
1347
1347
1347
1347
1347
1347
1347
1347
1347
1347
1347
1347
1347
1347
1347
1347
1347
1347
1347
1347
1347
1347
1347
1347
1347
1347
1347
1347
1347
1347
1347
1347
1347
1347
1347
1347
1347
1347
1347
1347
1347
1347
1347
1347
1347
1347
1347
1347
1347
1347
1347
1347
1347
1347
1347
1347
1347
1347
1347
1347
1347
1347
1347
1347
1347
1347
1347
1347
1347
1347
1347
1347
1347
1347
1347
1347
1347
1347
1347
1347
1347
1347
1347
1347
1347
1347
1347
1347
1347
1347
1347
1347
1347
1347
1347
1347
1347
1347
1347
1347
1347
1347
1347
1347
1347
1347
1347
1347
1028
1347
1347
1347
1347
1347
1347
1347
1347
1347
1347
1347
1347
1347
1347
1347
1347
1347
1347
1347
1347
1347
1347
1347
1347
1347
1347
1347
1347
1347
1347
1347
1347
1347
1347
1347
1347
1347
1347
1065
1347
1347
1065
1347
1065
1347
1065
1347
1065
1347
1065
1347
1347
1065
1065
1065
1065
1065
1065
1064
1064
1064
1064
1064
1064
1347
1347
1347
1347
1064
1064
1064
1064
1064
1064
1065
1065
1065
1065
1065
1065
1065
1065
1064
1064
1064
1028
1028
1064
1028
1064
1064
1028
1064
1064
1028
1028
1028
1028
1028
1028
1029
1029
1028
1029
1029
1028
1028
1028
1029
1029
1029
1029
1244
1244
1029
1244
1029
1244
1244
1244
1030
1030
1030
1030
1030
1030
1030
1030
1030
1030
1030
1030
1030
1030
1030
1030
1030
1030
1030
1030
1030
1291
1291
1291
1291
1291
1030
1291
1291
1030
1291
1030
1347
1291
1244
1347
1347
1347
1244
1244
1244
1244
1244
1244
1029
1029
1347
1029
1347
1347
1029
1029
1347
1029
1029
1029
1029
1029
1029
1029
1029
1029
1029
1029
1028
1028
1028
1028
1028
1028
1029
1064
1065
1025
1030
1025
1030
1030
1030
1025
1030
1030
1030
1025
1024
1291
1291
1030
1291
1244
1244
1292
1245
1028
1029
976
977
1029
1029
1029
1029
1028
1028
1028
1028
1064
1064
1064
1028
1064
1064
1060
1065
1065
1065
1065
1065
824
824
840
840
1085
825
839
867
868
866
850
849
850
850
872
848
847
828
828
807
847
953
758
951
757
757
755
1030
1347
1347
1347
1347
1347
1347
1347
1347
1347
1347
1347
1347
1347
1347
1347
1347
1347
1347
1347
1347
1347
1347
1347
1347
1347
1347
1347
1347
1347
1347
1347
1347
1347
1347
1347
1347
1347
1347
1347
1347
1347
1347
1347
1065
1065
1060
1060
1347
1060
1059
1059
1347
1347
1347
1347
1347
1347
1347
1347
1347
1347
1347
1347
1347
1347
1347
1347
1347
1347
1347
1347
1347
1347
1347
1347
1347
1347
1347
1347
1347
1347
1347
1347
1347
1347
1347
1347
1347
1347
1347
1347
1347
1347
1347
1347
1347
1347
1347
1347
1347
1347
1347
1347
1347
1347
1347
1347
1347
1347
1347
1347
889
891
890
889
29
29
887
892
891
889
30
29
28
28
958
958
894
894
496
496
959
959
895
895
804
823
823
27
27
838
896
957
957
866
956
957
956
907
954
955
904
899
898
896
899
900
901
885
903
899
888
905
880
881
905
1058
1058
1059
1058
1347
1347
1058
1347
1027
1027
1347
1347
1347
1347
1347
1347
1347
1347
1347
1347
1347
1347
1347
1347
1347
1347
1347
1347
1347
1347
1347
1347
884
884
886
886
878
881
880
879
1347
878
879
879
878
878
884
1347
1347
1347
988
1347
1347
1347
1347
1347
1347
1347
1347
1347
1347
1347
1347
1347
1347
1347
1347
1347
1347
1347
1347
1347
1347
1347
1347
1347
1347
1347
1347
1347
1347
1347
1347
1347
1347
1347
1347
1347
1347
1347
1347
1347
1347
1347
1347
1347
1347
1347
1347
1347
1347
1347
1347
1347
1347
1347
1347
1347
1347
1347
1347
1347
920
981
920
920
920
920
1097
1097
1095
1095
846
1089
777
777
1095
1097
1097
1095
845
1095
1095
1097
843
1091
731
876
1100
733
876
749
752
1102
863
877
985
987
752
883
882
731
728
875
871
776
870
1091
1091
1091
1091
1091
1091
1091
1091
1090
1090
1092
1092
1099
1094
1099
1094
1093
1100
1101
1100
992
1071
1102
1012
1101
1102
1102
1102
1102
1102
1102
1102
1030
1030
1347
744
744
744
744
1159
741
979
1258
763
763
1200
639
639
1158
638
764
629
1157
1199
629
1157
1157
638
630
637
1156
1289
590
1290
1197
600
593
580
741
744
763
763
763
763
763
783
913
913
784
787
784
785
785
787
764
786
1000
980
786
1000
759
759
760
760
796
1020
796
796
980
856
797
856
797
855
589
577
1283
1284
932
933
581
931
582
929
567
568
1238
1239
930
936
1286
1198
590
629
1256
921
1256
1260
1199
1260
827
827
826
826
868
873
869
859
873
864
872
864
808
805
864
808
991
1008
779
1007
1006
1006
824
859
868
872
864
864
807
755
736
820
820
16
818
16
818
792
792
774
1084
1083
1082
737
1018
739
1019
1005
949
719
720
950
1002
676
677
924
923
642
643
922
923
950
677
674
1200
1258
1259
941
974
641
668
671
1261
1262
973
640
688
670
1267
1266
1207
1208
1266
1207
770
1164
712
1163
712
1205
1206
1205
1265
1264
1263
714
726
727
727
726
711
711
725
725
725
726
35
11
11
724
972
720
934
1023
1068
1063
978
977
1061
1049
1052
1066
1057
988
988
988
878
878
989
988
989
1027
1027
906
908
1026
909
953
1048
1056
1055
1058
9
9
678
679
678
678
679
679
698
698
698
698
699
699
700
662
662
708
708
1150
1132
1150
1150
1150
1132
1145
811
1146
1145
1146
967
1153
1146
966
966
1154
966
740
740
722
722
1140
1140
1021
1022
1022
1021
856
788
856
856
788
788
788
788
788
788
911
913
1119
911
1022
911
745
745
745
745
911
745
912
745
788
788
789
912
789
789
789
789
789
789
789
768
768
791
791
799
800
791
800
920
920
919
918
916
918
748
918
747
748
912
912
748
748
855
855
982
982
982
855
982
982
982
982
982
982
830
831
982
982
982
981
981
831
832
833
816
981
981
855
856
856
982
789
816
912
969
914
711
678
10
678
679
10
10
9
678
679
1343
708
702
721
701
1142
702
702
1344
701
662
662
1142
661
661
622
625
702
700
700
700
700
649
700
699
699
698
699
699
699
698
698
679
698
698
698
679
679
698
722
1140
1140
1144
1141
1144
1154
740
1144
1154
1144
1154
1153
966
1154
1153
1154
1154
1146
1146
1153
1146
1153
1153
1150
1145
1146
1145
1146
1146
1132
1150
1150
1132
1145
1132
602
619
603
1337
404
607
1347
1336
580
1288
592
1197
1290
606
600
580
1240
936
606
1337
605
600
665
656
1156
630
1286
1198
1132
1146
658
1132
638
1347
929
933
582
582
931
932
582
582
1347
1347
1347
1347
1347
1347
1347
1286
1347
1347
8
634
7
633
646
644
652
702
627
702
1299
1344
623
624
648
624
627
652
648
649
648
648
648
648
648
648
647
647
646
646
646
646
686
685
1154
1144
1154
1154
1154
1154
1154
1154
1154
1154
1153
1153
1153
1153
1146
1146
1146
1146
1145
1145
1132
1132
1347
567
1347
1347
1347
1347
1031
567
1347
931
1004
567
1031
594
567
1347
594
1347
1347
1347
1347
1347
1347
1347
1031
1347
1347
1347
1347
1347
1347
1347
1347
1347
1347
1347
1347
1347
1347
1347
1347
594
1347
1347
1031
1347
1347
594
1347
1347
1347
1347
1347
1347
1347
1347
1347
1347
1347
1347
1347
1347
1347
1347
1347
1347
1347
1347
1347
1347
1347
1347
1347
1347
1347
1347
1347
1347
1347
1347
1347
1347
1347
1347
1347
1347
1347
1347
1347
1347
1347
1347
1347
1347
1347
1347
1347
1347
1347
1347
1347
1347
1347
1347
1347
1347
1347
1284
932
1347
1347
1347
1347
1347
1347
1347
1347
1347
1347
1347
1347
1347
1347
819
11
726
35
429
429
429
429
429
429
65
65
65
41
41
48
48
528
48
1307
1307
1307
57
57
57
349
1077
1077
1076
1078
184
184
298
298
314
109
259
186
110
94
482
111
136
96
112
96
304
305
305
289
278
278
289
472
472
439
436
288
186
315
314
185
330
197
196
135
186
331
136
113
112
332
305
467
436
279
439
441
198
343
174
549
550
471
1116
470
199
212
212
199
234
234
327
326
341
243
243
243
243
328
327
240
240
236
236
237
242
229
230
350
350
230
1075
220
329
1075
538
538
342
333
122
333
265
265
266
267
100
122
266
466
467
466
466
465
210
196
298
151
151
298
152
184
152
1078
161
258
257
120
119
152
257
258
258
258
1166
150
25
286
1167
150
173
173
13
173
294
294
294
294
192
170
192
192
170
293
170
170
170
293
293
173
293
149
149
285
285
284
149
148
292
148
491
284
118
118
134
133
283
283
134
133
491
283
1171
1170
297
297
93
1173
479
1172
206
193
181
171
206
321
322
181
180
180
180
323
323
324
207
182
216
205
167
216
167
204
143
130
117
130
105
309
264
523
523
264
270
485
155
485
270
155
165
155
191
191
202
19
202
191
166
15
166
166
395
395
310
105
311
104
99
83
91
77
1303
1326
1298
1305
90
431
77
432
430
72
385
66
1319
1320
399
398
54
351
92
78
301
308
79
54
1298
1280
69
55
421
422
67
68
63
1316
386
387
75
62
401
400
517
401
519
518
520
519
367
377
377
367
376
366
357
367
367
357
366
356
8
357
357
355
225
10
9
225
10
365
355
365
355
355
375
375
272
375
75
520
80
521
80
80
80
80
80
313
313
313
97
89
89
1121
313
215
202
215
215
271
271
179
179
271
271
522
522
130
143
143
143
312
312
116
116
103
91
1326
1326
1277
1249
1250
1279
420
413
451
1255
1257
534
534
388
61
404
404
404
404
403
403
403
402
378
402
516
402
60
516
49
1315
389
1181
1180
1314
1294
1252
1249
1278
64
452
527
527
526
1073
1253
1295
1294
276
456
64
1251
456
1223
1223
390
1225
391
410
515
379
379
515
369
379
380
380
514
1182
45
1182
45
45
45
58
58
516
389
1181
378
368
368
358
359
369
358
359
369
359
360
370
359
360
1182
42
42
42
1182
514
1183
513
380
380
1184
1183
1185
1185
370
360
1186
360
1226
42
1226
1226
512
1225
513
513
1183
513
1183
381
1184
381
371
371
1185
371
361
361
382
512
1226
1227
1227
381
372
1227
1228
1229
1228
1228
1229
1229
39
409
391
43
383
510
511
407
406
406
406
373
405
405
372
362
362
34
1308
41
48
52
1307
1307
429
57
57
429
429
429
65
65
37
65
37
37
37
65
418
275
427
428
428
455
57
52
417
38
416
528
429
429
533
532
533
528
1347
1347
1347
1347
1347
1347
1347
1347
1347
1347
1347
1347
1347
1347
1347
1347
1347
1347
1347
1347
1347
1347
1347
1347
1347
1347
1347
1347
1347
1347
1347
1347
1347
1347
1347
1347
1347
1347
1347
1347
1347
1347
1347
1347
1347
1347
1347
1347
1347
1347
1347
1347
1347
1347
1347
1347
1347
1347
1347
1347
1347
1347
1347
1347
1347
1347
1347
1347
1347
1347
1347
1347
1347
1347
1347
1347
1347
1347
1347
1347
1347
1347
1347
1347
1347
1347
1347
1347
1347
1347
1347
1347
1347
1347
1347
1347
1347
1347
1347
1347
1347
1347
530
529
1347
530
1347
532
1347
1347
1347
533
1347
1347
1347
1347
530
529
529
530
533
528
532
533
363
405
530
532
384
374
364
529
530
529
532
532
532
530
528
533
1307
48
1307
1347
1347
1347
1347
1347
1347
1347
1347
1347
1347
1347
1347
1347
1347
1347
1347
1347
1347
1347
1347
1347
1347
1347
37
37
37
37
37
37
37
37
37
37
37
37
37
37
37
37
37
37
37
37
1347
1297
1347
37
1347
1347
37
37
1297
37
37
37
37
1347
1347
1347
1347
1347
1347
1347
1347
1347
1347
1347
1347
1347
1347
1347
1347
1347
1347
1347
1347
1347
1347
1347
1347
1347
1347
1347
1347
1347
1347
1347
1347
1347
1347
1347
1347
1347
1347
1347
1347
1347
1347
1347
1347
1347
1347
1347
1347
1347
1347
1347
1347
1347
1347
1347
1347
1347
1347
1347
1347
1347
1347
1347
1347
1347
1347
1347
1347
1347
1347
1347
1347
1347
1347
1347
1347
1347
1347
1347
1347
1347
1347
1347
1347
1347
1347
1347
1347
1347
1347
1347
1347
1347
1347
1347
1347
1347
1347
1347
1347
1347
1347
1347
1347
1347
1347
1347
1347
1347
1347
1347
1347
1347
1347
1347
1347
1347
1347
1347
1347
1347
1347
1347
1347
1347
1347
1347
1347
1347
1347
1347
1347
1347
1347
1347
1347
1347
1347
1347
1347
1347
1347
1347
1347
1347
1347
1347
1347
1347
1347
1347
280
1347
1347
1347
1347
1347
1347
1347
1347
1347
1347
1347
1347
1347
1347
1347
1347
1347
1347
1347
1347
1347
1347
1347
1347
1347
1347
1347
1347
1347
1347
1347
1347
1347
1347
1347
1347
1347
1347
1347
548
548
1347
1347
548
1347
548
1347
548
1347
548
1347
1347
1347
548
548
548
548
548
548
478
478
478
478
478
478
1347
1347
1347
1347
478
478
478
478
478
478
548
548
548
548
548
548
548
548
478
478
478
478
280
280
280
280
478
478
478
478
280
280
280
280
280
280
36
36
280
36
280
36
280
280
36
36
1254
1254
36
36
1254
36
1254
1254
1254
36
37
37
37
37
37
37
37
37
37
37
37
37
37
37
37
37
37
37
37
37
37
1297
1297
1297
1297
1297
37
37
1297
1297
37
1297
1347
1347
1254
1254
1347
1347
1254
1254
1254
1254
1254
1254
36
36
36
1347
1347
1347
36
36
1347
36
36
36
36
36
36
36
36
36
36
36
280
280
280
280
280
280
36
478
548
37
65
37
65
37
37
37
37
37
65
65
527
1297
1297
1254
1254
1297
37
1296
1253
280
127
457
36
36
36
36
36
280
280
280
280
478
280
478
478
478
478
141
548
548
548
548
548
194
219
219
194
233
226
217
195
1079
223
227
235
223
223
222
201
200
201
340
339
338
140
176
139
542
542
543
1347
37
1347
1347
1347
1347
1347
1347
1347
1347
1347
1347
1347
1347
1347
1347
1347
1347
1347
1347
1347
1347
1347
1347
1347
1347
1347
1347
1347
1347
1347
1347
1347
1347
1347
1347
1347
1347
1347
1347
1347
1347
1347
1347
548
548
141
1347
141
1347
537
537
141
1347
1347
1347
1347
1347
1347
1347
1347
1347
1347
1347
1347
1347
1347
1347
1347
1347
1347
1347
1347
1347
1347
1347
1347
1347
1347
1347
1347
1347
1347
1347
1347
1347
1347
1347
1347
1347
1347
1347
1347
1347
1347
1347
1347
1347
1347
1347
1347
1347
1347
1347
1347
1347
1347
1347
1347
250
250
445
295
248
250
295
282
443
443
251
251
497
497
498
498
344
345
344
208
224
224
499
213
227
213
224
504
503
454
338
253
253
499
500
501
254
255
281
253
249
256
256
231
239
462
462
537
462
1347
1347
1347
462
1347
1347
214
214
1347
1347
1347
1347
1347
1347
1347
1347
1347
1347
1347
1347
1347
1347
1347
1347
1347
1347
1347
1347
246
247
247
246
232
245
239
231
1347
245
245
232
232
232
246
1347
335
1347
1347
1347
1347
1347
1347
1347
1347
1347
1347
1347
1347
1347
1347
1347
1347
1347
1347
1347
1347
1347
1347
1347
1347
1347
1347
1347
1347
1347
1347
1347
1347
1347
1347
1347
1347
1347
1347
1347
1347
1347
1347
1347
1347
1347
1347
1347
1347
1347
1347
1347
1347
1347
1347
1347
1347
1347
1347
1347
1347
1347
1347
1347
324
319
319
319
319
319
1111
1109
1109
1111
1109
187
187
1075
316
1109
330
1109
330
1111
1110
210
329
210
1103
1113
238
241
1115
211
137
238
244
327
326
211
188
341
242
328
237
121
241
230
350
153
1109
1103
1103
1103
1108
1103
1103
1103
1104
1105
1105
1104
1106
1112
1106
1112
1107
1113
1114
1113
287
440
1115
1116
1114
1115
1115
1115
1115
1115
1115
1115
37
37
1347
132
132
132
132
93
1173
145
145
1269
479
299
1211
296
300
1174
299
1175
353
1175
1175
353
1210
352
300
351
1281
1176
1282
53
423
1177
424
56
132
93
145
145
145
145
486
486
156
145
157
524
157
320
320
524
296
262
483
483
262
131
263
263
484
484
393
144
144
144
306
131
306
394
394
203
59
51
1277
1278
412
419
418
427
273
426
411
417
1222
1221
277
274
1209
1279
353
53
450
1257
1271
1257
1210
1271
209
348
348
209
233
228
236
243
221
243
221
235
199
189
189
221
550
539
138
175
551
551
228
194
233
235
221
221
340
124
139
347
347
183
162
162
183
161
1080
1081
473
552
474
463
435
291
437
290
87
414
415
268
464
303
302
269
269
354
87
458
414
1211
1269
449
1268
74
480
86
1270
1276
261
73
481
95
448
1218
1275
1218
1275
1168
107
1169
490
490
1216
1216
1217
1272
1274
1273
447
446
446
106
106
489
489
11
11
120
446
488
119
453
291
126
461
129
475
477
127
102
507
128
547
335
232
335
335
336
232
336
335
214
214
505
337
178
177
176
506
460
536
462
9
190
225
190
190
225
225
272
272
272
272
521
521
80
89
89
434
434
1130
1130
1130
1130
1126
1126
1129
271
1129
1129
1136
522
143
143
143
1135
312
312
116
116
116
1326
487
487
508
508
306
306
306
158
158
158
158
158
158
158
146
146
1118
486
508
146
468
468
468
468
468
146
468
160
158
158
160
168
168
168
168
168
168
168
168
292
292
169
169
171
172
172
169
319
319
494
495
494
493
494
159
147
159
160
160
159
159
203
203
203
525
525
525
525
525
525
525
525
525
204
205
525
525
525
324
317
205
324
182
323
324
324
203
306
306
525
168
323
160
314
260
489
225
190
225
10
190
225
225
190
225
225
10
225
103
103
433
434
1324
433
433
103
433
1120
433
433
97
434
433
1120
97
1120
89
89
433
76
89
1120
386
313
89
76
313
89
89
313
313
313
80
80
386
80
80
313
70
80
80
80
80
80
80
80
80
80
521
521
70
521
521
80
521
521
521
521
272
521
521
521
272
521
272
272
521
272
272
521
272
272
272
272
190
272
272
272
190
272
190
190
272
272
190
272
190
190
190
272
225
190
190
190
116
1124
1122
1326
1124
1122
1122
1124
1324
103
1122
1122
103
1326
1122
103
1135
1135
1124
312
1135
1124
1124
1135
1124
1124
1124
1124
116
312
1124
1124
1136
1136
1135
143
1135
1135
1135
1136
1135
1135
1135
1135
1135
143
1135
1135
1129
1129
1136
1129
1136
1136
1136
1129
1135
1136
1136
1136
1136
1129
1136
1136
1130
1126
1129
1126
1129
1129
1129
1126
1136
1129
1129
1129
1129
1126
1129
1129
1130
1130
1126
1130
1129
1126
1130
1126
1130
1130
1130
1126
400
1317
534
517
424
1316
534
1317
534
1316
517
534
1280
1282
1177
55
277
1220
1177
1282
424
423
1177
1220
422
55
1177
423
422
423
68
1317
424
1317
68
423
400
1317
68
1317
92
352
1176
78
1209
1279
1176
352
277
1282
1176
1279
1280
78
1176
1282
301
1129
300
301
1209
352
301
300
92
1129
301
352
277
412
273
1220
419
418
273
412
426
426
273
418
424
1220
273
426
426
1347
1347
426
1347
1347
1316
1347
424
426
1347
1316
1347
1279
1347
1347
1209
300
1347
1279
1347
300
1347
1347
225
366
190
376
366
225
518
367
366
376
366
367
433
433
433
71
1324
1324
433
433
1305
433
433
1324
398
71
433
433
386
76
66
387
433
71
66
76
398
66
66
71
62
387
66
66
70
80
70
62
386
387
70
80
62
62
70
387
62
62
70
62
521
521
62
62
70
62
62
521
62
62
62
62
62
62
62
62
272
272
519
519
521
62
519
272
62
518
519
62
518
519
519
518
190
272
518
376
272
519
518
272
518
518
518
519
518
376
518
518
1324
1122
99
1324
1124
1124
99
1122
1135
83
99
1124
1305
1324
99
83
1124
1124
1135
1124
1135
1135
1135
1124
1135
1135
1135
1135
1135
1124
1135
1135
1135
1135
1135
1135
1135
1135
1135
1135
1135
1135
1135
1135
1135
1135
1135
1135
1135
1136
1136
1135
1136
1136
1136
1136
1136
1136
1136
1136
1135
1135
1136
1136
1136
1129
1129
1136
1129
1129
1129
1129
1129
1129
1129
1129
1136
1136
1129
1129
1129
1126
1126
1129
1126
1126
1126
1126
1129
1129
1126
1126
426
417
1347
1347
48
1347
1347
417
1347
1347
1347
1347
1347
1347
1347
419
275
418
418
1347
52
418
275
48
417
418
52
426
418
418
417
1347
1347
1347
1347
1347
1347
1347
1347
1347
1347
1347
1347
1347
1347
1347
48
1347
1347
1347
1347
1347
1347
1347
1347
1347
1347
1347
1347
1347
1347
1347
1347
1347
1347
52
1347
1347
1347
1347
1347
1347
1347
1347
48
52
1347
1347
1347
1347
1347
1347
1347
1347
1347
1347
1347
1347
1347
1347
1347
1347
1347
1347
1347
1347
1347
1347
1347
1347
1347
1347
1347
1347
1347
1347
1347
1347
1347
1347
1347
1347
1347
1347
1347
1347
1347
1347
1347
1347
1347
1347
1347
1347
1347
1347
1347
1347
1347
1347
1347
1347
1347
1347
1347
1347
1347
1347
1347
1347
1347
1347
1209
1279
1277
1279
1347
419
1277
1279
419
412
1277
419
277
1279
1277
412
1347
1347
1347
419
1347
1347
1347
1347
1347
275
1347
1347
419
419
1347
275
1347
1347
1347
1347
1347
1347
1347
1347
1347
1347
1347
1347
1347
1347
1347
1347
1347
1347
1347
1347
1347
1347
1347
1347
1347
1347
1347
1347
1347
1347
1347
1347
258
446
975
1089
877
1102
752
731
728
728
728
728
1091
1092
1099
1100
1101
1102
1102
1102
1102
1096
1095
845
1098
843
1075
1109
1111
1111
327
121
241
121
121
121
1103
1103
1105
1103
1113
1112
1115
1114
1115
1115
211
1115
1115
7
633
621
627
702
1300
602
601
627
648
648
648
648
621
621
621
685
1154
1154
1154
1154
1154
1154
1154
1154
1154
1145
1132
518
401
367
367
400
517
367
401
367
517
367
367
1305
1306
433
433
1280
55
433
1306
422
398
433
55
398
433
433
398
398
398
399
66
422
1317
399
398
400
400
399
1317
62
66
399
400
62
400
62
62
400
62
62
400
62
62
62
62
62
62
62
62
400
62
62
62
62
62
62
62
62
62
401
518
400
401
401
62
518
518
401
401
518
401
401
518
400
401
401
401
518
518
401
401
1135
1135
83
83
92
78
83
1135
1280
1306
83
78
1305
83
83
1306
1135
1135
1135
1135
92
1135
1135
1135
1135
1135
1135
1135
1135
1135
1135
1135
92
1135
1135
1135
1135
1135
1135
1135
1136
1135
1135
1136
92
1135
1135
1135
1135
1136
1135
1135
1129
1135
1135
1129
92
1135
1135
1135
1136
1129
1135
1135
1126
1126
1129
1126
92
1135
1126
1129
1129
1126
1126
1135