0.1201929971575737 0.4979139864444733 0.2342759966850281
0.1144300028681755 0.4988490045070648 0.2519280016422272
0.1023060008883476 0.4681650102138519 0.2518300116062164
0.0329159982502460 0.4238399863243103 0.2592070102691650
0.0272870007902383 0.4154179990291596 0.2769919931888580
0.0130300000309944 0.4120469987392426 0.2824130058288574
0.1078270003199577 0.4990440011024475 0.2640829980373383
0.1010510027408600 0.5017099976539612 0.2736139893531799
0.0912180021405220 0.4724409878253937 0.2780599892139435
0.1438509970903397 0.5327280163764954 0.1886329948902130
0.1361210048198700 0.5244460105895996 0.2089349925518036
0.1280799955129623 0.5013710260391235 0.2109670042991638
0.0259080007672309 0.4144119918346405 0.2921209931373596
0.0242299996316433 0.4221909940242767 0.3056550025939941
0.0120430001989007 0.4229449927806854 0.3098680078983307
0.0772169977426528 0.4438770115375519 0.2445320039987564
0.0691189989447593 0.4354099929332733 0.2662400007247925
0.0463909991085529 0.4224109947681427 0.2714850008487701
0.0943010002374649 0.5094689726829529 0.2810699939727783
0.0903929993510246 0.5286269783973694 0.2873379886150360
0.0797230005264282 0.5087400078773498 0.2911640107631683
0.1370059996843338 0.5708640217781067 0.2408889979124069
0.1313190013170242 0.5731679797172547 0.2536329925060272
0.1275629997253418 0.5467759966850281 0.2495319992303848
0.1619379967451096 0.5864369869232178 0.1825300008058548
0.1468729972839356 0.5717350244522095 0.2174810022115708
0.1428440064191818 0.5468099713325501 0.2110089957714081
0.0284349992871284 0.4403409957885742 0.3163979947566986
0.0303910002112388 0.4723230004310608 0.3223870098590851
0.0143539998680353 0.4710820019245148 0.3264319896697998
0.0629319995641708 0.4295350015163421 0.2813029885292053
0.0573789998888969 0.4315220117568970 0.2925460040569306
0.0391039997339248 0.4238089919090271 0.2991069853305817
0.0834230035543441 0.4484539926052093 0.2716589868068695
0.1167389973998070 0.5264049768447876 0.2603740096092224
0.1097420006990433 0.5271409749984741 0.2698369920253754
0.0576880015432834 0.4454019963741302 0.3008910119533539
0.0554039999842643 0.4705039858818054 0.3086900115013123
0.0407680012285709 0.4685989916324616 0.3176920115947724
0.1255660057067871 0.5760520100593567 0.2638570070266724
0.1196340024471283 0.5819659829139709 0.2730030119419098
0.1157530024647713 0.5534269809722900 0.2698979973793030
0.0782229974865913 0.5374770164489746 0.3010730147361756
0.0862039998173713 0.5541859865188598 0.2983860075473786
0.0877199992537498 0.5734350085258484 0.3029960095882416
0.1124359965324402 0.5910320281982422 0.2833639979362488
0.1056699976325035 0.5982379913330079 0.2921009957790375
0.1034950017929077 0.5745429992675781 0.2872850000858307
0.0275010000914335 0.4949150085449219 0.3223980069160461
0.0251609999686479 0.5160970091819763 0.3250649869441986
0.0103749996051192 0.5142499804496765 0.3267660140991211
0.0523670017719268 0.5018100142478943 0.3094579875469208
0.0553460009396076 0.5340510010719299 0.3204489946365356
0.0415779985487461 0.5232599973678589 0.3225589990615844
0.0662780031561851 0.5177779793739319 0.3050369918346405
0.0870030000805854 0.5896660089492797 0.3080120086669922
0.0842910036444664 0.6040899753570556 0.3123509883880615
0.0763889998197555 0.5947759747505188 0.3189960122108460
0.0929989963769912 0.5705490112304687 0.2965030074119568
0.0926299989223480 0.5837799906730652 0.3009299933910370
0.0257549993693828 0.5384070277214051 0.3358429968357086
0.0266050007194280 0.5556010007858276 0.3454500138759613
0.0119719998911023 0.5506780147552490 0.3470200002193451
0.0963540002703666 0.5939289927482605 0.3000940084457398
0.0983840003609657 0.5869600176811218 0.2960300147533417
0.1021049991250038 0.6030449867248535 0.2971670031547546
0.1067380011081696 0.7972509860992431 0.3067609965801239
0.1059930026531220 0.8159829974174500 0.2999919950962067
0.0881320014595985 0.8255620002746582 0.3044900000095368
0.0517250001430511 0.5533750057220459 0.3315489888191223
0.0510150007903575 0.5678809881210327 0.3364610075950623
0.0396669991314411 0.5621569752693176 0.3420029878616333
0.0667200013995170 0.5681949853897095 0.3235029876232147
0.0826900005340576 0.6071360111236572 0.3136869966983795
0.0756509974598884 0.5975069999694824 0.3200699985027313
0.0862599983811378 0.6081050038337708 0.3109830021858215
0.0850469991564750 0.7178019881248474 0.3222729861736298
0.0823509991168975 0.7055839896202088 0.3254539966583252
0.0935669988393783 0.6792259812355041 0.3178200125694275
0.0263260006904602 0.5676569938659668 0.3485180139541626
0.0123110003769397 0.5639290213584900 0.3504639863967896
0.0793870016932487 0.6127660274505615 0.3111709952354431
0.0702669993042945 0.6054059863090515 0.3178080022335053
0.0907239988446235 0.6177669763565064 0.3061999976634979
0.0878830030560493 0.6120849847793580 0.3094049990177155
0.0923409983515739 0.6047289967536927 0.3059090077877044
0.0794999971985817 0.6924650073051452 0.3295390009880066
0.0891449972987175 0.6737939715385437 0.3209269940853119
0.1030220016837120 0.8270660042762756 0.2957879900932312
0.0886510014533996 0.8333839774131775 0.2991940081119537
0.1592179983854294 0.8137170076370239 0.2654379904270172
0.1632460057735443 0.7894570231437683 0.2678689956665039
0.1742320060729980 0.7949730157852173 0.2532320022583008
0.0253720004111528 0.5796679854393005 0.3410429954528808
0.0128140002489090 0.5757539868354797 0.3428309857845306
0.0517710000276565 0.5779110193252563 0.3377059996128083
0.0381419993937015 0.5733280181884765 0.3446719944477082
0.0646239966154098 0.5780680179595948 0.3273600041866303
0.0855420008301734 0.6128860116004943 0.3098640143871308
0.0499040000140666 0.8586789965629578 0.3030970096588135
0.0480530001223087 0.8505330085754395 0.3149139881134033
0.0587290003895759 0.8376060128211976 0.3164129853248596
0.1024240031838417 0.8532009720802307 0.2856160104274750
0.0905620008707046 0.8567680120468140 0.2876510024070740
0.1242349967360497 0.8256070017814637 0.2856040000915527
0.1178739964962005 0.8524950146675110 0.2819010019302368
0.1519200056791306 0.8275359869003296 0.2661930024623871
0.1682289987802506 0.8192650079727173 0.2538700103759766
0.0494709983468055 0.5910239815711976 0.3314209878444671
0.0372029989957809 0.5847529768943786 0.3373909890651703
0.0624179989099502 0.5842630267143250 0.3303219974040985
0.0846569985151290 0.6160510182380676 0.3065299987792969
0.0879150032997131 0.6196119785308838 0.3034160137176514
0.0884099975228309 0.6169049739837646 0.3065589964389801
0.0726929977536201 0.8354840278625489 0.3068790137767792
0.0748469978570938 0.8416519761085510 0.3000519871711731
0.0615729987621307 0.8531609773635864 0.2976770102977753
0.0878380015492439 0.6183339953422546 0.3058229982852936
0.0849979966878891 0.6166570186614990 0.3068830072879791
0.0786599963903427 0.8599449992179871 0.2886460125446319
0.0662430003285408 0.8666930198669434 0.2884509861469268
0.1824370026588440 0.8371790051460266 0.2318949997425079
0.1919080018997192 0.8209570050239564 0.2221170067787171
0.1975730061531067 0.8347319960594177 0.2097290009260178
0.1704200059175491 0.8488540053367615 0.2420900017023086
0.1882040053606033 0.8474060297012329 0.2234340012073517
0.2031500041484833 0.8655260205268860 0.1978310048580170
0.2008489966392517 0.8863679766654968 0.2050939947366715
0.1908929944038391 0.8825889825820923 0.2264699935913086
0.0766569972038269 0.6279870271682739 0.3128120005130768
0.0722609981894493 0.6211640238761902 0.3117510080337524
0.0830819979310035 0.6213189959526062 0.3092780113220215
0.0741090029478073 0.6400790214538574 0.3273009955883026
0.0677129998803138 0.6320919990539551 0.3248310089111328
0.0766030028462410 0.6263769865036010 0.3156560063362122
0.0521349981427192 0.7874510288238525 0.3503099977970124
0.0574299991130828 0.7802280187606812 0.3396959900856018
0.0584580004215240 0.7774029970169068 0.3319920003414154
0.0455630011856556 0.7853620052337646 0.3748570084571838
0.0508509986102581 0.7725239992141724 0.3804549872875213
0.0609459988772869 0.7705420255661011 0.3629310131072998
0.1584459990262985 0.8682730197906495 0.2543489933013916
0.1755349934101105 0.8569790124893188 0.2361560016870499
0.1973440051078796 0.9041349887847900 0.2163580060005188
0.1931210011243820 0.9203799962997436 0.2288780063390732
0.1860750019550324 0.9068809747695923 0.2427999973297119
0.0669270008802414 0.6338520050048828 0.3208949863910675
0.0620430000126361 0.6229709982872009 0.3143010139465332
0.0412859991192817 0.6790429949760436 0.3583829998970032
0.0509519986808300 0.6731619834899903 0.3528009951114655
0.0576290003955364 0.6858630180358886 0.3492510020732879
0.0648460015654563 0.7399979829788209 0.3322820067405700
0.0274539999663829 0.7825279831886291 0.4114980101585388
0.0343270003795623 0.7822210192680358 0.3987599909305572
0.0352770015597343 0.7919499874114990 0.3867760002613068
0.0342429988086223 0.9087100028991699 0.3020890057086945
0.0352040007710456 0.9412540197372436 0.3173399865627289
0.0246149990707635 0.9040369987487793 0.3120250105857849
0.1763300001621246 0.9012359976768494 0.2551310062408447
0.1792879998683930 0.8918229937553405 0.2482749968767166
0.1888249963521957 0.8942580223083496 0.2346030026674271
0.1873729974031448 0.9343990087509156 0.2417840063571930
0.1793790012598038 0.9179610013961792 0.2562220096588135
0.0523060001432895 0.7375509738922120 0.3480780124664307
0.0635470002889633 0.7232170104980468 0.3387449979782104
0.0593729987740516 0.7410849928855896 0.3380790054798126
0.0329230017960071 0.7716479897499085 0.4065949916839599
0.0237850006669759 0.9501550197601318 0.3198800086975098
0.0168900005519390 0.9100909829139709 0.3196440041065216
0.1710119992494583 0.9111610054969788 0.2635700106620788
0.0283950008451938 0.7263529896736145 0.3627839982509613
0.0131820002570748 0.7278190255165100 0.3651719987392426
0.0176849998533725 0.7108209729194641 0.3662840127944947
0.0177020002156496 0.7551710009574890 0.4258759915828705
0.0280019994825124 0.7608810067176819 0.4145930111408234
0.0135220000520348 0.7836400270462036 0.4248209893703460
0.0281099993735551 0.7966859936714172 0.3982360064983368
0.0536630004644393 0.9704020023345947 0.3201510012149811
0.0403460003435611 0.9701960086822510 0.3196550011634827
0.1544560045003891 0.9045199751853943 0.2696389853954315
0.1629099994897843 0.9226040244102478 0.2738330066204071
0.0000000000000000 0.7825660109519959 0.4281220138072968
0.0156909991055727 0.8018280267715455 0.4125599861145020
-0.0002469999890308 0.7207980155944824 0.3646470010280609
0.0000379999983124 0.6979349851608276 0.3649689853191376
0.0332899987697601 0.6562060117721558 0.3506380021572113
0.0391339994966983 0.6673660278320312 0.3567500114440918
0.0293419994413852 0.6735759973526001 0.3606689870357514
0.0226939991116523 0.6862530112266541 0.3645859956741333
0.0333339981734752 0.6838089823722839 0.3618429899215699
0.0324719995260238 0.7090780138969421 0.3633329868316650
0.0231110006570816 0.7692430019378662 0.4240260124206543
0.0113540003076195 0.9148240089416504 0.3206329941749572
0.0442380011081695 0.9260579943656922 0.3061020076274872
0.1482110023498535 0.9108430147171021 0.2746979892253876
-0.0004949999856762 0.9169449806213379 0.3215210139751434
0.0152890002354979 0.9516159892082214 0.3206700086593628
0.0128840003162622 0.7638130187988282 0.4302589893341064
0.0000019999999949 0.6791210174560547 0.3646070063114166
0.0283819995820522 0.6220970153808594 0.3229449987411499
0.0330009981989860 0.6501749753952027 0.3418389856815338
0.0215499997138977 0.6539760231971740 0.3452480137348175
0.0092869997024536 0.7536110281944275 0.4287549853324890
0.0242749992758035 0.9684720039367676 0.3198809921741485
0.0743609964847564 0.9514520168304443 0.3159669935703277
0.0798429995775222 0.9730470180511475 0.3158580064773560
0.0635280013084411 0.9717410206794739 0.3188810050487518
0.0581369996070861 0.9261400103569030 0.3000499904155731
0.0718090012669563 0.9364399909973144 0.3027369976043701
0.1750320047140122 0.9492229819297791 0.2629190087318420
0.1697899997234345 0.9290750026702881 0.2697229981422424
0.0000000000000000 0.9670519828796387 0.3202250003814697
0.0000000000000000 0.7514250278472900 0.4288049936294556
0.0166710000485181 0.6730160117149353 0.3620240092277527
0.0148409996181726 0.7488729953765869 0.3927730023860931
0.0121769998222589 0.7459340095520019 0.3926529884338379
0.0110499998554587 0.7482659816741943 0.3766959905624390
0.0089769996702671 0.7431489825248718 0.4216170012950897
0.0076009999029338 0.7400149703025818 0.4075799882411956
0.0150389997288584 0.7438809871673583 0.4049879908561706
0.0713360011577606 0.9909380078315735 0.3107439875602722
0.0930320024490356 0.9582269787788392 0.3139039874076844
0.0989070013165473 0.9735320210456849 0.3111039996147156
0.0634649991989135 0.9134579896926880 0.2906869947910309
0.0745220035314560 0.9211559891700745 0.2913709878921508
0.1444579958915710 0.9747710227966309 0.2905110120773315
0.1393070071935654 0.9563940167427063 0.2964789867401123
0.1570030003786087 0.9457470178604125 0.2837429940700531
0.0002059999969787 0.7386339902877807 0.4093729853630066
0.0083339996635913 0.7391049861907959 0.3666099905967713
0.0070090000517666 0.7450960278511048 0.3768180012702942
-0.0000940000027185 0.7432370185852051 0.3762449920177460
0.0000000000000000 0.6710929870605468 0.3622660040855408
0.0095889996737241 0.6631979942321778 0.3567709922790527
0.0222379993647337 0.6612550020217896 0.3542770147323608
0.0208369996398687 0.7393190264701843 0.3626889884471893
0.0220120009034872 0.7483919858932495 0.3616980016231537
0.0058800000697374 0.7426490187644959 0.3934699892997741
0.0903230011463165 0.9443150162696838 0.3056800067424774
0.0510770007967948 0.9064390063285828 0.2902260124683380
0.0470830015838146 0.9113559722900390 0.2946380078792572
0.0393199995160102 0.8921719789505005 0.2903119921684265
0.1393380016088486 0.9160580039024353 0.2792080044746399
0.0001130000018747 0.7416399717330932 0.3945359885692596
-0.0000220000001718 0.6620830297470093 0.3565430045127869
0.0096439998596906 0.6562650203704835 0.3476110100746155
0.0093240002170205 0.6156669855117798 0.3262790143489837
0.0180070009082555 0.6187440156936645 0.3247469961643219
0.1136600002646446 0.9588029980659485 0.3078500032424927
0.1222679987549782 0.9750440120697021 0.3026149868965149
0.1087440028786659 0.9481599926948548 0.3048940002918243
0.0895569995045662 0.9251959919929504 0.2908389866352081
0.1296460032463074 0.9456769824028015 0.2976779937744141
0.1185360029339790 0.9248700141906738 0.2856689989566803
0.1506820023059845 0.9348220229148865 0.2846849858760834
-0.0049330000765621 0.6129840016365051 0.3262870013713837
0.1035979986190796 0.9244580268859863 0.2888630032539368
0.1425800025463104 1.0890769958496090 0.2250590026378632
0.1723870038986206 1.0696640014648440 0.2021100074052811
0.1806260049343109 1.0949209928512570 0.1724340021610260
0.1230179965496063 1.1362379789352420 0.2105980068445206
0.1150489971041679 1.1004179716110230 0.2390619963407516
0.0963699966669082 1.1477279663085940 0.2197870016098022
0.0694440007209777 1.1568069458007810 0.2260800004005432
0.0654010027647018 1.1147650480270390 0.2543810009956360
0.0472499988973140 1.1624640226364140 0.2286729961633682
0.0253870002925396 1.1656880378723140 0.2311310023069382
0.0227339994162321 1.1260260343551640 0.2583630084991455
0.0737899988889694 1.0245629549026490 0.2955650091171265
0.0670010000467300 1.0662629604339600 0.2781470119953156
0.0463940016925334 1.0722099542617800 0.2802189886569977
0.0971599966287612 1.0272560119628910 0.2881709933280945
0.0889559984207153 1.0652559995651240 0.2716540098190308
0.1192589998245239 1.0261540412902830 0.2802230119705200
0.1109490022063255 1.0626130104064940 0.2638550102710724
0.1384740024805069 1.0213700532913210 0.2709879875183106
0.1359989941120148 1.0540200471878050 0.2530660033226013
0.1634380072355270 1.0072400569915770 0.2546760141849518
0.1663710027933121 1.0365200042724610 0.2310439944267273
0.1997800022363663 0.9794309735298157 0.1996050029993057
0.2043540030717850 0.9999030232429504 0.1784829944372177
0.1896169930696487 1.0215150117874150 0.2029149979352951
0.0683600008487701 0.4898790121078492 0.2975800037384033
0.0988660007715225 0.5492839813232422 0.2850059866905212
0.0000000000000000 0.7428950071334839 0.4235320091247558
0.0178479999303817 0.7464849948883057 0.4172329902648926
0.0245290007442235 0.7517129778861999 0.4117569923400879
0.0472249984741210 0.7528970241546630 0.3805080056190491
0.0564679987728595 0.7482320070266724 0.3636280000209809
0.0632549971342086 0.7586650252342225 0.3605889976024628
0.0583640001714229 0.7477110028266907 0.3543260097503662
0.0624140016734600 0.7560830116271973 0.3493689894676209
0.0604149997234344 0.7630599737167359 0.3372449874877930
0.0351959988474845 0.8778759837150574 0.3030569851398468
0.0450720004737377 0.7906569838523864 0.3647879958152771
0.0402170009911060 0.7902110219001770 0.3774780035018921
0.0399810001254081 0.7717270255088806 0.3960179984569549
0.0526480004191398 0.7642899751663208 0.3810299932956696
0.0370390005409717 0.7589380145072937 0.3974269926548004
0.1302469968795776 0.7927299737930298 0.2943649888038636
0.1295890063047409 0.8113080263137818 0.2888610064983368
0.1328749954700470 0.8507350087165833 0.2745780050754547
0.1429799944162369 0.8260080218315124 0.2737309932708740
0.1143649965524673 0.4773420095443725 0.2162580043077469
0.1279979944229126 0.5199249982833862 0.2323540002107620
0.1226539984345436 0.5237820148468017 0.2481389939785004
0.0915300026535987 1.1063389778137210 0.2486779987812042
0.0451229996979236 0.8119159936904908 0.3452720046043396
0.0517049990594387 0.8058990240097046 0.3397780060768127
0.0535769984126091 0.8122829794883729 0.3369739949703217
0.0461779981851577 0.8178139925003052 0.3426020145416260
0.0428449995815753 0.8164520263671875 0.3477709889411926
0.0257729999721050 0.8234789967536927 0.3777990043163300
0.0248930007219314 0.8337060213088989 0.3708840012550354
0.0137179996818304 0.8404729962348938 0.3834300041198730
0.1475220024585724 0.8574849963188172 0.2635799944400787
0.1412000060081482 0.8531000018119812 0.2689929902553558
0.1646430045366287 0.8418220281600952 0.2497480064630508
0.1535370051860809 0.8647159934043885 0.2591849863529205
0.1591410040855408 0.8327050209045411 0.2578220069408417
0.0009069999796338 0.8980479836463928 0.3343729972839356
0.0130869997665286 0.8950819969177247 0.3310920000076294
0.0201489999890327 0.8899419903755188 0.3251309990882874
0.2064120024442673 0.9139140248298644 0.1888010054826736
0.2004140019416809 0.9358429908752442 0.2056989967823028
0.1930830031633377 0.9535580277442932 0.2246759980916977
0.1802639961242676 0.9683780074119567 0.2499410063028336
0.1419660001993179 0.9911820292472840 0.2851540148258209
0.1605529934167862 0.9613440036773682 0.2795610129833221
0.1191380023956299 0.9951840043067932 0.2958379983901978
0.0928900018334388 0.9940170049667359 0.3048700094223023
0.0000000000000000 1.0252989530563360 0.3029460012912750
0.0269949994981288 1.0246410369873050 0.3022170066833496
0.0242299996316433 1.0745489597320560 0.2823599874973297
0.0000000000000000 1.1676059961318970 0.2320400029420853
0.0000000000000000 1.1272159814834600 0.2595799863338470
0.0754979997873306 0.6826270222663880 0.3336040079593658
0.0838709995150566 0.6676220297813416 0.3241859972476959
0.0685629993677139 0.6740109920501709 0.3397470116615295
0.0780180022120475 0.6602360010147095 0.3284249901771546
0.0416329987347126 0.7984920144081116 0.3553900122642517
0.0345450006425380 0.8026599884033203 0.3743860125541687
0.0270830001682043 0.8098829984664916 0.3871839940547943
0.0181440003216266 0.8154770135879516 0.3992429971694947
0.0005619999719783 0.8183270096778870 0.4058089852333069
0.0496199987828731 0.6612219810485839 0.3511300086975098
0.0606999993324279 0.6540470123291016 0.3428469896316529
0.0466229990124702 0.6483039855957032 0.3447389900684356
0.0568599998950958 0.6407679915428161 0.3369219899177551
0.0443109981715679 0.6450499892234802 0.3379049897193908
0.0395019985735416 0.6260780096054077 0.3228139877319336
0.0509340018033981 0.6244890093803406 0.3178400099277496
0.0497290007770061 0.8658409714698792 0.2941449880599976
0.0402339994907379 0.8777260184288024 0.2923189997673035
0.0525689981877803 0.8751389980316163 0.2873620092868805
0.0445370003581047 0.8807510137557984 0.2866179943084717
0.0380050018429756 0.8651279807090760 0.3140940070152283
0.0707480013370513 0.8253690004348755 0.3159089982509613
0.0871020033955574 0.8114600181579590 0.3126179873943329
0.0673120021820068 0.7913150191307068 0.3308570086956024
0.0632470026612281 0.6613979935646057 0.3427430093288422
0.0919649973511695 0.7442780137062072 0.3233819901943207
0.0639180019497871 0.7802140116691589 0.3309859931468964
0.0743110030889511 0.6484699845314026 0.3294830024242401
0.0538100004196167 0.6414129734039306 0.3295019865036011
0.0366909988224506 0.7412149906158447 0.3569700121879578
0.0185889992862939 0.7470399737358093 0.4029699862003327
0.1471170037984848 0.8964250087738036 0.2753930091857910
0.1506929993629456 0.8922960162162780 0.2711530029773712
0.1430409997701645 0.8994219899177551 0.2788589894771576
0.1335870027542114 0.9032359719276429 0.2839129865169525
0.1173719987273216 0.9085410237312317 0.2896409928798676
0.1034120023250580 0.9098929762840271 0.2917819917201996
0.0769229978322982 0.9075829982757568 0.2920979857444763
0.1954360008239746 1.0461640357971190 0.1768980026245117
0.1858299970626831 0.9938319921493531 0.2256280034780502
0.1621440052986145 0.9823589920997619 0.2707079946994781
0.1553010046482086 0.8890129923820495 0.2651289999485016
0.1653079986572266 0.8919389843940735 0.2572489976882935
0.1599559932947159 0.8973119854927063 0.2631990015506744
0.0451829992234706 0.8884180188179016 0.2853350043296814
0.0477650016546249 0.8862230181694031 0.2843610048294068
-0.0001360000023851 0.5741860270500183 0.3441140055656433
-0.0004290000069886 0.5622079968452454 0.3490299880504608
0.0000000000000000 0.5493509769439697 0.3469440042972564
0.0103869996964931 0.5352380275726318 0.3372189998626709
0.0000000000000000 0.5126159787178040 0.3269670009613037
0.0000000000000000 0.4912129938602447 0.3267770111560822
0.0130329998210072 0.4930860102176666 0.3255020081996918
0.0000000000000000 0.4698860049247741 0.3279919922351837
0.0169680006802082 0.4409169852733612 0.3200559914112091
0.0000000000000000 0.4250969886779785 0.3124830126762390
0.0000000000000000 0.4149200022220612 0.3003549873828888
0.0116919996216893 0.4139620065689087 0.2971239984035492
0.0000430000000051 0.4113479852676392 0.2865110039710998
-0.0000140000001920 0.4181030094623565 0.2677319943904877
0.0142339998856186 0.4201790094375610 0.2643049955368042
0.0005339999916031 0.4308429956436157 0.2513189911842346
0.0234270002692937 0.4311229884624481 0.2479790002107620
0.0280980002135038 0.4441939890384674 0.2193150073289871
0.0406080000102520 0.5437409877777100 0.3336319923400879
0.0409660004079341 0.4991669952869415 0.3165119886398316
0.0414859987795353 0.4395219981670380 0.3096379935741425
0.0415700003504753 0.4190649986267090 0.2859970033168793
0.0552709996700286 0.4302369952201843 0.2536599934101105
0.0645179972052574 0.4385769963264465 0.2318100035190582
0.0818459987640380 0.4478240013122559 0.2259609997272492
0.0674270018935203 0.4442220032215119 0.2149599939584732
0.0628169998526573 0.7008799910545349 0.3441660106182099
0.0939019992947578 0.6121249794960022 0.3051910102367401
0.0902649983763694 0.5983909964561463 0.3063189983367920
0.0790639966726303 0.5815449953079223 0.3141750097274780
0.0660960003733634 0.5459830164909363 0.3168840110301971
0.0000540000000910 0.5333899855613709 0.3368929922580719
0.0454609990119934 0.4436030089855194 0.2150440067052841
0.0432620011270046 0.4348669946193695 0.2388579994440079
0.1653050035238266 0.6185259819030762 0.1973370015621185
0.1494050025939941 0.6076790094375611 0.2317789942026138
0.1476749926805496 0.8120290040969848 0.2758710086345673
0.1422249972820282 0.5228509902954102 0.1711409986019134
0.1553010046482086 0.5468559861183167 0.1567240059375763
0.1328029930591583 0.5430179834365844 0.2361509948968887
0.0873809978365898 0.6178190112113952 0.3061499893665314
0.0867640003561973 0.6174769997596741 0.3063890039920807
0.0854300037026405 0.6167089939117431 0.3073180019855500
0.1748560070991516 0.8286780118942260 0.2434449940919876
0.1805399954319000 0.8806800246238708 0.2419410049915314
0.1795240044593811 0.8710460066795350 0.2359939962625504
0.0508389994502067 1.0243029594421390 0.2997629940509796
0.0436739996075630 1.1203420162200930 0.2573769986629486
0.0000000000000000 1.0754619836807250 0.2831430137157440
0.1837169975042343 0.8067190051078797 0.2378389984369278
0.2021480053663254 0.8010669946670532 0.2039809972047806
0.1506049931049347 0.7904779911041260 0.2797980010509491
0.1785240024328232 0.8638839721679688 0.2334399968385696
0.2009229958057404 0.8480679988861084 0.2018810063600540
0.0589409992098808 0.8479710221290588 0.3054279983043670
0.0441909991204738 0.6980379819869996 0.3581120073795318
0.0448819994926452 0.7143959999084472 0.3567450046539307
0.0449870005249977 0.7265849709510803 0.3548240065574646
0.0609499998390674 0.7757549881935119 0.3471969962120056
0.0548570007085800 0.7832620143890381 0.3602379858493805
0.0516679994761943 0.7944620251655579 0.3389329910278320
0.0269080009311437 0.8807830214500428 0.3206239938735962
0.0334930010139942 0.8156129717826843 0.3650499880313873
0.0340720005333423 0.8257920145988465 0.3577609956264496
0.0386420004069805 0.7994999885559082 0.3653039932250977
0.0405049994587898 0.7807670235633850 0.3894490003585816
0.0389820002019405 0.7678319811820984 0.3980140089988708
-0.0002010000025620 0.9827839732170106 0.3162240087985992
0.0297810006886720 0.9846799969673157 0.3160209953784943
0.0519669987261295 0.9859259724617005 0.3149369955062866
0.0628599971532821 0.7659850120544434 0.3468529880046845
0.2089989930391312 1.0206890106201170 0.1596249938011169
0.2128500044345856 1.0434670448303220 0.1370300054550171
0.1992650032043457 1.0702480077743530 0.1548500061035156
0.0254100002348423 0.4472070038318634 0.1990920007228851
0.0471259988844394 0.4470179975032806 0.2010619938373566
0.0028079999610781 0.4456570148468017 0.2226949930191040
0.0033720000647008 0.4466280043125153 0.1990720033645630
0.0859000012278556 0.4523810148239136 0.2110169976949692
0.0692469999194145 0.4481109976768493 0.1997870057821274
0.0880749970674514 0.4568049907684326 0.1965360045433044
0.0707369968295097 0.4504080116748810 0.1870609968900681
0.0474190004169940 0.4473010003566742 0.1875679939985275
0.0254779998213052 0.4463770091533661 0.1883559972047806
-0.0000350000009348 0.4450710117816925 0.1873040050268173
0.1044989973306656 0.4661490023136139 0.2072219997644424
0.1113910004496574 0.4765889942646027 0.1892129927873612
0.0943289995193481 0.4645699858665466 0.1809069961309433
0.0610090009868145 0.5988709926605225 0.3250269889831543
0.0841670036315918 0.4880299866199493 0.2860569953918457
0.0755060017108917 0.4504230022430420 0.2848370075225830
0.0991260036826133 0.4694240093231201 0.2647050023078918
0.0893760025501251 0.4534499943256378 0.2560940086841583
0.0935320034623146 0.4563879966735840 0.2378190010786057
0.0991329997777938 0.4612349867820740 0.2207529991865158
0.1222039982676506 0.4873520135879517 0.1985580027103424
0.1348839998245239 0.5112169981002808 0.1928299963474274
0.1309880018234253 0.5009520053863525 0.1795489937067032
0.1388819962739944 0.5157769918441772 0.1601340025663376
0.1526830047369003 0.5381039977073669 0.1377879977226257
0.1170509979128838 0.4866580069065094 0.1705020070075989
0.1069279983639717 0.4705240130424499 0.2335530072450638
0.2086469978094101 0.9579470157623291 0.1775909960269928
0.1673229932785034 0.8854119777679443 0.2528310120105743
0.2110099941492081 0.8907639980316163 0.1771750003099442
0.2193669974803924 0.9440460205078125 0.1432150006294251
0.2142100036144257 0.9330350160598755 0.1613350063562393
0.2189009934663772 0.9002000093460083 0.1492269933223724
0.2133049964904785 0.9747509956359863 0.1611630022525787
0.2234929949045181 0.9067590236663818 0.1307460069656372
0.2281419932842255 0.9126660227775574 0.1114969998598099
0.2248969972133636 0.9548929929733276 0.1244980022311211
0.2185599952936172 0.9916650056838989 0.1421280056238174
0.2245900034904480 1.0112040042877200 0.1172289997339249
0.2319239974021912 0.9642930030822753 0.1004090011119843
0.2345400005578995 0.9160670042037964 0.0859529972076416
0.2335940003395081 0.8327159881591796 0.1021289974451065
0.2278700023889542 0.8361240029335022 0.1257919967174530
0.2240100055932999 0.8011260032653809 0.1340530067682266
0.2211599946022034 0.8391669988632202 0.1505980044603348
0.2164970040321350 0.8102380037307739 0.1641270071268082
0.2392559945583343 0.8290389776229859 0.0757440030574798
0.2306790053844452 0.7955170273780823 0.1030000001192093
0.2377949953079224 0.8701419830322266 0.0796070024371147
0.2322009950876236 0.8703609704971314 0.1039260029792786
0.1915010064840317 0.8691220283508301 0.2200299948453903
0.1902440041303635 0.8571280241012573 0.2185840010643005
0.2118609994649887 0.8430809974670410 0.1779620051383972
0.2083380073308945 0.8226780295372009 0.1885990053415299
0.2221740037202835 0.8674200177192687 0.1442500054836273
0.2136400043964386 0.8637430071830749 0.1715259999036789
0.2270040065050125 0.8692970275878907 0.1252260059118271
-0.1201959997415543 0.4979229867458344 0.2342790067195892
-0.1069289967417717 0.4705260097980499 0.2335550040006637
-0.1023880019783974 0.4682750105857849 0.2517569959163666
-0.0329269990324974 0.4238420128822326 0.2592050135135651
-0.0142430001869797 0.4201810061931610 0.2643010020256043
-0.0130399996414780 0.4120489954948426 0.2824130058288574
-0.1078289970755577 0.4990490078926086 0.2640810012817383
-0.0992669984698295 0.4698559939861298 0.2650200128555298
-0.0912550017237663 0.4724789857864380 0.2780309915542603
-0.1534730046987533 0.5584110021591187 0.1844639927148819
-0.1438540071249008 0.5327469706535340 0.1886509954929352
-0.1361269950866699 0.5244719982147217 0.2089419960975647
-0.0259179994463920 0.4144130051136017 0.2921189963817596
-0.0117020001634955 0.4139640033245087 0.2971250116825104
-0.0120479995384812 0.4229449927806854 0.3098669946193695
-0.0772230029106140 0.4438819885253907 0.2445330023765564
-0.0552930012345314 0.4302429854869843 0.2536660134792328
-0.0463940016925334 0.4224120080471039 0.2714839875698090
-0.0943029969930648 0.5094739794731140 0.2810679972171783
-0.0841799974441528 0.4881069958209992 0.2860549986362457
-0.0797329992055893 0.5088179707527161 0.2911730110645294
-0.1370059996843338 0.5708680152893066 0.2408909946680069
-0.1328099966049194 0.5430560111999512 0.2361560016870499
-0.1275629997253418 0.5467759966850281 0.2495319992303848
-0.1619369983673096 0.5864369869232178 0.1825329959392548
-0.1428530067205429 0.5468429923057556 0.2110169976949692
-0.0284410007297992 0.4403400123119354 0.3163950145244598
-0.0169699992984533 0.4409089982509613 0.3200510144233704
-0.0143579998984932 0.4710850119590759 0.3264310061931610
-0.0629109963774681 0.4295229911804199 0.2813220024108887
-0.0415449999272823 0.4190540015697479 0.2859599888324738
-0.0391080006957054 0.4238109886646271 0.2991049885749817
-0.0573499985039234 0.4314889907836914 0.2925409972667694
-0.0755959972739219 0.4503970146179199 0.2847209870815277
-0.0833930000662803 0.4485900104045868 0.2718380093574524
-0.1220329999923706 0.5509300231933594 0.2610020041465759
-0.1167400032281876 0.5264049768447876 0.2603740096092224
-0.1097420006990433 0.5271409749984741 0.2698369920253754
-0.0576060004532337 0.4454149901866913 0.3009620010852813
-0.0414899997413158 0.4395230114459992 0.3096350133419037
-0.0407710000872612 0.4686000049114227 0.3176900148391724
-0.1255660057067871 0.5760499835014343 0.2638579905033112
-0.1157530024647713 0.5534269809722900 0.2698979973793030
-0.0782250016927719 0.5374770164489746 0.3010709881782532
-0.0796139985322952 0.5592100024223327 0.3075270056724548
-0.0877199992537498 0.5734350085258484 0.3029960095882416
-0.1124359965324402 0.5910320281982422 0.2833639979362488
-0.1098269969224930 0.5605049729347229 0.2783209979534149
-0.1034950017929077 0.5745429992675781 0.2872850000858307
-0.0275069996714592 0.4949170053005219 0.3223960101604461
-0.0130399996414780 0.4930869936943054 0.3255009949207306
-0.0103820003569126 0.5142520070075988 0.3267660140991211
-0.0523700006306171 0.5018110275268555 0.3094559907913208
-0.0409709997475147 0.4991729855537414 0.3165090084075928
-0.0415839999914169 0.5232629776000977 0.3225579857826233
-0.0553499981760978 0.5340549945831299 0.3204480111598968
-0.0660979971289634 0.5459840297698975 0.3168829977512360
-0.0662809982895851 0.5177800059318543 0.3050369918346405
-0.0870030000805854 0.5896660089492797 0.3080120086669922
-0.0790639966726303 0.5815449953079223 0.3141750097274780
-0.0763889998197555 0.5947759747505188 0.3189969956874847
-0.0983859971165657 0.5869619846343994 0.2960290014743805
-0.0930010005831718 0.5705490112304687 0.2965010106563568
-0.0926299989223480 0.5837799906730652 0.3009299933910370
-0.0257600005716085 0.5384089946746826 0.3358420133590698
-0.0103869996964931 0.5352380275726318 0.3372189998626709
-0.0119759999215602 0.5506920218467713 0.3470259904861450
-0.0963540002703666 0.5939289927482605 0.3000940084457398
-0.0977929979562759 0.6070839762687683 0.3021149933338165
-0.1021049991250038 0.6030449867248535 0.2971670031547546
-0.1067050024867058 0.7972790002822876 0.3067719936370850
-0.0870959982275962 0.8114600181579590 0.3126209974288940
-0.0881280004978180 0.8255620002746582 0.3044939935207367
-0.0517270006239414 0.5533769726753235 0.3315480053424835
-0.0406120009720325 0.5437440276145935 0.3336310088634491
-0.0396669991314411 0.5621569752693176 0.3420029878616333
-0.0510179996490478 0.5678809881210327 0.3364590108394623
-0.0646239966154098 0.5780680179595948 0.3273600041866303
-0.0667209997773170 0.5681970119476318 0.3235020041465759
-0.0842899978160858 0.6040800213813782 0.3123520016670227
-0.0756509974598884 0.5975069999694824 0.3200699985027313
-0.0878800004720687 0.6120929718017578 0.3094080090522766
-0.0923409983515739 0.6047289967536927 0.3059099912643432
-0.0902649983763694 0.5983909964561463 0.3063189983367920
-0.0850469991564750 0.7178040146827698 0.3222729861736298
-0.0962039977312088 0.6874600052833558 0.3154380023479462
-0.0935669988393783 0.6792259812355041 0.3178200125694275
-0.0266040004789829 0.5555989742279053 0.3454500138759613
-0.0123110003769397 0.5639290213584900 0.3504639863967896
-0.0826859995722770 0.6071379780769348 0.3136900067329407
-0.0702669993042945 0.6054059863090515 0.3178080022335053
-0.0906990021467208 0.6177250146865844 0.3062109947204590
-0.0939019992947578 0.6121270060539246 0.3051919937133789
-0.0823509991168975 0.7055839896202088 0.3254539966583252
-0.0891449972987175 0.6737920045852662 0.3209269940853119
-0.1030149981379509 0.8270720243453979 0.2957890033721924
-0.1059790030121803 0.8160169720649719 0.2999840080738068
-0.1592150032520294 0.8137149810791016 0.2654420137405396
-0.1682240068912506 0.8192620277404785 0.2538760006427765
-0.1742279976606369 0.7949730157852173 0.2532359957695007
-0.0263260006904602 0.5676569938659668 0.3485180139541626
-0.0128140002489090 0.5757539868354797 0.3428309857845306
-0.0381419993937015 0.5733280181884765 0.3446719944477082
-0.0517710000276565 0.5779110193252563 0.3377059996128083
-0.0624179989099502 0.5842630267143250 0.3303219974040985
-0.0862580016255378 0.6081089973449708 0.3109839856624604
-0.0855399966239929 0.6129209995269775 0.3098529875278473
-0.0499010011553764 0.8586810231208801 0.3031010031700134
-0.0589369982481002 0.8479710221290588 0.3054290115833283
-0.0587249994277954 0.8376060128211976 0.3164159953594208
-0.1024200022220612 0.8532429933547973 0.2856209874153137
-0.0886470004916191 0.8333849906921386 0.2991949915885925
-0.1242249980568886 0.8256400227546692 0.2855939865112305
-0.1519159972667694 0.8275340199470520 0.2661969959735870
-0.1591359972953796 0.8327050209045411 0.2578260004520416
-0.0372040010988712 0.5847529768943786 0.3373909890651703
-0.0494709983468055 0.5910239815711976 0.3314209878444671
-0.0610090009868145 0.5988709926605225 0.3250269889831543
-0.0884220004081726 0.6169570088386536 0.3065269887447357
-0.0846569985151290 0.6160510182380676 0.3065330088138580
-0.0879120007157325 0.6196079850196838 0.3034240007400513
-0.0726879984140396 0.8354840278625489 0.3068810105323791
-0.0615729987621307 0.8531609773635864 0.2976759970188141
-0.0878399983048439 0.6183339953422546 0.3058240115642548
-0.0786539986729621 0.8599449992179871 0.2886460125446319
-0.0748410001397132 0.8416540026664733 0.3000549972057343
-0.1824319958686828 0.8371809720993042 0.2319010049104691
-0.1881980001926422 0.8474079966545105 0.2234410047531128
-0.1975709944963455 0.8347229957580567 0.2097339928150177
-0.1704130023717880 0.8488519787788392 0.2420970052480698
-0.1755349934101105 0.8569809794425965 0.2361560016870499
-0.2031459957361221 0.8655260205268860 0.1978410035371780
-0.1914969980716705 0.8691220283508301 0.2200369983911514
-0.1908890008926392 0.8825889825820923 0.2264779955148697
-0.0829780027270317 0.6240180134773254 0.3074060082435608
-0.0867680013179779 0.6174769997596741 0.3063879907131195
-0.0854320004582405 0.6167029738426208 0.3073230087757110
-0.0521010011434555 0.7874789834022522 0.3503139913082123
-0.0516709983348846 0.7944560050964356 0.3389309942722321
-0.0584580004215240 0.7774029970169068 0.3319920003414154
-0.0455630011856556 0.7853620052337646 0.3748579919338227
-0.0548570007085800 0.7832639813423156 0.3602370023727417
-0.0609459988772869 0.7705420255661011 0.3629319965839386
-0.1584459990262985 0.8682730197906495 0.2543489933013916
-0.1624740064144134 0.8707370162010193 0.2502470016479492
-0.1973399966955185 0.9041330218315124 0.2163700014352798
-0.1888210028409958 0.8942580223083496 0.2346100062131882
-0.1860689967870712 0.9068809747695923 0.2428099960088730
-0.0669279992580413 0.6338520050048828 0.3208949863910675
-0.0766569972038269 0.6279870271682739 0.3128120005130768
-0.0780820026993751 0.6251410245895386 0.3127180039882660
-0.0412859991192817 0.6790429949760436 0.3583829998970032
-0.0441909991204738 0.6980360150337220 0.3581120073795318
-0.0576290003955364 0.6858630180358886 0.3492510020732879
-0.0648469999432563 0.7399979829788209 0.3322820067405700
-0.0604149997234344 0.7630599737167359 0.3372449874877930
-0.0574279986321926 0.7802309989929199 0.3397020101547241
-0.0274509992450475 0.7825260162353516 0.4115059971809388
-0.0281060002744197 0.7966880202293396 0.3982419967651367
-0.0352750010788440 0.7919520139694214 0.3867770135402680
-0.0342370010912418 0.9087100028991699 0.3020940124988556
-0.0351819992065429 0.8779069781303406 0.3030489981174469
-0.0246050003916025 0.9041270017623901 0.3120279908180237
-0.1762920022010803 0.9012089967727661 0.2551670074462891
-0.1873680055141449 0.9343990087509156 0.2417950034141540
-0.1931169927120209 0.9203799962997436 0.2288890033960342
-0.0329170003533363 0.7716540098190308 0.4066030085086822
-0.0231090001761913 0.7692430019378662 0.4240280091762543
-0.0237760003656148 0.9501550197601318 0.3198800086975098
-0.0351970009505748 0.9412519931793213 0.3173399865627289
-0.1793729960918427 0.9179610013961792 0.2562310099601746
-0.0283959992229938 0.7263529896736145 0.3627839982509613
-0.0324719995260238 0.7090780138969421 0.3633329868316650
-0.0176849998533725 0.7108209729194641 0.3662840127944947
-0.0135139999911189 0.7836380004882812 0.4248239994049072
-0.0156839992851018 0.8018299937248230 0.4125629961490631
-0.0536449998617172 0.9703919887542725 0.3201520144939423
-0.1599490046501160 0.8973199725151062 0.2632069885730743
-0.1544470041990280 0.9045220017433166 0.2696479856967926
-0.1629060059785843 0.9226130247116088 0.2738389968872070
-0.1697819977998733 0.9291189908981324 0.2697370052337646
0.0006380000268109 0.8022789955139160 0.4174529910087585
-0.0131810000166297 0.7278190255165100 0.3651719987392426
-0.0332910008728504 0.6562060117721558 0.3506380021572113
-0.0222379993647337 0.6612529754638671 0.3542770147323608
-0.0293419994413852 0.6735780239105225 0.3606689870357514
-0.0226939991116523 0.6862509846687316 0.3645859956741333
-0.0128769995644688 0.7638130187988282 0.4302609860897064
-0.0113479997962713 0.9148219823837280 0.3206360042095185
-0.0152780003845691 0.9516119956970214 0.3206700086593628
-0.0443090014159679 0.9260519742965699 0.3060649931430817
-0.1482110023498535 0.9108449816703796 0.2746979892253876
-0.1710070073604584 0.9112010002136230 0.2635889947414398
0.0000000000000000 0.9510939717292786 0.3216120004653931
0.0000000000000000 0.7634810209274292 0.4321019947528839
-0.0338790006935596 0.6266859769821167 0.3244099915027619
-0.0229359995573759 0.6220039725303649 0.3238539993762970
-0.0215499997138977 0.6539760231971740 0.3452470004558563
-0.0177020002156496 0.7551710009574890 0.4258759915828705
-0.0403309985995292 0.9702379703521728 0.3196490108966828
-0.0743609964847564 0.9514520168304443 0.3159669935703277
-0.0581029988825321 0.9446960091590881 0.3152050077915192
-0.0635140016674995 0.9717410206794739 0.3188839852809906
-0.0581369996070861 0.9261400103569030 0.3000510036945343
-0.1750209927558899 0.9492629766464233 0.2629280090332031
-0.0333339981734752 0.6838089823722839 0.3618429899215699
-0.0148409996181726 0.7488729953765869 0.3927719891071320
-0.0118920002132654 0.7516229748725891 0.3792850077152252
-0.0110499998554587 0.7482659816741943 0.3766970038414001
-0.0089769996702671 0.7431510090827942 0.4216170012950897
-0.0178479999303817 0.7464849948883057 0.4172329902648926
-0.0150389997288584 0.7438809871673583 0.4049879908561706
-0.0519579984247684 0.9859160184860229 0.3149400055408478
-0.0713199973106384 0.9909399747848511 0.3107450008392334
-0.0798289999365806 0.9730489850044251 0.3158600032329559
-0.0988959968090057 0.9735620021820068 0.3110960125923156
-0.0634749978780746 0.9134709835052490 0.2906880080699921
-0.0718090012669563 0.9364399909973144 0.3027369976043701
-0.1444450020790100 0.9747710227966309 0.2905200123786926
-0.1605429947376251 0.9613459706306458 0.2795700132846832
-0.1569949984550476 0.9457529783248901 0.2837499976158142
-0.0083320001140236 0.7391030192375183 0.3666110038757324
-0.0002030000032391 0.7372739911079407 0.3670240044593811
-0.0166710000485181 0.6730160117149353 0.3620240092277527
-0.0070090000517666 0.7450960278511048 0.3768180012702942
-0.0208349991589784 0.7393190264701843 0.3626900017261505
-0.0121769998222589 0.7459340095520019 0.3926529884338379
-0.0928749963641166 0.9940189719200134 0.3048729896545410
-0.0930209979414939 0.9582309722900390 0.3139089941978454
-0.0510720014572143 0.9064409732818604 0.2902289927005768
-0.0451829992234706 0.8884180188179016 0.2853350043296814
-0.0393210016191005 0.8921719789505005 0.2903110086917877
-0.1393380016088486 0.9160559773445129 0.2792080044746399
-0.1506790071725845 0.9348620176315308 0.2847140133380890
-0.0096439998596906 0.6562650203704835 0.3476110100746155
-0.1222530007362366 0.9750769734382629 0.3026089966297149
-0.1087440028786659 0.9481599926948548 0.3048940002918243
-0.0903230011463165 0.9443150162696838 0.3056800067424774
-0.0745240002870559 0.9211440086364746 0.2913700044155121
-0.1296339929103851 0.9456830024719238 0.2976860105991364
-0.1392949968576431 0.9564340114593505 0.2964909970760346
0.0000000000000000 0.6580520272254944 0.3470860123634339
-0.0895460024476051 0.9252049922943116 0.2908399999141693
-0.1136490032076836 0.9588050246238708 0.3078539967536926
-0.1035889983177185 0.9244769811630249 0.2888630032539368
-0.1425610035657883 1.0891129970550540 0.2250539958477020
-0.1527100056409836 1.1190069913864140 0.1957499980926514
-0.1806190013885498 1.0949209928512570 0.1724449992179871
-0.1230029985308647 1.1362379789352420 0.2106059938669205
-0.0963459983468055 1.1477550268173220 0.2197780013084412
-0.0915149971842765 1.1063389778137210 0.2486850023269653
-0.0653849989175796 1.1147689819335940 0.2543840110301972
-0.0472269989550113 1.1624679565429690 0.2286760061979294
-0.0436550006270408 1.1203500032424930 0.2573780119419098
-0.0227119997143745 1.1260600090026860 0.2583479881286621
-0.0737750008702278 1.0245629549026490 0.2955679893493652
-0.0508229993283748 1.0243049860000610 0.2997640073299408
-0.0463760010898113 1.0722099542617800 0.2802219986915588
-0.0971470028162002 1.0272560119628910 0.2881749868392944
-0.0669850036501884 1.0662690401077270 0.2781490087509155
-0.0889410004019737 1.0652580261230470 0.2716589868068695
-0.1109360009431839 1.0626139640808110 0.2638620138168335
-0.1384609937667847 1.0213700532913210 0.2709969878196716
-0.1192440018057823 1.0261549949646000 0.2802290022373199
-0.1634290069341660 1.0072439908981320 0.2546850144863129
-0.1359850019216537 1.0540280342102050 0.2530730068683624
-0.1997749954462052 0.9794330000877380 0.1996189951896668
-0.1858240067958832 0.9938319921493531 0.2256419956684113
-0.1896090060472488 1.0215189456939700 0.2029269933700562
-0.0683630034327507 0.4898799955844879 0.2975780069828033
-0.0862049981951713 0.5541859865188598 0.2983849942684173
-0.0988660007715225 0.5492839813232422 0.2850059866905212
-0.0092869997024536 0.7536110281944275 0.4287549853324890
-0.0635470002889633 0.7232170104980468 0.3387449979782104
-0.0593819990754127 0.7410770058631898 0.3380700051784515
-0.0480480007827281 0.8505340218544006 0.3149169981479645
-0.0380039997398853 0.8651279807090760 0.3140969872474671
-0.0405040010809898 0.7807689905166627 0.3894490003585816
-0.0402060002088546 0.7902320027351379 0.3774659931659699
-0.0399819985032081 0.7717270255088806 0.3960160017013550
-0.1302340030670166 0.7927719950675964 0.2943640053272247
-0.1328700035810471 0.8507350087165833 0.2745830118656158
-0.1412000060081482 0.8531020283699036 0.2689929902553558
-0.1494050025939941 0.6076790094375611 0.2317789942026138
-0.1468729972839356 0.5717390179634094 0.2174859941005707
-0.1143810003995895 0.4773649871349334 0.2162639945745468
-0.1295839995145798 0.8113080263137818 0.2888650000095368
-0.1280049979686737 0.5199570059776306 0.2323630005121231
-0.1226620003581047 0.5238159894943237 0.2481410056352615
-0.0724089965224266 0.4658980071544647 0.2938970029354095
-0.1723770052194595 1.0696660280227660 0.2021230012178421
-0.1663489937782288 1.0365580320358280 0.2310509979724884
-0.1150309965014458 1.1004519462585450 0.2390529960393906
-0.0451080016791820 0.8119159936904908 0.3452880084514618
-0.0461760014295578 0.8178120255470276 0.3426040112972260
-0.0535739995539188 0.8122839927673340 0.3369759917259216
-0.0396739989519119 0.8129749894142150 0.3535180091857910
-0.0428440012037754 0.8164539933204650 0.3477720022201538
-0.1475169956684113 0.8574830293655396 0.2635850012302399
-0.1646279990673065 0.8418539762496948 0.2497549951076508
-0.1748500019311905 0.8286759853363037 0.2434529960155487
-0.1024969965219498 0.5327349901199341 0.2788279950618744
-0.0168859995901584 0.9100930094718932 0.3196479976177215
-0.0201450008898973 0.8899459838867187 0.3251369893550873
-0.2064090073108673 0.9139159917831421 0.1888130009174347
-0.1930759996175766 0.9535999894142150 0.2246859967708588
-0.2004099935293198 0.9358459711074829 0.2057099938392639
-0.1802520006895065 0.9684200286865234 0.2499469965696335
-0.1419530063867569 0.9911839962005615 0.2851629853248596
-0.1621199995279312 0.9824010133743286 0.2707099914550781
-0.1191169992089272 0.9951760172843933 0.2958509922027588
-0.0242129992693662 1.0745509862899780 0.2823599874973297
-0.0253660008311271 1.1656910181045530 0.2311290055513382
-0.0794999971985817 0.6924650073051452 0.3295390009880066
-0.0838719978928566 0.6676220297813416 0.3241850137710572
-0.0685629993677139 0.6740109920501709 0.3397470116615295
-0.0754979997873306 0.6826289892196655 0.3336029946804047
-0.0386399999260902 0.7995110154151917 0.3652839958667755
-0.0416309982538223 0.7984920144081116 0.3553979992866516
-0.0270780008286237 0.8099139928817748 0.3871670067310333
-0.0181530006229877 0.8154749870300293 0.3992300033569336
-0.0509530007839202 0.6731619834899903 0.3528009951114655
-0.0632470026612281 0.6614000201225281 0.3427430093288422
-0.0606999993324279 0.6540470123291016 0.3428469896316529
-0.0496199987828731 0.6612219810485839 0.3511300086975098
-0.0568590015172958 0.6407679915428161 0.3369219899177551
-0.0443109981715679 0.6450499892234802 0.3379049897193908
-0.0538100004196167 0.6414129734039306 0.3295019865036011
-0.0563100017607212 0.6257609724998474 0.3173890113830566
-0.0402339994907379 0.8777260184288024 0.2923189997673035
-0.0497290007770061 0.8658429980278015 0.2941449880599976
-0.0525609999895095 0.8751369714736938 0.2873649895191193
-0.0269029997289180 0.8807870149612426 0.3206290006637573
-0.0905560031533241 0.8567680120468140 0.2876519858837128
-0.0445320010185241 0.8807529807090760 0.2866210043430328
-0.0673049986362457 0.7913510203361512 0.3308559954166412
-0.0639180019497871 0.7802140116691589 0.3309859931468964
-0.0517099983990192 0.8058890104293823 0.3397749960422516
-0.0391330011188983 0.6673640012741089 0.3567500114440918
-0.0466229990124702 0.6483039855957032 0.3447380065917969
-0.0330020003020763 0.6501749753952027 0.3418380022048950
-0.0450089983642101 0.6270409822463990 0.3222340047359466
-0.0919649973511695 0.7442780137062072 0.3233819901943207
-0.0887349992990493 0.7264959812164307 0.3222930133342743
-0.0780180022120475 0.6602360010147095 0.3284249901771546
-0.0741090029478073 0.6400790214538574 0.3273009955883026
-0.0677129998803138 0.6320919990539551 0.3248310089111328
-0.0666899979114532 0.6245329976081848 0.3135510087013245
-0.0662430003285408 0.8666930198669434 0.2884509861469268
-0.0075969998724758 0.7400130033493042 0.4075810015201569
-0.0185899995267391 0.7470399737358093 0.4029709994792938
-0.1506929993629456 0.8922960162162780 0.2711530029773712
-0.1430409997701645 0.8994219899177551 0.2788589894771576
-0.1185360029339790 0.9248700141906738 0.2856689989566803
-0.1335870027542114 0.9032359719276429 0.2839129865169525
-0.1173719987273216 0.9085410237312317 0.2896409928798676
-0.1034139990806580 0.9098929762840271 0.2917819917201996
-0.0889870002865791 0.9100040197372436 0.2924660146236420
-0.0769089981913566 0.9074940085411072 0.2921090126037597
-0.0672670006752014 0.8990120291709900 0.2909530103206634
-0.1992599964141846 1.0702480077743530 0.1548620015382767
-0.1954240053892136 1.0462019443511960 0.1769019961357117
-0.1553010046482086 0.8890129923820495 0.2651289999485016
-0.1653079986572266 0.8919389843940735 0.2572480142116547
-0.0470830015838146 0.9113579988479615 0.2946380078792572
0.0000000000000000 0.4404630064964294 0.3217839896678925
-0.0234329998493194 0.4311279952526093 0.2479719966650009
-0.0281119998544454 0.4441919922828675 0.2193139940500260
-0.0432740002870559 0.4348669946193695 0.2388560026884079
-0.0253720004111528 0.5796700119972229 0.3410429954528808
-0.0251690000295639 0.5160999894142151 0.3250640034675598
-0.0303969997912645 0.4723230004310608 0.3223850131034851
-0.0242359992116689 0.4221920073032379 0.3056539893150330
-0.0272829998284578 0.4154199957847596 0.2769800126552582
-0.0645290017127990 0.4385789930820465 0.2318080067634582
-0.0818530023097991 0.4478270113468170 0.2259619981050491
-0.0859090015292167 0.4523850083351135 0.2110189944505692
-0.0674370005726814 0.4442209899425507 0.2149640023708343
-0.0628169998526573 0.7008799910545349 0.3441660106182099
-0.0454760007560253 0.4436010122299194 0.2150470018386841
-0.1653050035238266 0.6185250282287598 0.1973370015621185
-0.1476719975471497 0.8120309710502624 0.2758739888668060
-0.1553000062704086 0.5468580126762390 0.1567309945821762
-0.1056699976325035 0.5982379913330079 0.2921009957790375
-0.0873820036649703 0.6178169846534729 0.3061519861221313
-0.1919119954109192 0.8209589719772339 0.2221100032329559
-0.1837150007486343 0.8067610263824463 0.2378329932689667
-0.1535370051860809 0.8647159934043885 0.2591849863529205
-0.1795230060815811 0.8710460066795350 0.2359939962625504
-0.1805399954319000 0.8806800246238708 0.2419400066137314
-0.1667480021715164 0.8788149952888489 0.2500160038471222
-0.1673229932785034 0.8854119777679443 0.2528310120105743
-0.1592189967632294 0.8825629949569702 0.2577809989452362
-0.0269949994981288 1.0246410369873050 0.3022170066833496
-0.0694160014390945 1.1568410396575930 0.2260680049657822
-0.1632490009069443 0.7895029783248901 0.2678590118885040
-0.1506019979715347 0.7904739975929261 0.2798010110855102
-0.1429760009050369 0.8260059952735901 0.2737340033054352
-0.0508500002324581 0.7725219726562500 0.3804560005664826
-0.0632539987564086 0.7586629986763000 0.3605900108814239
-0.1657350063323975 0.8742100000381469 0.2486969977617264
-0.1785240024328232 0.8638839721679688 0.2334399968385696
-0.1902379989624023 0.8571280241012573 0.2185910046100616
-0.2009190022945404 0.8480659723281860 0.2018900066614151
-0.0707399994134902 0.8253729939460754 0.3159140050411224
-0.0448819994926452 0.7143959999084472 0.3567450046539307
-0.0449870005249977 0.7265849709510803 0.3548240065574646
-0.0628599971532821 0.7659850120544434 0.3468529880046845
-0.0609509982168674 0.7757549881935119 0.3471980094909668
-0.0450709983706474 0.7906550168991089 0.3647939860820771
-0.0334820002317428 0.8156110048294067 0.3650810122489929
-0.0257779993116855 0.8234519958496093 0.3778100013732910
-0.0248889997601509 0.8337079882621765 0.3708899915218353
-0.0343240015208721 0.7822210192680358 0.3987660109996796
-0.0297609996050596 0.9846900105476379 0.3160189986228943
-0.0624140016734600 0.7560840249061585 0.3493700027465820
-0.2089910060167313 1.0207229852676390 0.1596290022134781
-0.2043479979038238 0.9999030232429504 0.1784940063953400
-0.1668660044670105 0.5742629766464234 0.1489329934120178
-0.1763350069522858 0.5890290141105652 0.1109130010008812
-0.1657969951629639 0.5625249743461609 0.1224619969725609
-0.0254270005971193 0.4472070038318634 0.1990939974784851
-0.0692680031061172 0.4481129944324493 0.1997900009155273
-0.0471369996666908 0.4470170140266419 0.2010650038719177
-0.0880850031971931 0.4568110108375549 0.1965370029211044
-0.0943389981985092 0.4645780026912689 0.1809030026197434
-0.0707499980926513 0.4504120051860810 0.1870560050010681
-0.0474289990961551 0.4473010003566742 0.1875649988651276
-0.0254980009049177 0.4463779926300049 0.1883579939603805
-0.1045050024986267 0.4661540091037750 0.2072259932756424
-0.1114000007510185 0.4765970110893249 0.1892150044441223
-0.1170570030808449 0.4866639971733093 0.1705030053853989
-0.0894059985876083 0.4534780085086822 0.2560519874095917
-0.0935499966144561 0.4564059972763062 0.2378289997577667
-0.0991500020027160 0.4612500071525574 0.2207600027322769
-0.1222070008516312 0.4873580038547516 0.1985599994659424
-0.1280830055475235 0.5013769865036011 0.2109690010547638
-0.1309890002012253 0.5009539723396301 0.1795459985733032
-0.1348849982023239 0.5112199783325196 0.1928340047597885
-0.1388860046863556 0.5157809853553772 0.1601350009441376
-0.1422259956598282 0.5228539705276489 0.1711450070142746
-0.1592829972505570 0.8858410120010376 0.2594369947910309
-0.1792819947004318 0.8918229937553405 0.2482810020446777
-0.2008479982614517 0.8864139914512635 0.2051009982824325
-0.2133010029792786 0.9747849702835084 0.1611679941415787
-0.2086420059204101 0.9579889774322510 0.1775979995727539
-0.2142069935798645 0.9330350160598755 0.1613450050354004
-0.2193640023469925 0.9440460205078125 0.1432249993085861
-0.2234880030155182 0.9068030118942260 0.1307519972324371
-0.2188979983329773 0.9002000093460083 0.1492359936237335
-0.2185570001602173 0.9916650056838989 0.1421380043029785
-0.2248940020799637 0.9548950195312500 0.1245070025324821
-0.2128459960222244 1.0434670448303220 0.1370410025119781
-0.2245839983224869 1.0112440586090090 0.1172330006957054
-0.2319220006465912 0.9643340110778808 0.1004180014133453
-0.2110069990158081 0.8907639980316163 0.1771849989891052
-0.2281399965286255 0.9126660227775574 0.1115060001611710
-0.2335940003395081 0.8327599763870239 0.1021360009908676
-0.2306839972734451 0.7955650091171265 0.1030070036649704
-0.2240149974822998 0.8011739850044251 0.1340519934892654
-0.2278680056333542 0.8361260294914245 0.1258009970188141
-0.2164939939975739 0.8102380037307739 0.1641380041837692
-0.2392539978027344 0.8290370106697083 0.0757530033588409
-0.2363380044698715 0.7898539900779724 0.0743260011076927
-0.2321979999542236 0.8703609704971314 0.1039360016584396
-0.2377920001745224 0.8701819777488709 0.0796160027384758
-0.2345380038022995 0.9160670042037964 0.0859619975090026
-0.2136359959840774 0.8637409806251526 0.1715359985828400
-0.2118590027093887 0.8431090116500855 0.1779640018939972
-0.2083279937505722 0.8226780295372009 0.1886260062456131
-0.2211569994688034 0.8391690254211425 0.1506090015172958
-0.2221689969301224 0.8674600124359131 0.1442580074071884
-0.2270019948482513 0.8692970275878907 0.1252350062131882
0.1668660044670105 0.5742589831352234 0.1489280015230179
0.1785359978675842 0.6100059747695923 0.1423850059509277
0.1763339936733246 0.5890269875526428 0.1109049990773201
0.1854809969663620 0.6193850040435791 0.0970399975776672
0.1785819977521896 0.6352959871292114 0.1680250018835068
0.1869740039110184 0.6548020243644714 0.1503659933805466
0.1934279948472977 0.6516339778900146 0.0894040018320083
0.1904959976673126 0.6506630182266235 0.1258350014686584
-0.1785359978675842 0.6100059747695923 0.1423839926719666
-0.1785819977521896 0.6352940201759338 0.1680250018835068
-0.1854819953441620 0.6193829774856567 0.0970520004630088
-0.1869740039110184 0.6548020243644714 0.1503659933805466
-0.1905059963464737 0.6506900191307068 0.1258019953966141
0.0672919973731040 0.8990210294723511 0.2909530103206634
0.0580689981579780 0.9447209835052490 0.3152300119400024
-0.0242640003561973 0.9685099720954895 0.3198750019073486
-0.0559419989585876 0.8931369781494140 0.2874270081520081
-0.1005709990859032 0.8711299896240234 0.2880119979381561
-0.0897480025887489 0.8734419941902161 0.2889060080051422
-0.0879639983177185 0.8787710070610047 0.2815659940242767
-0.1143900007009506 0.8701170086860657 0.2846080064773560
-0.0984200015664100 0.8752589821815491 0.2833760082721710
-0.1429720073938370 0.8733369708061219 0.2715040147304535
-0.1364250034093857 0.8716949820518493 0.2758859992027283
-0.1349810063838959 0.8745729923248291 0.2740249931812286
-0.0782499983906745 0.8765770196914673 0.2879559993743897
-0.0676520019769668 0.8813419938087464 0.2851710021495819
-0.0678320005536079 0.8827819824218749 0.2838220000267029
-0.0557480007410049 0.8818259835243226 0.2852100133895874
-0.0484660007059574 0.8816810250282287 0.2854520082473755
-0.0494479984045028 0.8832129836082459 0.2844809889793396
-0.1380220055580139 0.8978440165519715 0.2742370069026947
-0.1471170037984848 0.8964269757270813 0.2753930091857910
-0.0775000005960464 0.9000049829483032 0.2844569981098175
-0.0688619986176490 0.8961030244827270 0.2852689921855926
-0.0886809974908828 0.9030650258064270 0.2804180085659027
-0.1303630024194717 0.9012069702148438 0.2768290042877197
-0.1018100008368492 0.9050059914588928 0.2797670066356659
-0.1156549975275993 0.9045659899711608 0.2793799936771393
-0.1279679983854294 0.8709560036659241 0.2796649932861328
-0.1270570009946823 0.8737490177154541 0.2768299877643585
-0.0777420029044151 0.8808590173721313 0.2846029996871948
-0.0477650016546249 0.8862230181694031 0.2843610048294068
-0.0482160001993179 0.8848739862442016 0.2838729918003082
-0.0545220002532005 0.8833069801330566 0.2838949859142303
-0.1178760007023811 0.8525410294532776 0.2819080054759979
-0.1472039967775345 0.8760949969291686 0.2669030129909516
-0.1408479958772659 0.8756579756736755 0.2706649899482727
-0.1524199992418289 0.8771399855613709 0.2627730071544647
-0.1127289980649948 0.8729739785194397 0.2817479968070984
-0.1470790058374405 0.8916280269622803 0.2699159979820252
-0.1434909999370575 0.8941919803619384 0.2710439860820770
-0.0539660006761550 0.8900110125541687 0.2853800058364868
-0.1457380056381226 0.8776779770851135 0.2663869857788086
0.1017979979515076 0.9050080180168152 0.2797780036926269
0.0886870026588439 0.9030780196189880 0.2804600000381470
0.0879639983177185 0.8787710070610047 0.2815650105476380
0.1156549975275993 0.9045680165290833 0.2793830037117004
0.0984209999442100 0.8752589821815491 0.2833729982376099
0.1434909999370575 0.8941919803619384 0.2710430026054382
0.1380220055580139 0.8978440165519715 0.2742370069026947
0.1349930018186569 0.8745560050010682 0.2740350067615509
0.0774860009551048 0.9000020027160645 0.2844659984111786
0.0688619986176490 0.8960800170898437 0.2851879894733429
0.0678310021758079 0.8827819824218749 0.2838230133056641
0.0539649985730648 0.8900110125541687 0.2853800058364868
0.0482160001993179 0.8848739862442016 0.2838729918003082
0.0494479984045028 0.8832150101661682 0.2844800055027008
0.1303640007972717 0.9012069702148438 0.2768299877643585
0.0889559984207153 0.9101330041885376 0.2924459874629974
0.1270540058612824 0.8737490177154541 0.2768340110778809
0.0777570009231567 0.8808270096778870 0.2846319973468780
0.0484660007059574 0.8816810250282287 0.2854520082473755
0.0545220002532005 0.8833069801330566 0.2838949859142303
0.0557480007410049 0.8818259835243226 0.2852100133895874
0.0676520019769668 0.8813419938087464 0.2851710021495819
0.0897559970617294 0.8734419941902161 0.2889069914817810
0.1005709990859032 0.8711299896240234 0.2880119979381561
0.1143900007009506 0.8701170086860657 0.2846080064773560
0.1364250034093857 0.8716949820518493 0.2758859992027283
0.1279679983854294 0.8709560036659241 0.2796649932861328
0.1429720073938370 0.8733369708061219 0.2715040147304535
0.1472039967775345 0.8760929703712463 0.2669030129909516
0.1470790058374405 0.8916280269622803 0.2699159979820252
0.1408479958772659 0.8756579756736755 0.2706649899482727
0.0559360012412071 0.8931390047073364 0.2874259948730469
0.1127279996871948 0.8729739785194397 0.2817470133304596
0.1520600020885468 0.8877180218696594 0.2656710147857666
0.0782639980316162 0.8765720129013061 0.2879579961299896
0.1457380056381226 0.8776779770851135 0.2663869857788086
0.1667480021715164 0.8788130283355713 0.2500160038471222
0.1657350063323975 0.8742079734802246 0.2486969977617264
0.1624740064144134 0.8707370162010193 0.2502470016479492
0.1563300043344498 0.8780000209808349 0.2589060068130493
0.1524209976196289 0.8771380186080933 0.2627730071544647
0.1579629927873612 0.8802620172500611 0.2576319873332977
0.1518789976835251 0.8781639933586121 0.2620219886302948
0.1559640020132065 0.8795760273933411 0.2581230103969574
0.1592829972505570 0.8858410120010376 0.2594380080699921
0.1555500030517578 0.8849490284919739 0.2613539993762970
0.1592189967632294 0.8825629949569702 0.2577809989452362
0.1576589941978455 0.8825110197067260 0.2584489881992340
0.1578499972820282 0.8818089962005615 0.2580609917640686
-0.1579629927873612 0.8802620172500611 0.2576319873332977
-0.1578499972820282 0.8818089962005615 0.2580609917640686
-0.1576589941978455 0.8825110197067260 0.2584500014781952
-0.1563300043344498 0.8780019879341125 0.2589069902896881
-0.1518789976835251 0.8781639933586121 0.2620219886302948
-0.1559669971466064 0.8795740008354188 0.2581239938735962
-0.1520600020885468 0.8877180218696594 0.2656710147857666
-0.1555500030517578 0.8849490284919739 0.2613539993762970
0.0591920018196106 0.7489050030708314 0.3560020029544830
0.0556039996445179 0.7421510219573975 0.3458440005779267
0.0203530006110668 0.7544729709625244 0.3900370001792908
0.0118920002132654 0.7516250014305115 0.3792850077152252
0.0297240000218153 0.7630839943885804 0.3735620081424713
-0.0220120009034872 0.7483919858932495 0.3616980016231537
-0.0280009992420673 0.7608810067176819 0.4145950078964234
-0.0526469983160495 0.7642899751663208 0.3810310065746307
-0.0389829985797405 0.7678319811820984 0.3980120122432708
-0.0245290007442235 0.7517129778861999 0.4117560088634491
-0.0203549992293119 0.7544749975204467 0.3900370001792908
-0.0523050017654895 0.7375509738922120 0.3480789959430694
-0.0556039996445179 0.7421529889106751 0.3458440005779267
-0.0583649985492229 0.7477130293846130 0.3543249964714051
-0.0564690008759498 0.7482320070266724 0.3636290132999420
-0.0472249984741210 0.7528970241546630 0.3805089890956879
-0.0370410010218620 0.7589380145072937 0.3974249958992004
-0.0366909988224506 0.7412149906158447 0.3569700121879578
-0.0297240000218153 0.7630839943885804 0.3735620081424713
-0.0591939985752105 0.7489089965820312 0.3560009896755219
-0.0845109969377517 0.6207939982414245 0.3084050118923187
-0.0849959999322891 0.6166530251502991 0.3068819940090179
-0.0794010013341903 0.6127679944038391 0.3111509978771210
-0.0146279996261000 0.6188600063323974 0.3247840106487274
-0.0095889996737241 0.6631979942321778 0.3567709922790527
-0.0861340016126632 0.6205120086669921 0.3056110143661499
-0.1048389971256256 0.6945649981498719 0.3108359873294830
-0.0345310010015964 0.8026869893074035 0.3743979930877686
-0.0174509994685649 0.8294489979743958 0.3885349929332733
-0.0003229999856557 0.8314269781112671 0.3955619931221008
0.0174460001289844 0.8294720053672791 0.3885219991207123
0.0396750010550022 0.8129900097846985 0.3535119891166687
0.0887349992990493 0.7264959812164307 0.3222930133342743
0.1048389971256256 0.6945649981498719 0.3108359873294830
0.1098269969224930 0.5605049729347229 0.2783209979534149
0.1024739965796471 0.5326550006866455 0.2788310050964356
0.0724039971828460 0.4656879901885987 0.2938899993896484
-0.1010529994964600 0.5017189979553222 0.2736139893531799
-0.1196350008249283 0.5819680094718932 0.2730019986629486
0.0002269999968120 0.8404139876365661 0.3883830010890961
-0.0137269999831914 0.8404539823532105 0.3834410011768341
0.1220329999923706 0.5509300231933594 0.2610029876232147
-0.0691109970211982 0.4354149997234344 0.2661840021610260
-0.1144319996237755 0.4988569915294647 0.2519280016422272
-0.1313190013170242 0.5731679797172547 0.2536329925060272
0.1106640025973320 0.7031059861183167 0.3092989921569824
0.1402460038661957 0.6078240275382995 0.2488960027694702
-0.1780270040035248 0.7670440077781677 0.2482270002365112
-0.1632090061903000 0.7598000168800355 0.2680869996547699
-0.2158980071544647 0.7689380049705505 0.1466249972581863
-0.2021510004997253 0.8011130094528198 0.2039770036935806
-0.1918980032205582 0.7790910005569458 0.2252919971942902
-0.2095980048179627 0.7799299955368042 0.1807859987020492
0.1632090061903000 0.7598000168800355 0.2680869996547699
0.1919019967317581 0.7790870070457458 0.2252849936485291
0.1780270040035248 0.7670440077781677 0.2482270002365112
0.2096009999513626 0.7799320220947265 0.1807769984006882
0.2158879935741425 0.7688940167427063 0.1466239988803864
0.2363429963588715 0.7898539900779724 0.0743049979209899
0.2222660034894943 0.7608759999275208 0.1098740026354790
-0.1129510030150414 0.7741429805755615 0.3083930015563965
-0.0868949964642524 0.8013439774513244 0.3162780106067658
-0.1507010012865067 0.7594050168991089 0.2818349897861481
-0.1384270042181015 0.7618960142135620 0.2930139899253845
-0.0506669990718364 0.8365060091018676 0.3261789977550507
-0.0584690012037754 0.8283119797706604 0.3240219950675964
-0.0563860014081001 0.8227019906044006 0.3299219906330109
-0.0314109995961189 0.8616729974746705 0.3329730033874512
-0.0411260016262531 0.8498290181159973 0.3267219960689545
-0.0429520010948181 0.8364639878273010 0.3362010121345520
-0.0123239997774362 0.8771340250968933 0.3515120148658753
-0.0130810001865029 0.8950840234756470 0.3310950100421905
-0.0504020005464553 0.8257330060005188 0.3344820141792298
-0.0218599997460842 0.8690699934959411 0.3462969958782196
-0.0329630002379417 0.8479800224304200 0.3426980078220367
-0.0486579984426498 0.8206080198287964 0.3386229872703552
-0.0553449988365173 0.8173450231552124 0.3331679999828339
-0.0443539991974830 0.8257330060005188 0.3416349887847900
-0.0340670011937618 0.8257939815521240 0.3577690124511719
-0.0337370000779628 0.8368170261383057 0.3507100045681000
-0.0699779987335205 0.8174419999122620 0.3211680054664612
-0.0690940022468566 0.8085579872131347 0.3253889977931976
-0.0926899984478950 0.7623270153999328 0.3220039904117584
-0.0685959979891777 0.7994650006294250 0.3284429907798767
-0.0894140005111694 0.7835710048675537 0.3200640082359314
-0.0240630004554986 0.8448010087013244 0.3628570139408111
-0.0232800003141164 0.8562129735946655 0.3544049859046936
0.0868979990482330 0.8013420104980468 0.3162769973278045
0.0926899984478950 0.7623270153999328 0.3220039904117584
0.1384270042181015 0.7618960142135620 0.2930139899253845
0.1507010012865067 0.7594029903411866 0.2818349897861481
0.1129549965262413 0.7741410136222839 0.3083919882774353
0.0443879999220371 0.8257619738578797 0.3415780067443848
0.0314190015196800 0.8616709709167480 0.3329559862613678
0.0337550006806850 0.8368260264396667 0.3506700098514557
0.0429649986326694 0.8364390134811401 0.3362030088901520
0.0218599997460842 0.8690760135650634 0.3462919890880585
0.0240749996155500 0.8448010087013244 0.3628309965133667
0.0329810008406639 0.8479560017585755 0.3426879942417145
-0.0007529999711550 0.8802070021629334 0.3529140055179596
0.0123309995979070 0.8771340250968933 0.3515070080757141
0.0124690001830458 0.8510879874229431 0.3755300045013428
-0.0123209999874234 0.8638529777526856 0.3646610081195831
0.0005980000132694 0.8660699725151062 0.3672469854354858
0.0004210000042803 0.8533949851989746 0.3779489994049072
0.0232779998332262 0.8561969995498657 0.3544239997863770
0.0123140001669526 0.8638420104980468 0.3646759986877441
-0.0125050004571676 0.8510890007019043 0.3755039870738983
0.0554810017347335 0.8173810243606568 0.3330200016498566
0.0487219989299774 0.8206580281257629 0.3385309875011444
0.0411290004849433 0.8498209714889526 0.3267250061035156
0.0506779998540878 0.8364279866218566 0.3262209892272949
0.0699400007724762 0.8174510002136230 0.3211930096149444
0.0584199987351894 0.8282740116119384 0.3240990042686463
0.0685959979891777 0.7994750142097473 0.3284409940242767
0.0894170030951499 0.7835670113563538 0.3200629949569702
0.0690250024199485 0.8085920214653015 0.3254280090332031
0.0564110018312931 0.8227099776268005 0.3298940062522888
0.0504139997065067 0.8257240056991578 0.3344750106334686
-0.2222640067338943 0.7608799934387206 0.1098859980702400
0.1157839968800545 0.7186509966850281 0.3071900010108948
0.1174170002341271 0.7455289959907532 0.3073840141296387
0.1328369975090027 0.6074330210685731 0.2613790035247803
0.1438499987125397 0.7231240272521972 0.2796530127525330
0.1324480026960373 0.7270969748497009 0.2928990125656128
0.1268980056047440 0.6071590185165405 0.2705540060997009
0.1189320012927055 0.6096360087394715 0.2815830111503601
0.1404940038919449 0.6495320200920105 0.2604449987411499
0.1305090039968491 0.6463429927825928 0.2742469906806946
0.1270499974489212 0.6886619925498962 0.2894929945468902
0.1413139998912811 0.6905919909477234 0.2714470028877258
0.1178240031003952 0.6707969903945923 0.2953400015830994
0.1235219985246658 0.6384279727935791 0.2823219895362854
-0.1106640025973320 0.7031099796295165 0.3092989921569824
-0.1651500016450882 0.6522480249404908 0.2151300013065338
-0.1802960038185120 0.6642270088195800 0.1818359941244125
-0.1174170002341271 0.7455289959907532 0.3073840141296387
-0.1438499987125397 0.7231240272521972 0.2796530127525330
-0.1324470043182373 0.7270950078964233 0.2928990125656128
-0.1157839968800545 0.7186530232429504 0.3071900010108948
-0.1268970072269440 0.6071609854698181 0.2705549895763397
-0.1402460038661957 0.6078240275382995 0.2488960027694702
-0.1328379958868027 0.6074330210685731 0.2613790035247803
-0.1505029946565628 0.6489560008049011 0.2429520040750504
-0.1537200063467026 0.6931669712066651 0.2527210116386413
-0.1404950022697449 0.6495320200920105 0.2604449987411499
-0.1413139998912811 0.6905919909477234 0.2714470028877258
-0.1584320068359375 0.7273179888725281 0.2616879940032959
-0.1270499974489212 0.6886619925498962 0.2894929945468902
-0.1111560016870499 0.6605799794197083 0.3006330132484436
-0.1163579970598221 0.6318150162696838 0.2902149856090546
-0.1178240031003952 0.6707969903945923 0.2953400015830994
-0.1305080056190491 0.6463429927825928 0.2742489874362946
-0.1235219985246658 0.6384279727935791 0.2823219895362854
-0.1189320012927055 0.6096379756927491 0.2815839946269989
-0.1973260045051575 0.6787949800491333 0.1204760000109672
-0.2033910006284714 0.6844750046730042 0.0822999998927116
-0.1934289932250977 0.6516360044479370 0.0894180014729499
-0.2040890008211136 0.7041170001029969 0.1193199977278709
-0.2290710061788559 0.7543740272521972 0.0749339982867241
-0.2194609940052032 0.7277950048446655 0.0784830003976821
-0.1692350059747696 0.6944810152053833 0.2248830050230026
-0.2044250071048737 0.7348999977111817 0.1582189947366715
-0.1966499984264374 0.7036569714546204 0.1547269970178604
-0.1841470003128052 0.7000480294227601 0.1935199946165085
-0.1915120035409927 0.6774619817733765 0.1509169936180115
-0.1755470037460327 0.7323759794235229 0.2355999946594238
-0.1940830051898956 0.7447509765625000 0.2026720046997070
-0.2118649929761887 0.7303490042686463 0.1184870004653931
-0.2118310034275055 0.7076969742774963 0.0804150030016899
0.2044270038604736 0.7348999977111817 0.1582109928131103
0.1940830051898956 0.7447509765625000 0.2026720046997070
0.2118680030107498 0.7303370237350464 0.1184559985995293
0.1973260045051575 0.6787949800491333 0.1204760000109672
0.1802970021963119 0.6642270088195800 0.1818359941244125
0.1841470003128052 0.7000480294227601 0.1935199946165085
0.1966499984264374 0.7036569714546204 0.1547269970178604
0.2033949941396713 0.6844900250434875 0.0823080018162727
0.2194599956274033 0.7277889847755432 0.0784780010581016
0.2290730029344559 0.7543720006942749 0.0749259963631630
0.2040950059890747 0.7040820121765137 0.1192289963364601
0.1651500016450882 0.6522480249404908 0.2151309996843338
0.1505029946565628 0.6489539742469788 0.2429520040750504
0.1584320068359375 0.7273179888725281 0.2616879940032959
0.1755470037460327 0.7323740124702454 0.2355999946594238
0.1537200063467026 0.6931669712066651 0.2527210116386413
0.1692350059747696 0.6944810152053833 0.2248830050230026
0.1915120035409927 0.6774619817733765 0.1509169936180115
0.2118189930915833 0.7076659798622131 0.0804179981350898
0.1106820032000542 0.6140459775924682 0.2920030057430268
0.1063620001077652 0.6173149943351745 0.2973740100860596
0.1111560016870499 0.6605780124664307 0.3006330132484436
0.1163550019264221 0.6318110227584838 0.2902159988880157
-0.0871689990162849 0.6539480090141297 0.3182980120182037
-0.0930079966783523 0.6566159725189210 0.3149090111255645
-0.0966859981417655 0.6380839943885804 0.3092710077762604
-0.0840310007333755 0.6480079889297485 0.3195129930973053
-0.0806040018796920 0.6381859779357910 0.3200640082359314
-0.1008609980344772 0.6214349865913391 0.3032850027084351
-0.0881410017609596 0.6191179752349853 0.3066399991512299
-0.1106820032000542 0.6140480041503907 0.2920039892196655
-0.1003559976816177 0.6374949812889100 0.3069849908351898
-0.0966190025210380 0.6577630043029786 0.3127099871635437
-0.0987230017781257 0.6614440083503724 0.3119109869003296
-0.1063620001077652 0.6173149943351745 0.2973740100860596
-0.1072029992938042 0.6353589892387391 0.3012489974498749
-0.0969490036368370 0.6214680075645446 0.3053439855575562
-0.0914350003004074 0.6375499963760376 0.3119609951972961
0.0969490036368370 0.6214680075645446 0.3053439855575562
0.0919710025191307 0.6207389831542968 0.3067860007286072
0.0883930027484893 0.6201149821281434 0.3073650002479553
0.1008609980344772 0.6214349865913391 0.3032850027084351
0.0966859981417655 0.6380839943885804 0.3092710077762604
0.0930079966783523 0.6566159725189210 0.3149090111255645
0.1003549993038178 0.6374949812889100 0.3069849908351898
0.0966190025210380 0.6577630043029786 0.3127099871635437
0.0977929979562759 0.6070839762687683 0.3021149933338165
0.1072029992938042 0.6353589892387391 0.3012489974498749
0.0987230017781257 0.6614440083503724 0.3119120001792908
0.0962039977312088 0.6874600052833558 0.3154380023479462
0.0871699973940849 0.6539459824562072 0.3182980120182037
0.0914340019226074 0.6375499963760376 0.3119609951972961
0.1534730046987533 0.5584070086479187 0.1844599992036820
0.0829780027270317 0.6240159869194031 0.3074060082435608
-0.1526840031147003 0.5381079912185669 0.1377940028905868
-0.0903950035572052 0.5286279916763306 0.2873359918594360
-0.0766030028462410 0.6263750195503235 0.3156569898128509
-0.0848850011825561 0.6286330223083496 0.3138569891452789
-0.0834520012140274 0.6228290200233459 0.3117899894714355
-0.0809269994497299 0.6319540143013001 0.3184939920902252
-0.0832810029387474 0.6217989921569824 0.3098100125789642
-0.0743110030889511 0.6484699845314026 0.3294830024242401
-0.0919710025191307 0.6207389831542968 0.3067860007286072
-0.0883940011262893 0.6201270222663880 0.3073740005493164
-0.0890349969267845 0.6347640156745911 0.3126769959926605
0.0831300020217895 0.6231120228767395 0.3121969997882843
0.0809269994497299 0.6319519877433777 0.3184939920902252
0.0881149992346763 0.6191620230674743 0.3066819906234741
0.0860960036516189 0.6205790042877197 0.3056280016899109
0.0832810029387474 0.6217989921569824 0.3098100125789642
0.0890469998121261 0.6347770094871521 0.3126730024814605
0.0806040018796920 0.6381859779357910 0.3200640082359314
0.0848850011825561 0.6286330223083496 0.3138569891452789
0.0840310007333755 0.6480079889297485 0.3195129930973053
0.0796139985322952 0.5592100024223327 0.3075270056724548
0.1527110040187836 1.1190110445022580 0.1957460045814514
-0.0554080009460449 0.4705060124397278 0.3086870014667511
-0.0058760000392794 0.7426490187644959 0.3934710025787354
0.1657949984073639 0.5625209808349610 0.1224609985947609
