-0.1329170018434524 0.8524699807167053 0.2821420133113861
-0.1184070035815239 0.8573319911956787 0.2903789877891540
-0.1360259950160980 0.8543679714202881 0.2898109853267670
-0.1203410029411316 0.8589860200881958 0.2986319959163666
-0.1391340047121048 0.8562700152397156 0.2974810004234314
-0.1203410029411316 0.8589860200881958 0.2986319959163666
-0.1222750023007393 0.8606410026550292 0.3068819940090179
-0.1360259950160980 0.8543679714202881 0.2898109853267670
-0.1360259950160980 0.8543679714202881 0.2898109853267670
-0.1541199982166290 0.8493750095367432 0.2853890061378479
-0.1497280001640320 0.8471360206604004 0.2787689864635468
-0.1391340047121048 0.8562700152397156 0.2974810004234314
-0.1329170018434524 0.8524699807167053 0.2821420133113861
-0.1497280001640320 0.8471360206604004 0.2787689864635468
-0.1453319936990738 0.8448939919471740 0.2721529901027679
-0.1360259950160980 0.8543679714202881 0.2898109853267670
-0.1039299964904785 0.8612520098686218 0.3118489980697632
-0.0875060036778450 0.8551409840583802 0.3047499954700470
-0.0865759998559951 0.8581069707870483 0.3131980001926422
-0.1035009995102882 0.8588870167732239 0.3031829893589020
-0.1203410029411316 0.8589860200881958 0.2986319959163666
-0.1035009995102882 0.8588870167732239 0.3031829893589020
-0.1222750023007393 0.8606410026550292 0.3068819940090179
-0.1039299964904785 0.8612520098686218 0.3118489980697632
-0.1203410029411316 0.8589860200881958 0.2986319959163666
-0.1030760034918785 0.8565160036087036 0.2945140004158020
-0.1035009995102882 0.8588870167732239 0.3031829893589020
-0.1184070035815239 0.8573319911956787 0.2903789877891540
-0.1035009995102882 0.8588870167732239 0.3031829893589020
-0.0884400010108947 0.8521710038185120 0.2963030040264130
-0.0875060036778450 0.8551409840583802 0.3047499954700470
-0.1030760034918785 0.8565160036087036 0.2945140004158020
-0.0540510006248951 0.8280680179595948 0.3010039925575256
-0.0572910010814666 0.8352580070495606 0.3049609959125519
-0.0587069988250732 0.8334239721298218 0.3002290129661560
-0.0547959990799427 0.8256189823150634 0.2968069911003113
-0.0572910010814666 0.8352580070495606 0.3049609959125519
-0.0645779967308044 0.8411790132522583 0.3030380010604858
-0.0587069988250732 0.8334239721298218 0.3002290129661560
-0.0627589970827102 0.8428419828414917 0.3086349964141846
-0.0587069988250732 0.8334239721298218 0.3002290129661560
-0.0645779967308044 0.8411790132522583 0.3030380010604858
-0.0663930028676986 0.8395119905471802 0.2974410057067871
-0.0601259991526603 0.8315929770469665 0.2954970002174378
-0.0601259991526603 0.8315929770469665 0.2954970002174378
-0.0547959990799427 0.8256189823150634 0.2968069911003113
-0.0587069988250732 0.8334239721298218 0.3002290129661560
-0.0555390007793903 0.8231700062751770 0.2926059961318970
-0.0743520036339759 0.8488270044326783 0.3046250045299530
-0.0663930028676986 0.8395119905471802 0.2974410057067871
-0.0645779967308044 0.8411790132522583 0.3030380010604858
-0.0760219991207122 0.8464390039443969 0.2974939942359924
-0.0726860016584396 0.8512129783630371 0.3117560148239136
-0.0645779967308044 0.8411790132522583 0.3030380010604858
-0.0627589970827102 0.8428419828414917 0.3086349964141846
-0.0743520036339759 0.8488270044326783 0.3046250045299530
-0.0726860016584396 0.8512129783630371 0.3117560148239136
-0.0865759998559951 0.8581069707870483 0.3131980001926422
-0.0743520036339759 0.8488270044326783 0.3046250045299530
-0.0875060036778450 0.8551409840583802 0.3047499954700470
-0.0875060036778450 0.8551409840583802 0.3047499954700470
-0.0760219991207122 0.8464390039443969 0.2974939942359924
-0.0743520036339759 0.8488270044326783 0.3046250045299530
-0.0884400010108947 0.8521710038185120 0.2963030040264130
-0.1543810069561004 0.8375610113143921 0.2627609968185425
-0.1453319936990738 0.8448939919471740 0.2721529901027679
-0.1606110036373139 0.8393800258636475 0.2675600051879883
-0.1497280001640320 0.8471360206604004 0.2787689864635468
-0.1497280001640320 0.8471360206604004 0.2787689864635468
-0.1668380051851273 0.8412020206451416 0.2723569869995117
-0.1606110036373139 0.8393800258636475 0.2675600051879883
-0.1541199982166290 0.8493750095367432 0.2853890061378479
-0.1668380051851273 0.8412020206451416 0.2723569869995117
-0.1700849980115891 0.8313710093498230 0.2562629878520965
-0.1606110036373139 0.8393800258636475 0.2675600051879883
-0.1784210056066513 0.8323860168457032 0.2588570117950439
-0.1617459952831268 0.8303509950637818 0.2536700069904327
-0.1543810069561004 0.8375610113143921 0.2627609968185425
-0.1606110036373139 0.8393800258636475 0.2675600051879883
-0.1700849980115891 0.8313710093498230 0.2562629878520965
-0.1447609961032868 0.8077430129051209 0.2821229994297028
-0.1277460008859634 0.8113989830017089 0.2825379967689514
-0.1406919956207275 0.8135280013084412 0.2734859883785248
-0.1311849951744080 0.8060259819030762 0.2910160124301910
-0.1552290022373199 0.8113560080528260 0.2723349928855896
-0.1406919956207275 0.8135280013084412 0.2734859883785248
-0.1505720019340515 0.8167880177497864 0.2642689943313599
-0.1447609961032868 0.8077430129051209 0.2821229994297028
-0.1447609961032868 0.8077430129051209 0.2821229994297028
-0.1552290022373199 0.8113560080528260 0.2723349928855896
-0.1598819941282272 0.8059219717979432 0.2803989946842194
-0.1488299965858460 0.8019580245018006 0.2907550036907196
-0.1488299965858460 0.8019580245018006 0.2907550036907196
-0.1311849951744080 0.8060259819030762 0.2910160124301910
-0.1447609961032868 0.8077430129051209 0.2821229994297028
-0.1346240043640137 0.8006529808044434 0.2994900047779084
-0.0831239968538284 0.8133720159530639 0.3002260029315949
-0.0969239994883537 0.8144609928131104 0.2922360002994538
-0.0980169996619224 0.8103029727935791 0.3009450137615204
-0.0824970006942749 0.8176519870758057 0.2920460104942322
-0.0837469995021820 0.8090950250625610 0.3084070086479187
-0.0991119965910911 0.8061450123786926 0.3096500039100647
-0.0691810026764869 0.8165109753608704 0.2974669933319092
-0.0696759968996048 0.8117920160293580 0.3048300147056580
-0.0686860010027885 0.8212299942970276 0.2901049852371216
-0.1311849951744080 0.8060259819030762 0.2910160124301910
-0.1125829964876175 0.8120419979095459 0.2889269888401032
-0.1277460008859634 0.8113989830017089 0.2825379967689514
-0.1148200035095215 0.8073670268058776 0.2975830137729645
-0.1346240043640137 0.8006529808044434 0.2994900047779084
-0.1170609965920448 0.8026909828186035 0.3062349855899811
-0.1148200035095215 0.8073670268058776 0.2975830137729645
-0.1311849951744080 0.8060259819030762 0.2910160124301910
-0.1170609965920448 0.8026909828186035 0.3062349855899811
-0.1148200035095215 0.8073670268058776 0.2975830137729645
-0.1148200035095215 0.8073670268058776 0.2975830137729645
-0.1125829964876175 0.8120419979095459 0.2889269888401032
-0.1605580002069473 0.8220440149307251 0.2516700029373169
-0.1675840020179748 0.8204380273818970 0.2541149854660034
-0.1622640043497085 0.8157079815864563 0.2630879878997803
-0.1565420031547546 0.8195440173149108 0.2573849856853485
-0.1746100038290024 0.8188269734382629 0.2565569877624512
-0.1679829955101013 0.8118780255317688 0.2687940001487732
-0.1622640043497085 0.8157079815864563 0.2630879878997803
-0.1675840020179748 0.8204380273818970 0.2541149854660034
-0.1679829955101013 0.8118780255317688 0.2687940001487732
-0.1552290022373199 0.8113560080528260 0.2723349928855896
-0.1622640043497085 0.8157079815864563 0.2630879878997803
-0.1598819941282272 0.8059219717979432 0.2803989946842194
-0.1622640043497085 0.8157079815864563 0.2630879878997803
-0.1505720019340515 0.8167880177497864 0.2642689943313599
-0.1565420031547546 0.8195440173149108 0.2573849856853485
-0.1552290022373199 0.8113560080528260 0.2723349928855896
0.1361940056085587 0.8543639779090881 0.2898109853267670
0.1185719966888428 0.8573279976844787 0.2903789877891540
0.1330820024013519 0.8524649739265441 0.2821420133113861
0.1205089986324310 0.8589860200881958 0.2986319959163666
0.1498930007219315 0.8471279740333558 0.2787689864635468
0.1455000042915344 0.8448849916458130 0.2721529901027679
0.1542849987745285 0.8493750095367432 0.2853890061378479
0.1393029987812042 0.8562700152397156 0.2974810004234314
0.1224429979920387 0.8606410026550292 0.3068819940090179
0.1040949970483780 0.8612520098686218 0.3118489980697632
0.0876739993691444 0.8551369905471802 0.3047499954700470
0.1036690026521683 0.8588830232620239 0.3031829893589020
0.0867400020360946 0.8581069707870483 0.3131980001926422
0.0886050015687942 0.8521710038185120 0.2963030040264130
0.1032399982213974 0.8565160036087036 0.2945140004158020
0.0549609996378421 0.8256189823150634 0.2968069911003113
0.0588749982416629 0.8334239721298218 0.3002290129661560
0.0542190000414848 0.8280680179595948 0.3010039925575256
0.0574560016393661 0.8352580070495606 0.3049609959125519
0.0602909997105598 0.8315929770469665 0.2954970002174378
0.0557070001959800 0.8231700062751770 0.2926059961318970
0.0665580034255981 0.8395119905471802 0.2974410057067871
0.0647429972887039 0.8411750197410583 0.3030380010604858
0.0629239976406097 0.8428419828414917 0.3086349964141846
0.0745209977030754 0.8488240242004394 0.3046250045299530
0.0761869996786117 0.8464390039443969 0.2974939942359924
0.0728510022163391 0.8512129783630371 0.3117560148239136
0.1607760041952133 0.8393759727478028 0.2675600051879883
0.1545490026473999 0.8375549912452698 0.2627609968185425
0.1702499985694885 0.8313710093498230 0.2562629878520965
0.1619109958410263 0.8303509950637818 0.2536700069904327
0.1670030057430267 0.8412020206451416 0.2723569869995117
0.1785890012979508 0.8323860168457032 0.2588570117950439
0.1409029960632324 0.8137400150299072 0.2734859883785248
0.1278219968080521 0.8115040063858033 0.2825379967689514
0.1447480022907257 0.8078479766845704 0.2821229994297028
0.1308680027723312 0.8060799837112426 0.2910160124301910
0.1485919952392578 0.8019580245018006 0.2907550036907196
0.1339109987020492 0.8006529808044434 0.2994900047779084
0.1555909961462021 0.8115370273590088 0.2723349928855896
0.1601160019636154 0.8059219717979432 0.2803989946842194
0.1510639935731888 0.8171499967575073 0.2642689943313599
0.0828239992260932 0.8133829832077027 0.3002260029315949
0.0976309999823570 0.8104360103607178 0.3009450137615204
0.0969310030341148 0.8147299885749816 0.2922360002994538
0.0824239999055862 0.8176689743995666 0.2920460104942322
0.0689999982714653 0.8163170218467712 0.2974669933319092
0.0685049965977668 0.8208410143852234 0.2901049852371216
0.0694949999451637 0.8117920160293580 0.3048300147056580
0.0832230001688003 0.8090950250625610 0.3084070086479187
0.0983270034193992 0.8061450123786926 0.3096500039100647
0.1126160025596619 0.8122540116310120 0.2889269888401032
0.1144040003418922 0.8074719905853271 0.2975830137729645
0.1161900013685227 0.8026909828186035 0.3062349855899811
0.1575160026550293 0.8199419975280762 0.2573849856853485
0.1629440039396286 0.8159099817276001 0.2630879878997803
0.1621090024709701 0.8224239945411683 0.2516700029373169
0.1685539931058884 0.8206250071525573 0.2541149854660034
0.1683759987354279 0.8118780255317688 0.2687940001487732
0.1750019937753677 0.8188269734382629 0.2565569877624512
