883
882
883
882
883
882
882
883
883
877
863
883
883
863
749
883
869
842
827
875
882
875
882
869
882
875
875
882
875
871
842
875
861
1088
1088
861
1088
1088
1088
1087
1088
1088
870
1089
1089
861
1088
975
841
870
1088
870
826
1088
1087
841
826
827
841
842
842
870
841
871
987
749
985
863
863
985
985
877
985
1011
985
991
1012
987
985
1011
750
732
750
732
751
750
751
750
750
751
926
927
927
732
750
695
775
729
729
1096
715
693
845
716
845
732
730
732
730
695
692
730
732
692
730
730
730
983
1016
986
984
753
948
986
1016
948
751
986
926
986
751
984
751
328
242
327
242
326
137
327
328
242
236
229
237
209
230
237
220
1076
220
1076
1075
329
350
1076
1077
349
350
348
341
188
442
440
341
539
123
265
123
467
266
466
333
122
333
331
113
113
185
330
330
186
136
112
332
332
305
198
343
441
470
279
439