766
766
801
801
767
802
26
13
13
790
817
817
790
18
18
787
911
1022
913
911
745
745
1021
1022
912
748
745
912
747
746
919
918
918
919
916
747
788
788
1119
1119
787
856
789
789
789
789
831
855
855
855
982
855
855
855
855
1119
789
856
1119
1119
789
789
789
982
982
915
747
915
917
917
917
743
1021
743
742
744
744
746
743
943
942
1162
942
942
942
981
831
831
981
830
830
830
833
981
831
982
860
772
772
772
690
914
711
972
771
793
724
725
725
727
726
35
11
11
830
854
855
854
783
784
763
764
783
783
744
741
744
741
724
727
771
1164
1164
1163
1163
770
1205
1204
713
945
962
765
765
768
791
791
800
799
920
920
815
835
942
742
942
1160
920
920
981
981
816
834
844
844
971
844
971
971
861
861
975
1089
1089
1088
1088
1088
1089
1097
970
845
845
716
970
693
729
692
695
729
730
925
925
927
750
926
750
751
986
948
983
1016
754
984
1008
754
1011
991
1010
990
990
806
749
863
985
987
865
805
882
882
883
877
874
873
869
869
875
871
842
842
968
969
860
861
971
860
1088
773
1086
1087
1088
707
689
969
716
672
692
695
694
927
928
926
696
948
947
1007
753
1007
1017
780
780
780
779
779
779
865
864
808
805
864
808
873
873
873
873
868
872
874
859
827
827
824
859
773
1086
771
774
1261
691
688
669
706
974
924
643
1002
950
923
642
675
675
949
720
739
1018
1018
736
755
756
758
757
864
782
847
781
867
850
850
867
840
824
803
840
1097
1098
843
843
843
846
777
846
846
1089
1095
845
1097
1097
1091
730
1091
1092
1099
925
1094
1094
1100
1100
1101
1101
1102
1102
1071
1071
1012
1012
752
749
987
987
733
883
876
876
875
728
776
871
1145
1150
810
810
1150
853
829
829
809
967
967
967
967
1146
811
812
965
963
710
710
740
723
722
740
740
966
723
1346
1345
1301
709
709
709
702
702
683
708
708
702
651
651
625
650
650
650
682
700
682
682
682
681
680
681
660
680
680
698
813
813
795
795
813
795
795
795
795
797
797
980
1020
856
856
980
980
1020
623
602
621
648
603
620
618
619
646
1145
1150
1150
1145
1153
1146
966
1154
966
740
740
722
740
1141
1144
1142
1344
1342
1344
708
1342
1342
1342
661
662
661
662
700
661
699
700
698
699
699
698
665
667
630
591
658
638
1158
1157
1156
680
660
681
647
644
634
622
649
682
622
625
664
687
625
664
684
684
684
1301
710
686
1301
723
723
704
704
965
965
812
761
762
965
829
809
829
813
813
813
15
795
15
19
15
15
829
22
22
22
19
19
1150
1150
1132
1132
1132
1150
616
645
618
617
616
633
1141
1141
1144
1144
1141
1144
1154
1144
740
1342
1342
1344
1344
1342
1141
1342
1342
1342
1342
661
661
662
662
661
662
1342
661
661
661
700
700
700
679
699
699
698
699
698
1153
1153
1154
1154
1153
1154
679
679
678
679
678
679
679
678
660
659
660
660
659
659
634
634
631
631
663
663
624
625
636
624
623
622
646
648
647
649
633
645
634
644
631
634
633
632
633
7
792
819
819
818
24
16
774
771
1083
1084
1082
27
823
804
1070
1052
1051
1053
1049
951
952
1048
1054
849
828
866
957
956
955
825
803
858
856
785
856
855
856
1288
1287
1288
1287
655
1300
742
742
640
641
673
714
714
1261
1265
1264
671
1161
1202
668
1202
1160
1259
979
941
1258
1200
979
942
1160
742
979
1199
1198
629
1199
1198
590
1290
1289
1290
1289
1256
1286
1256
938
1248
1286
938
677
940
1005
939
611
655
592
605
627
1196
600
577
589
601
1337
563
564
558
1193
1332
1237
1237
555
715
715
775
775
1096
1096
870
870
777
841
841
826
826
826
820
820
1084
1243
1283
1284
1284
932
933
936
936
1336
576
905
904
902
903
901
900
895
896
897
899
887
897
958
892
959
496
28
30
885
880
903
900
881
881
899
888
889
889
891
891
29
29
878
989
878
988
1026
989
884
879
879
884
886
886
1347
889
890
1347
29
1347
1058
1058
1027
1027
988
988
878
878
879
1347
886
1347
1347
1058
1058
1347
1347
1347
1347
1347
1347
1347
1347
1347
1347
1347
1242
1243
1190
1188
569
585
1187
4
5
584
598
574
1191
586
586
599
599
587
1192
910
931
931
582
929
597
581
568
579
579
565
556
1047
937
1045
1044
996
1234
1235
997
561
1232
1233
572
34
1230
1231
993
595
594
595
1327
1031
1329
1042
1043
1042
1043
1037
1041
1036
998
999
1037
1033
1001
1033
994
0
1
994
1032
595
1327
595
1327
1327
1031
1069
1067
1062
1062
1063
1014
613
1245
1247
614
1245
1247
1246
1246
614
1285
1283
1243
615
615
1074
1013
1004
1004
1013
597
909
1055
908
934
1023
978
596
596
1025
1025
1292
1293
1024
612
739
757
758
1060
1060
1059
1059
1060
1059
1159
1159
1158
764
639
786
786
786
786
797
798
854
854
798
851
851
852
798
32
14
23
1347
1347
1347
1347
1347
1347
1347
1347
1347
1347
1347
1347
1347
1347
1347
1347
1347
1347
1347
1347
1347
1347
1347
1347
1347
1347
1347
1347
1347
1347
1347
1347
1347
1347
1347
1347
1347
1347
1347
1347
1347
1347
1347
1347
1347
1347
1347
1347
1347
1347
1347
1347
1347
1347
1347
1347
1347
1347
1347
1347
1347
1347
1347
1347
1347
1347
1347
1347
1347
1347
1347
1347
1347
1347
1347
1347
1347
1347
1347
1347
1347
1347
1347
1347
1347
1347
1347
1347
1347
1347
1347
1347
1347
1347
1347
1347
1347
1347
1347
1347
1347
1347
1347
1347
1347
1347
1347
1347
1347
1347
1347
1347
1347
1347
1347
1347
1347
1347
1347
1347
1347
1347
1347
1347
1347
1347
1347
1347
1347
1347
1347
1347
1064
1065
1347
1347
1347
1347
1244
1291
1244
1347
1347
1347
1244
1347
1244
1244
1244
1347
1347
1347
1347
1347
1347
1064
1064
1347
1064
1347
1347
1347
1347
1064
1347
1347
1347
1347
1347
1347
1347
1347
1347
1347
1064
1347
1347
1347
1064
1347
1347
1347
1347
1347
1347
1347
1347
1347
1347
1347
1347
1347
1347
1347
1347
1347
1347
1347
1347
1347
1347
1347
1347
1347
1347
1064
1064
1064
1064
1347
1347
1347
1347
1347
1347
1347
1347
1347
1347
1347
1347
1347
1347
1347
1347
1347
1347
1347
1347
1347
1347
1244
1244
1244
1347
1244
1244
1244
1244
1291
1244
1244
1029
1029
1347
1347
1347
1347
1347
1347
1347
1347
1347
1029
1029
1244
1244
1029
1029
1244
1244
1244
1244
1029
1244
1244
1347
1347
1029
1029
1347
1029
1029
1029
1029
1029
1029
1347
1347
1347
1347
1347
1347
1347
1347
1347
1347
1347
1347
1347
1347
1347
1064
1064
1064
1028
1064
1064
1347
1064
1028
1347
1347
1347
1347
1347
1347
1347
1347
1347
1347
1347
1347
1347
1347
1347
1064
1064
1064
1064
1064
1064
1064
1064
1064
1064
1064
1064
1064
1064
1064
1064
1064
1064
1064
1064
1064
1347
1347
1347
1347
1347
1347
1347
1347
1347
1347
1347
1347
1347
1347
1347
1347
1347
1347
1347
1244
1244
1347
1347
1347
1347
1347
1347
1347
1347
1347
1347
1064
1064
1064
1028
1028
1028
1028
1028
1028
1028
1028
1028
1028
1029
1029
1028
1028
1244
1244
1029
1244
1244
1244
1244
1347
1244
1347
1347
1347
1347
1347
1028
1028
1028
1028
1064
1028
1347
1347
1347
1347
1347
1347
1347
1347
1347
1347
1347
1347
1028
1028
1028
1028
1028
1028
1028
1028
1029
1029
1028
1028
1347
1347
1347
1347
1347
1347
1347
1347
1347
1347
1347
1347
1347
1347
1028
1028
1028
1028
1028
1028
1028
1030
1030
1030
1030
1030
1030
1291
1291
1291
1291
1291
1291
1064
1064
1064
1347
1347
1347
1347
1347
1347
1347
1347
1347
1347
1347
1347
1347
1347
1347
1025
1030
1025
1030
1030
1347
1347
1347
1347
1327
1347
1347
1347
1347
1347
596
1327
595
596
1347
1347
1327
1327
595
1031
1327
855
856
855
855
762
761
760
759
814
760
796
760
760
964
961
703
704
759
960
685
685
667
1000
1020
796
1020
798
798
795
717
1019
935
934
1243
654
1299
654
1302
684
654
1036
1036
1037
1037
1037
1037
634
634
631
647
644
622
649
625
687
684
684
1302
686
704
704
761
762
965
813
813
813
19
19
1244
1244
1244
976
1291
977
977
1028
1029
1066
1061
1064
1064
1056
1057
1065
1058
841
869
1088
874
873
865
873
806
805
1347
1347
1347
1347
1347
1347
1347
1347
1347
1347
1347
846
846
1030
1030
1291
1291
1291
1291
1291
1291
1291
1291
1291
1291
1244
1291
678
678
10
10
10
678
659
678
9
10
10
678
9
659
9
9
631
631
8
8
8
8
631
631
7
7
982
982
1119
1119
982
789
982
982
982
982
982
982
982
982
982
982
982
982
982
982
982
855
578
1331
1239
1330
1003
1031
1031
1241
1241
922
921
910
599
599
598
583
5
6
608
1240
930
933
932
615
615
1025
1013
1025
1025
1025
1025
1025
1025
1038
1038
1038
1038
1039
531
1039
531
861
1088
971
991
596
596
1031
1031
1042
1042
781
954
907
1347
1347
1347
1291
1291
1291
1030
1291
1030
1244
1244
1028
1028
1028
1064
1064
1064
1064
1064
1065
1064
1064
1030
1291
1291
1291
1291
1291
1291
1291
1028
1064
1064
1064
1291
1291
1347
1043
1043
1200
1029
1029
1028
1029
1347
1029
1347
1347
1347
1347
1347
1347
1347
1347
1347
1347
1347
1347
1347
1347
1291
1291
1291
1291
1347
1347
1347
1347
1291
1244
1244
1347
1029
1347
1347
1347
1347
1347
1347
1291
1291
1347
1244
1347
1347
1025
1030
1291
1347
1347
1347
1029
1029
1029
1029
1029
596
1043
1347
1347
1043
1347
1347
1347
1036
1037
1347
1347
1347
1347
1347
1347
1347
1347
1347
1347
1347
1347
1347
1347
1347
1043
1043
1043
1042
1037
1037
1347
1347
1347
1347
1347
1347
1347
1347
1347
1347
1347
1347
1347
1347
1347
1347
1347
1347
1347
1347
1347
1347
1347
1347
1347
1347
1347
1347
1347
1347
1347
1347
1347
1347
1347
1039
1039
1347
531
531
1039
1039
1039
1038
531
531
1039
1038
1038
1347
1038
1038
1038
1347
1038
1038
1036
1036
1347
1347
1347
1347
1347
1347
1347
1036
1036
1036
1037
1037
1347
1347
1347
1347
1347
1347
1347
1347
1347
1347
1347
1347
1347
1347
1347
1043
1042
1031
1043
1042
1031
1347
1347
1347
1347
1347
1347
1347
1347
1347
1031
1031
1347
1347
1347
1347
1043
1038
1038
1036
1037
1031
1031
1327
982
855
855
855
855
855
854
797
797
796
796
796
814
814
814
809
812
810
1145
1145
1146
1145
1146
1146
1145
1145
1150
785
785
980
1020
1000
759
759
964
964
963
963
963
966
662
1342
661
662
662
1342
661
700
700
661
699
679
679
699
1144
1144
1144
1154
1154
1154
1342
721
1342
1342
709
721
1342
702
662
662
1342
702
661
700
700
661
699
679
679
699
678
678
10
10
10
678
961
964
703
665
685
665
709
1301
702
702
709
1299
702
702
662
1342
702
611
623
648
602
602
648
647
646
648
678
10
10
645
667
960
960
666
666
666
1300
656
702
611
1287
628
606
592
1337
605
600
1197
601
602
604
605
602
621
603
604
646
518
313
621
1157
630
637
590
637
590
1289
591
1288
1289
592
1197
1043
1042
1043
1043
567
1328
1043
1043
1037
1037
1037
1043
1037
1037
1038
1038
1038
1037
1039
1039
1039
531
531
531
531
531
531
1347
1347
1347
1347
1347
1327
1042
1042
1347
1042
1031
1031
1043
594
594
567
1042
1043
531
531
531
531
531
531
531
1038
1039
531
1038
1036
1038
1039
1038
1043
1037
1038
1043
1043
1043
1038
1038
1038
1043
1043
1043
1038
1038
1038
1036
1336
1347
1039
1347
531
1335
1195
1037
1037
1195
578
579
580
580
1240
582
929
933
1241
1240
929
1240
929
1347
1198
1286
933
1241
933
1038
1039
531
1037
1037
567
1043
581
567
931
581
581
1347
1347
932
1043
1038
1042
1327
581
931
933
1241
1156
591
591
656
657
685
1141
1141
1347
1347
1043
1347
1038
1039
1347
1347
1347
1347
1347
1347
1347
1347
1347
1198
630
1157
667
667
1000
1000
760
759
760
759
812
965
811
967
1153
1146
25
1166
1165
1165
12
769
25
944
23
852
20
857
21
17
822
836
31
837
1072
853
1132
1150
1132
1150
33
610
1208
1266
496
959
1347
1347
1347
1347
1347
1347
1347
1347
32
32
1347
1347
1347
1347
1347
1347
1347
1347
1347
1347
1347
1347
1347
1347
1347
1347
1347
1347
1347
1347
531
1039
10
678
1132
1132
1145
1150
15
22
853
760
32
15
760
1020
1347
393
1000
658
1347
1347
1347
1347
1347
1347
531
1347
1347
531
1347
1347
1347
1347
1347
1347
149
173
173
149
294
293
170
170
192
192
157
486
508
146
508
487
468
468
146
160
160
468
159
133
147
495
495
494
494
147
493
158
1118
1118
158
306
157
168
168
168
168
205
203
203
203
203
203
203
203
525
168
1118
168
1118
1118
306
168
168
525
525
147
492
134
134
134
492
487
118
132
132
297
118
133
118
283
491
283
283
283
1170
324
324
205
205
182
204
204
204
205
324
525
298
151
151
151
152
488
489
260
109
257
120
120
119
446
106
318
204
318
203
524
156
156
156
296
145
93
132
93
132
106
119
152
1168
1169
1169
1168
108
1215
1216
107
148
284
285
148
292
169
169
171
172
181
180
319
319
297
283
1172
283
319
319
324
324
323
322
197
197
196
197
329
220
220
196
196
1075
1075
1075
1076
1076
1076
315
1111
315
186
330
330
112
466
305
113
266
265
265
332
113
122
123
279
343
333
123
441
198
436
470
436
550
539
442
342
538
538
549
137
188
341
326
199
234
242
327
328
242
243
240
236
236
229
229
230
237
314
135
196
220
298
1076
298
1076
1077
1078
184
111
186
314
94
304
465
466
305
267
266
101
122
278
279
439
138
472
138
540
540
175
175
175
540
234
199
189
221
189
221
243
243
243
243
235
233
228
240
228
194
209
209
1078
184
161
152
1276
85
95
110
480
482
303
464
302
269
87
268
88
88
291
290
463
124
473
473
541
139
542
140
164
221
163
201
226
226
223
223
219
219
346
194
1111
210
210
1110
316
210
187
1075
316
316
1109
1111
1111
330
332
1103
265
1112
1105
1103
1106
1113
1113
1106
1114
1114
1115
1115
1116
440
440
1116
211
188
188
137
244
238
238
328
237
230
153
121
1126
179
179
1130
165
202
202
215
1130
522
522
522
522
130
523
270
271
1129
104
311
312
104
311
143
312
312
116
1325
1326
433
98
98
1304
433
433
433
434
434
90
81
81
385
385
385
76
75
75
75
80
520
75
520
375
272
375
375
365
191
166
166
191
166
166
166
166
191
394
393
131
394
393
131
131
306
306
387
62
401
400
518
517
516
60
534
1130
1126
1130
1126
1136
1135
143
1129
312
312
143
312
116
1124
1122
1324
1120
1324
1322
1322
434
1322
1322
89
313
89
313
313
80
80
521
272
272
521
521
92
54
352
307
1176
1175
1174
300
301
365
375
366
376
519
520
386
386
75
70
76
76
91
432
432
77
77
77
1304
1304
99
104
311
311
310
310
523
523
523
264
485
270
165
202
191
191
191
202
166
15
15
22
202
19
1130
1130
1130
377
402
367
402
378
516
1122
1124
1124
1122
312
1124
1135
1124
1122
1322
1324
1324
1322
1122
1322
1322
1322
1322
1322
313
89
89
313
1322
89
313
313
313
80
80
80
313
190
272
521
521
272
521
1136
1135
1135
1136
1135
1136
190
190
190
225
225
225
190
190
355
365
365
365
355
355
366
366
356
356
431
76
66
431
386
387
66
430
62
518
70
519
377
367
376
366
356
357
367
366
367
162
183
258
258
257
161
1081
1081
345
344
546
142
544
507
535
506
125
543
102
339
222
454
213
224
227
195
218
346
320
306
306
203
306
1298
1280
1306
72
1298
1280
297
297
74
73
96
1276
447
447
1272
1274
1171
261
86
1213
1172
1213
479
1268
449
479
1211
1269
283
1172
297
479
1210
1210
353
1209
53
1209
1281
1282
1281
1282
1279
1257
1279
1255
451
1257
413
414
451
420
435
72
69
398
68
55
423
1178
59
51
399
1317
389
1181
46
49
390
1223
1223
1312
136
136
331
331
1108
1108
350
350
187
349
349
348
348
348
347
347
1080
1249
1277
1277
1278
277
277
412
419
61
1316
256
255
502
503
254
501
499
498
253
252
248
282
443
252
30
28
497
281
254
255
239
231
231
249
253
250
295
295
250
29
29
336
232
336
177
335
232
246
246
245
245
247
247
1347
1347
445
250
1347
29
462
214
214
462
335
335
232
232
1347
245
1347
247
1347
1347
462
462
1347
1347
1347
1347
1347
1347
1347
1347
1347
1347
1250
1249
1184
380
360
1186
379
369
513
514
514
1183
515
515
1182
42
58
418
273
426
418
425
425
411
427
428
391
410
43
408
409
38
407
511
1225
1226
372
382
1227
1228
405
1229
52
57
1309
48
1307
57
528
41
39
533
528
41
532
533
510
383
373
374
363
374
364
363
1307
57
48
1307
1307
57
554
545
459
129
476
476
456
64
1251
1253
64
1252
1252
1251
1253
1249
1278
1294
276
276
1073
275
275
455
428
455
460
178
505
126
453
461
429
429
65
65
1295
1296
526
527
542
463
140
141
537
537
141
537
141
1173
1173
296
1174
299
262
262
262
262
394
318
318
395
167
395
216
167
395
1347
1347
1347
1347
1347
1347
1347
1347
1347
1347
1347
1347
1347
1347
1347
1347
1347
1347
1347
1347
1347
1347
1347
1347
1347
1347
1347
1347
1347
1347
1347
1347
1347
1347
1347
1347
1347
1347
1347
1347
1347
1347
1347
1347
1347
1347
1347
1347
1347
1347
1347
1347
1347
1347
1347
1347
1347
1347
1347
1347
1347
1347
1347
1347
1347
1347
1347
1347
1347
1347
1347
1347
1347
1347
1347
1347
1347
1347
1347
1347
1347
1347
1347
1347
1347
1347
1347
1347
1347
1347
1347
1347
1347
1347
1347
1347
1347
1347
1347
1347
1347
1347
1347
1347
1347
1347
1347
1347
1347
1347
1347
1347
1347
1347
1347
1347
1347
1347
1347
1347
1347
1347
1347
1347
1347
1347
1347
1347
1347
1347
1347
1347
548
478
1347
1347
1347
1347
1347
1347
1254
1297
1254
1254
1347
1254
1254
1254
1347
1347
1347
1347
1347
1347
1347
478
478
1347
478
478
1347
1347
1347
1347
1347
1347
1347
1347
1347
1347
1347
1347
1347
478
1347
478
1347
1347
1347
1347
1347
1347
1347
1347
1347
1347
1347
1347
1347
1347
1347
1347
1347
1347
1347
1347
1347
1347
1347
1347
1347
1347
1347
1347
1347
478
478
478
478
1347
1347
1347
1347
1347
1347
1347
1347
1347
1347
1347
1347
1347
1347
1347
1347
1347
1347
1347
1347
1347
1347
1347
1254
1254
1254
1254
1254
1254
1254
36
36
1254
1254
1297
1347
1347
1347
1347
1347
1347
1347
1347
1347
36
1254
1254
36
1254
1254
1254
36
36
1254
1254
1254
36
1347
1347
1347
36
36
36
36
36
36
36
36
1347
1347
1347
1347
1347
1347
1347
1347
1347
1347
1347
1347
1347
1347
1347
478
280
478
478
280
478
1347
478
478
1347
1347
1347
1347
1347
1347
1347
1347
1347
1347
1347
1347
1347
1347
1347
478
478
478
478
478
478
478
478
478
478
478
478
478
478
478
478
478
478
478
478
478
1347
1347
1347
1347
1347
1347
1347
1347
1347
1347
1347
1347
1347
1347
1347
1347
1347
1347
1347
1254
1254
1347
1347
1347
1347
1347
1347
1347
1347
1347
1347
478
478
478
280
280
280
280
280
280
280
280
280
280
280
280
36
36
1254
1254
36
1254
1254
1254
1254
1347
1347
1254
1347
1347
1347
1347
280
280
280
280
478
280
1347
1347
1347
1347
1347
1347
1347
1347
1347
1347
1347
1347
280
280
280
280
280
280
280
280
280
280
36
36
1347
1347
1347
1347
1347
1347
1347
1347
1347
1347
1347
1347
1347
1347
280
280
280
280
280
280
280
37
37
37
37
1297
1297
1297
37
37
1297
1297
1297
478
478
478
1347
1347
1347
1347
1347
1347
1347
1347
1347
1347
1347
1347
1347
1347
1347
37
65
1347
37
37
65
1347
1347
1347
1307
1347
1347
1347
1347
1347
429
429
57
1307
1347
1347
57
1307
1307
1307
48
306
203
203
203
264
263
484
485
484
484
144
484
155
117
310
105
309
83
83
308
263
307
483
144
393
393
395
395
166
474
114
453
452
1249
1305
397
1303
397
397
77
532
533
533
532
533
533
366
366
356
376
519
70
386
76
91
77
77
1303
99
310
310
264
485
523
191
191
191
19
1254
457
1254
1254
1297
127
127
36
280
477
547
478
478
128
536
548
462
236
349
1076
240
243
243
234
199
342
1347
1347
1347
1347
1347
1347
1347
1347
1347
1347
1347
316
316
37
37
1297
1297
1297
1297
1297
1297
1297
1297
1297
1297
1297
1254
225
225
225
225
355
225
355
9
356
356
356
356
7
525
1118
1118
525
168
525
525
525
525
525
525
525
525
525
525
525
525
525
525
203
525
525
1311
50
1221
44
1310
48
48
1219
1219
450
354
58
515
515
379
359
358
274
1220
412
419
276
276
455
65
65
65
65
65
65
65
530
530
530
530
529
529
1076
220
196
539
429
429
48
41
41
48
163
338
504
1347
1347
1347
1297
37
1297
1297
37
1297
1254
1254
280
280
280
478
478
478
478
548
478
478
478
37
1297
1297
1297
1297
1297
1297
1297
280
478
478
478
1297
1297
1347
528
528
1211
36
36
36
280
36
1347
1347
1347
1347
1347
1347
1347
1347
1347
1347
1347
1347
1347
1347
1347
1297
1297
1297
1297
1347
1347
1347
1347
1254
1254
1254
1347
36
1347
1347
1347
1347
1347
1347
1297
1297
1347
1254
1347
1347
37
65
1297
1347
1347
1347
36
36
36
36
36
429
528
528
1347
1347
533
532
1347
1347
1347
1347
1347
1347
1347
1347
1347
1347
1347
1347
1347
1347
1347
1347
1347
1347
528
41
528
528
533
533
1347
1347
1347
1347
1347
1347
1347
1347
1347
1347
1347
1347
1347
1347
1347
1347
1347
1347
1347
1347
1347
1347
1347
1347
1347
1347
1347
1347
1347
1347
1347
1347
1347
1347
529
529
1347
529
529
530
529
530
529
1347
530
1347
530
530
530
530
532
532
530
1347
1347
1347
1347
1347
1347
532
1347
532
533
532
533
1347
1347
1347
1347
1347
1347
1347
1347
1347
1347
1347
1347
1347
1347
1347
48
41
528
48
41
528
1347
1347
1347
1347
1347
1347
1347
1347
48
1347
48
1347
1347
1347
1347
528
530
530
532
533
48
48
1307
203
525
203
203
203
203
318
394
394
144
144
144
155
155
155
165
270
179
1126
1126
1129
1126
1126
1129
1129
1126
320
320
131
393
483
263
263
117
117
130
130
130
143
1322
89
1322
89
89
313
313
313
80
80
521
521
190
190
1124
1124
1135
1135
1135
1124
103
1322
103
433
1322
1322
433
1322
433
1322
89
89
313
313
80
80
521
521
190
190
225
225
225
309
92
105
117
92
83
1304
98
1305
98
433
433
433
433
69
433
1322
89
387
400
400
62
518
62
518
377
225
377
307
307
308
308
84
84
78
1306
79
1298
69
433
55
422
1177
423
68
1317
399
68
63
400
400
63
534
401
518
401
1175
53
352
352
53
351
1281
1281
1280
54
1177
55
528
528
528
41
533
528
528
1308
417
533
533
530
533
533
528
530
530
529
529
529
533
531
531
531
1347
1347
1347
1347
1347
41
41
1307
1347
41
528
48
48
528
41
417
52
52
531
531
531
531
531
531
529
530
530
529
530
533
530
530
533
528
528
528
530
530
530
528
528
528
530
530
530
528
532
529
1347
1316
1179
1315
533
533
1179
424
425
50
1220
424
273
426
412
273
1220
1219
273
1220
1347
412
1279
1209
412
1219
529
530
533
533
528
417
417
427
427
418
427
1347
1347
419
530
528
41
1307
427
418
412
1219
1176
54
54
78
396
83
1122
1122
1347
1347
1347
1347
1347
1347
1209
1347
1175
301
307
301
483
483
483
484
263
484
523
270
522
271
1129
1136
1167
1167
150
286
216
207
206
193
321
215
1130
1130
403
1275
497
1347
1347
1347
1347
1347
1347
1347
1347
32
1347
1347
1347
1347
1347
1347
1347
1347
1347
1347
1347
1347
1347
1347
1347
1347
1347
1347
1347
1347
529
225
1130
1126
484
202
393
144
301
483
1347
1347
1347
1347
1347
1347
1347
1347
1347
1347
1347
1347
530
531
529
530
982
525