0.0029869999270886 0.4472599923610687 0.1631599962711334
0.0014799999771639 0.4351390004158020 0.1877699941396713
0.0000000000000000 0.4153150022029876 0.2370679974555969
0.0000000000000000 0.4126630127429962 0.2682330012321472
0.0000000000000000 0.4315679967403412 0.2975130081176758
0.0000000000000000 0.4579010009765625 0.3127349913120270
-0.0000730000028852 0.4768100082874298 0.3218289911746979
0.0004569999873638 0.4970929920673370 0.3385730087757110
0.0000000000000000 0.5035290122032166 0.3480980098247528
0.0000000000000000 0.5194410085678100 0.3500680029392243
-0.0003039999864995 0.5315300226211548 0.3382720053195953
0.0005910000181756 0.8299059867858886 0.3425210118293762
0.0000000000000000 0.7847880125045777 0.3604280054569244
0.0000000000000000 0.7596510052680969 0.3817940056324005
-0.0001409999968018 0.6870920062065125 0.3642059862613678
0.0002889999886974 0.6546779870986939 0.3708519935607910
0.0000000000000000 0.8742280006408691 0.3486889898777008
0.0000000000000000 0.7277770042419433 0.4017589986324310
0.0000000000000000 0.7391089797019959 0.4001629948616028
0.0000000000000000 0.6408709883689880 0.3768559992313385
0.0002300000051036 0.7029510140419007 0.3797250092029572
0.0000000000000000 0.7177389860153198 0.3965960144996643
0.0000000000000000 0.6306899785995483 0.3739619851112365
-0.0002910000039264 0.6950719952583313 0.3689189851284027
-0.0008650000090710 0.8473280072212219 0.3418819904327393
0.0000000000000000 0.7682880163192749 0.3726449906826019
0.0000000000000000 0.7499809861183167 0.3921670019626618
-0.0002610000083222 0.9056239724159241 0.3562569916248321
-0.0003600000054575 0.9996299743652344 0.3397580087184906
0.0000000000000000 1.0927389860153200 0.2808200120925903
0.0001420000044163 1.0485169887542720 0.3157750070095062
0.0000000000000000 0.7097300291061402 0.3885950148105621
-0.0006249999860301 0.6728150248527526 0.3640579879283905
0.0006220000213943 0.4872159957885742 0.3286580145359039
0.0001880000054370 0.4220919907093048 0.2162889987230301
0.0000000000000000 0.8145220279693604 0.3471089899539948
0.2158609926700592 0.7180479764938354 0.0659329965710640
0.1945140063762665 0.6501389741897583 0.0786089971661567
0.1103790029883385 0.4884749948978424 0.1404590010643005
0.0894619971513748 0.4669739902019501 0.1626899987459183
0.0922359973192214 0.4759860038757324 0.1466269940137863
0.1149889975786209 0.4993749856948852 0.1236509978771210
0.0781489983201026 0.4441060125827789 0.2324600070714951
0.0821169987320900 0.4495410025119782 0.1978739947080612
0.1239230036735535 0.5025420188903809 0.1328759938478470
0.0730509981513023 0.4546979963779450 0.2594079971313476
0.1060639992356300 0.4804449975490570 0.2214979976415634
0.1124719977378845 0.4804230034351349 0.1851630061864853
0.1307500004768372 0.5180050134658813 0.1128280013799667
0.0974079966545105 0.4894219934940338 0.2467779964208603
0.1324650049209595 0.5153110027313233 0.1905339956283569
0.1211260035634041 0.5189980268478394 0.2300290018320084
0.1511539965867996 0.5491560101509094 0.1269969940185547
0.1173549965023994 0.6265010237693787 0.2896929979324341
0.0914750024676322 0.6129019856452942 0.3060570061206818
0.1033359989523888 0.5648210048675537 0.2810060083866119
0.1255870014429092 0.5652350187301636 0.2536199986934662
0.1574209928512573 0.5650839805603027 0.1032159999012947
0.0705329999327659 0.4718399941921234 0.2744149863719940
0.1079630032181740 0.5274429917335510 0.2564150094985962
0.0629360005259513 0.4911080002784729 0.2901700139045715
0.0905120000243186 0.5014029741287231 0.2638750076293945
0.0525280013680458 0.5247979760169983 0.3132750093936920
0.0807849988341331 0.5182260274887085 0.2827079892158508
0.2060219943523407 0.7321779727935791 0.1702139973640442
0.1833779960870743 0.6195200085639954 0.0876969993114471
0.0712390020489692 0.5431489944458008 0.3015629947185516
0.0915860012173652 0.5437660217285156 0.2834750115871429
0.0991130024194717 0.5352259874343872 0.2713609933853149
0.0966589972376823 0.5668069720268250 0.2884120047092438
0.0497040003538131 0.5328109860420227 0.3212049901485443
0.0761500000953674 0.5538480281829834 0.3004859983921051
0.0876289978623390 0.5692600011825562 0.2970499992370605
0.0906170010566711 0.7689340114593505 0.3032169938087464
0.0909209996461868 0.7530959844589234 0.3095920085906982
0.0481219999492168 0.5404790043830872 0.3262510001659393
0.0648259967565536 0.5546439886093140 0.3076139986515045
0.0734179988503456 0.5649639964103699 0.3025760054588318
0.0829010009765625 0.6069279909133911 0.3108020126819611
0.0879819989204406 0.6084650158882141 0.3075349926948547
0.0414140000939369 0.5499209761619568 0.3184700012207031
0.0590680018067359 0.5584980249404908 0.3049080073833466
0.0736730024218559 0.5565530061721802 0.3026140034198761
0.0715880021452903 0.5968880057334900 0.3187899887561798
0.0784649997949600 0.6245689988136292 0.3179669976234436
0.0549010001122951 0.7666659951210022 0.3213219940662384
0.0508509986102581 0.7432270050048828 0.3386810123920441
0.1567649990320206 0.7353399991989135 0.2702659964561462
0.1723600029945373 0.7663059830665588 0.2488590031862259
0.0567269995808601 0.5582709908485412 0.3033699989318847
0.0663629993796348 0.5620840191841126 0.3015789985656739
0.0704739987850189 0.5628780126571655 0.3025160133838653
0.0724710002541542 0.6178529858589172 0.3219799995422364
0.0574770011007785 0.7194179892539978 0.3393689990043640
0.0594930015504360 0.7857840061187744 0.3090040087699890
0.0562830008566379 0.7755830287933349 0.3157289922237396
0.0909169986844062 0.7771450281143188 0.2997359931468964
0.0629139989614486 0.5613589882850647 0.3009180128574371
0.0651450008153915 0.5665969848632813 0.3017559945583343
0.0642220005393028 0.5838170051574707 0.3210830092430115
0.1577730029821396 0.7757570147514344 0.2615059912204742
0.1648720055818558 0.7813429832458496 0.2539629936218262
0.2055599987506867 0.8356490135192872 0.1847089976072311
0.0646430030465126 0.5667529702186584 0.3024039864540100
0.0619719997048378 0.5779989957809448 0.3178440034389496
0.0661780014634132 0.6099339723587036 0.3271340131759644
0.0181130003184080 0.8068500161170959 0.3418860137462616
0.0164049994200468 0.7793639898300172 0.3581190109252930
0.0321380011737346 0.7643929719924927 0.3473249971866607
0.0495930016040802 0.7955279946327209 0.3093079924583435
0.0446900017559528 0.7866629958152771 0.3175159990787506
0.0766170024871826 0.7829229831695557 0.3031840026378632
0.0944650024175643 0.7978379726409912 0.2929989993572235
0.0969590023159980 0.8123739957809448 0.2914370000362396
0.1974319964647293 0.7810800075531005 0.2106589972972870
0.1886149942874908 0.7938579916954040 0.2244089990854263
0.0558729991316795 0.5724139809608460 0.3135449886322022
0.0516079999506473 0.6109870076179505 0.3432610034942627
0.0542160011827945 0.7301999926567077 0.3536979854106903
0.0192959997802972 0.8229290246963501 0.3355379998683930
0.0116499997675418 0.8269879817962647 0.3400459885597229
0.0965650007128715 0.8483390212059021 0.2882429957389832
0.1488489955663681 0.7976880073547364 0.2656550109386444
0.1418309956789017 0.8131639957427978 0.2711389958858490
0.1890340000391006 0.8289970159530639 0.2252160012722015
0.1968850046396255 0.8792080283164978 0.2088720053434372
0.2131090015172958 0.7617020010948182 0.1599279940128326
0.2183070033788681 0.7533249855041504 0.0993900001049041
0.2181240022182465 0.8620889782905578 0.1113120019435883
0.2149309962987900 0.7902320027351379 0.1521939933300018
0.0490959994494915 0.6036090254783630 0.3428690135478973
0.0369450002908706 0.6819649934768677 0.3522120118141174
0.0563349984586238 0.7224479913711548 0.3441140055656433
0.0525219999253749 0.7272620201110840 0.3596549928188324
0.0457959994673729 0.7380279898643493 0.3625729978084564
0.0454280003905296 0.8140789866447448 0.3014830052852630
0.0821520015597343 0.8014370203018189 0.2953259944915772
0.1439799964427948 0.8433880209922790 0.2683919966220856
0.1798450052738190 0.8266069889068603 0.2367240041494370
0.1863680034875870 0.8522260189056397 0.2357620000839233
0.1929699927568436 0.8673130273818970 0.2243729978799820
0.2241760045289993 0.8681550025939941 0.0811130031943321
0.2142390012741089 0.8544030189514161 0.1341509968042374
0.0414890013635158 0.5887989997863770 0.3346779942512512
0.0293540004640817 0.6608660221099854 0.3618110120296478
0.0563340000808239 0.7106320261955261 0.3424269855022431
0.0502000004053115 0.7133240103721619 0.3597790002822876
0.0450470000505447 0.7330420017242432 0.3681100010871887
0.0259319990873336 0.7507190108299255 0.3748950064182282
0.0181830003857612 0.7555099725723267 0.3793829977512360
0.0083889998495578 0.7829989790916443 0.3602289855480194
0.0378349982202053 0.8127570152282715 0.3134770095348358
0.0280639994889497 0.8353350162506103 0.3276239931583405
0.0846090018749237 0.8443109989166259 0.2895720005035400
0.2050700038671493 0.9144520163536072 0.1708479970693588
0.0315829999744892 0.6363769769668579 0.3680100142955780
0.0522620007395744 0.6977229714393615 0.3445110023021698
0.0457089990377426 0.7040200233459473 0.3556540012359619
0.0445670001208782 0.7078840136528015 0.3600949943065644
0.0449009984731674 0.7241060137748718 0.3704510033130646
0.0437210015952587 0.7202780246734619 0.3703059852123261
0.0364210009574890 0.8660129904747009 0.3323549926280975
0.0260060001164674 0.8730530142784119 0.3418909907341004
0.1875209957361221 0.8802530169486999 0.2390999943017960
0.1797409951686859 0.8632889986038208 0.2477490007877350
0.0272220000624656 0.6274909973144531 0.3668150007724762
0.0168030001223087 0.6630190014839172 0.3695319890975952
0.0085340002551674 0.6902790069580078 0.3647890090942383
0.0390379987657070 0.7145580053329468 0.3683589994907379
0.0275589991360902 0.7327790260314941 0.3855470120906830
0.0179389994591474 0.7360000014305115 0.3953239917755127
0.0167609993368387 0.7272049784660339 0.3970659971237183
0.0247649997472763 0.7256739735603333 0.3881640136241913
0.0088950004428625 0.7581560015678406 0.3819719851016998
0.1687179952859878 0.8297160267829894 0.2447829991579056
0.1769900023937225 0.8450279831886291 0.2440890073776245
0.1907880008220673 0.8940659761428833 0.2283390015363693
0.2027799934148788 0.9591289758682252 0.1748889982700348
0.1978220045566559 0.9380490183830262 0.1957200020551682
0.0199919994920492 0.6115059852600097 0.3588410019874573
0.0199720002710819 0.7198929786682129 0.3890500068664551
0.0144199999049305 0.7187880277633667 0.3931739926338196
0.0102340001612901 0.7060130238533020 0.3788810074329376
0.0168559998273849 0.8744980096817016 0.3459430038928986
0.0405189990997314 0.8392559885978698 0.3155669867992401
0.0776360034942626 0.8168280124664307 0.2911829948425293
0.0727209970355033 0.8052499890327453 0.2960689961910248
0.0748049989342689 0.8399050235748291 0.2895250022411347
0.1532959938049316 0.8390100002288818 0.2610700130462646
0.1652739942073822 0.8665159940719604 0.2610859870910644
0.0173400007188320 0.5362359881401062 0.3371390104293823
0.0223030000925064 0.6402149796485901 0.3742780089378357
0.0094769997522234 0.7379170060157775 0.3991929888725281
0.0094339996576309 0.7277979850769043 0.4004699885845185
0.0763060003519058 0.8815169930458068 0.3165650069713592
0.0817719995975494 0.9069190025329590 0.3300809860229492
0.0517389997839927 0.8170570135116577 0.2934040129184723
0.0562219992280006 0.8179000020027160 0.2916109859943390
0.1565700024366379 0.8213440179824829 0.2543280124664307
0.1584450006484985 0.8506280183792114 0.2582600116729736
0.1636960059404373 0.9074040055274963 0.2771410048007965
0.1619849950075149 0.8923149704933166 0.2754189968109131
0.0157789997756481 0.6292229890823364 0.3713319897651672
0.0216489993035793 0.7024170160293580 0.3594270050525665
0.0121360002085566 0.7003859877586364 0.3682059943675995
0.0143630001693964 0.7040629982948303 0.3688850104808808
0.0072460002265870 0.7178170084953308 0.3956379890441894
0.0049729999154806 0.7039219737052918 0.3796649873256684
0.0756300017237663 0.9208409786224365 0.3364950120449066
0.0749389976263046 0.8685870170593262 0.3066819906234741
0.0571889989078044 0.8205260038375854 0.2895399928092957
0.1489730030298233 0.8402609825134277 0.2637839913368225
0.1542769968509674 0.8579559922218323 0.2634269893169403
0.1475590020418167 0.9285159707069396 0.2924630045890808
0.2066839933395386 0.9811729788780212 0.1498440057039261
0.0095450002700090 0.6151980161666870 0.3640770018100739
0.0064559997990727 0.6971719861030579 0.3696489930152893
0.1003770008683205 0.9114699959754944 0.3221940100193024
0.0963679999113082 0.9274730086326600 0.3269129991531372
0.0947080031037330 0.8901420235633850 0.3140589892864227
0.0514749996364116 0.8255310058593750 0.2949810028076172
0.1573950052261353 0.8796219825744628 0.2731319963932037
0.1477739959955215 0.9164010286331177 0.2926599979400635
0.1424240022897720 0.8980600237846374 0.2923539876937866
0.1210469976067543 0.9302830100059510 0.3126060068607331
0.0092169996351003 0.5332729816436767 0.3374969959259033
0.1145879998803139 0.8965740203857422 0.3079890012741089
0.1210329979658127 0.9153249859809875 0.3116819858551025
0.0925889983773231 0.8786870241165161 0.3060050010681153
0.0803479999303817 0.8577330112457275 0.2972710132598877
0.0839800015091896 0.8499619960784913 0.2952499985694885
0.1805510073900223 1.0030269622802730 0.2265789955854416
0.1855629980564117 1.0290889739990230 0.2039009928703308
0.1103530004620552 0.8844389915466309 0.3026149868965149
0.1455789953470230 0.8615469932556152 0.2714689970016479
0.1329939961433411 0.8854290246963501 0.2915509939193725
0.0949570015072822 0.8641359806060791 0.2954680025577545
0.0964670032262802 0.8548110127449036 0.2939009964466095
0.1369740068912506 0.8462849855422973 0.2730540037155151
0.1554639935493469 1.0180000066757200 0.2570140063762665
0.1095940023660660 0.8677899837493897 0.2917859852313996
0.1096120029687881 0.8503000140190125 0.2840259969234467
0.1114820018410683 0.8577439785003662 0.2909309864044189
0.1261299997568131 0.8687610030174255 0.2848489880561828
0.1220270022749901 0.8495290279388428 0.2788589894771576
0.1622650027275085 1.0474430322647090 0.2334589958190918
0.1342259943485260 1.0632719993591310 0.2537029981613159
0.1070109978318214 1.0743980407714840 0.2657420039176941
0.0777549967169761 1.0393790006637570 0.3052639961242676
0.1035460010170937 1.0346219539642330 0.2955459952354431
0.0806490033864975 1.0817220211029050 0.2725780010223389
0.0525650009512901 0.9985030293464660 0.3326019942760468
0.0769539996981620 0.9941899776458740 0.3254010081291199
0.1007449999451637 0.9925839900970459 0.3136560022830963
0.1233770027756691 0.9901030063629151 0.2974489927291870
0.1470900028944015 0.9820669889450074 0.2765989899635315
0.1730529963970184 0.9685400128364563 0.2472019940614700
0.0195909999310970 0.8404030203819276 0.3350799977779388
0.0135559998452663 0.8452489972114563 0.3386290073394776
0.0637340024113655 0.7918130159378052 0.3043690025806427
0.0349140018224716 0.8007829785346985 0.3217459917068481
0.0411779992282390 0.7548769712448120 0.3417989909648895
0.0554380007088184 0.6791779994964599 0.3406699895858765
0.0481310002505779 0.6381070017814637 0.3473230004310608
0.0431560017168521 0.6239129900932312 0.3548730015754700
0.1330910027027130 0.8116459846496582 0.2771799862384796
0.1391869932413101 0.7958109974861146 0.2727459967136383
0.1490959972143173 0.7746769785881042 0.2689140141010284
0.1534759998321533 0.7592049837112426 0.2687349915504456
0.1371230036020279 0.7366390228271484 0.2875419855117798
0.0342179983854293 0.6199340224266052 0.3592050075531006
0.0271450001746416 0.6062049865722656 0.3526799976825714
0.0251090005040168 0.5397120118141174 0.3352980017662049
0.1556289941072464 0.5706670284271240 0.1912660002708435
0.1456899940967560 0.5676349997520447 0.2176859974861145
0.1730979979038238 0.5992929935455323 0.1483760029077530
0.1794430017471314 0.6241229772567749 0.1615400016307831
0.1484549939632416 0.6023690104484558 0.2396810054779053
0.1758600026369095 0.7965599894523621 0.2411340028047562
0.1613949984312058 0.8079829812049866 0.2540349960327148
0.2204370051622391 0.7511709928512573 0.0657880008220672
0.1281040012836456 1.0285170078277590 0.2802239954471588
0.0252529997378587 1.0479259490966800 0.3138760030269623
0.0439000017940998 0.7437419891357422 0.3554039895534515
0.0249170009046793 0.7580829858779908 0.3665080070495606
0.0175540000200271 0.7631070017814637 0.3709389865398407
0.0089509999379515 0.7661799788475036 0.3731389939785004
0.1575690060853958 0.8347229957580567 0.2560549974441528
0.1559679955244064 0.8014140129089356 0.2594169974327087
0.1714899986982346 0.7899590134620667 0.2466440051794052
0.1792619973421097 0.7756440043449402 0.2395849972963333
0.1933149993419647 0.7680090069770813 0.2193430066108704
0.0268840007483959 0.7423440217971802 0.3819459974765777
0.0179030001163482 0.7467309832572937 0.3886289894580841
0.0087010003626346 0.7490079998970031 0.3916540145874024
0.0275159999728202 1.0911959409713750 0.2793709933757782
0.0573009997606277 0.6959000229835510 0.3395490050315857
0.0540050007402896 0.7321320176124572 0.3453519940376282
0.0473849996924400 0.8257160186767578 0.3016130030155182
0.0868420004844665 0.6932830214500428 0.3223110139369965
0.0782660022377967 0.6737480163574218 0.3266899883747101
0.0747959986329078 0.6594430208206177 0.3270680010318756
0.1155870035290718 0.7402740120887757 0.3014110028743744
0.1115759983658791 0.7606070041656494 0.2965959906578064
0.1069160029292107 0.7722719907760620 0.2945689857006073
0.1076849997043610 0.7953010201454163 0.2890839874744415
0.0322320014238357 0.6962410211563110 0.3562720119953155
0.0717630013823509 0.6447319984436035 0.3269009888172150
0.0658619999885559 0.6344029903411866 0.3303279876708984
0.0578290000557899 0.6249830126762390 0.3376260101795197
0.0608920007944107 0.5964300036430359 0.3301660120487213
0.0583389997482299 0.5867019891738892 0.3274559974670410
0.0494249984622001 0.5793610215187073 0.3227240145206451
0.0480609983205795 0.5538920164108276 0.3100050091743469
0.0530209988355636 0.8046150207519532 0.3011589944362641
0.0595780014991760 0.8123990297317505 0.2941530048847199
0.0609369985759258 0.8284019827842712 0.2898429930210113
0.0129249999299645 0.7077429890632630 0.3783560097217560
0.0189989991486072 0.6926940083503724 0.3604280054569244
0.0325130000710487 0.7213569879531860 0.3782260119915009
0.0420100018382072 0.6945840120315552 0.3519380092620850
0.0054939999245107 0.7101820111274719 0.3878810107707978
0.0115240002050995 0.7119079828262330 0.3867860138416291
0.0145060000941157 0.7128980159759521 0.3851409852504730
0.0178289990872144 0.7108399868011475 0.3752279877662659
0.1525750011205673 0.8452839851379395 0.2636379897594452
0.1482090055942535 0.8478320240974427 0.2680929899215698
0.1393769979476929 0.8509920239448548 0.2754369974136353
0.1248100027441978 0.8560829758644104 0.2851459980010986
0.0557899996638298 0.8221259713172913 0.2920829951763153
0.0646770000457763 0.8177599906921386 0.2908500134944916
0.0863749980926513 0.8138920068740845 0.2919139862060547
0.1072480008006096 0.8118379712104797 0.2886559963226318
0.1487780064344406 0.8156830072402954 0.2648859918117523
0.1723259985446930 0.8549039959907532 0.2513189911842346
0.1981720030307770 1.0061589479446410 0.1768050044775009
0.1945620030164719 0.9833490252494812 0.2005150020122528
0.1884250044822693 0.9567239880561829 0.2206590026617050
0.1805939972400665 0.9069809913635254 0.2529700100421906
0.1762129962444305 0.8962540030479432 0.2608120143413544
0.1707569956779480 0.8754389882087707 0.2610430121421814
0.1563369929790497 0.8411139845848083 0.2593050003051758
0.1631440073251724 0.8436759710311890 0.2520329952239990
0.1530140042304993 0.8188650012016297 0.2589150071144104
0.0330080017447471 0.9094849824905395 0.3514649868011475
0.0551309995353221 0.9127690196037293 0.3448410034179688
0.0668869987130165 0.9005389809608460 0.3344720005989075
0.0612270012497902 0.8731499910354614 0.3192040026187897
0.0619250014424324 0.8572880029678345 0.3065949976444244
0.0697100013494491 0.8495560288429261 0.2978569865226746
0.0737989991903305 0.8429009914398194 0.2943859994411469
0.0860650017857551 0.6308590173721313 0.3141410052776337
0.0893749967217445 0.6394289731979370 0.3139640092849731
0.1067840009927750 0.6573219895362854 0.3061389923095703
0.1175300031900406 0.7193809747695923 0.3030059933662415
0.0125890001654624 0.5199090242385864 0.3493869900703430
0.0105250002816319 0.5040249824523926 0.3459070026874542
0.0080439997836947 0.4977839887142181 0.3367469906806946
0.0113140000030398 0.4760070145130157 0.3192450106143951
0.0119810001924634 0.4563789963722229 0.3099899888038636
0.0143990004435181 0.4297089874744415 0.2939180135726929
0.0125919999554753 0.4133769869804382 0.2640829980373383
0.0160140004009008 0.4168590009212494 0.2334270030260086
0.0212510004639625 0.4383200109004974 0.1814710050821304
0.0200549997389316 0.4485110044479370 0.1605660021305084
0.0253589991480112 0.5209779739379883 0.3445099890232086
0.0227649994194507 0.5078089833259583 0.3401780128479004
0.0206039994955062 0.4994789958000183 0.3310619890689850
0.0235190000385046 0.4756760001182556 0.3147830069065094
0.0252630002796649 0.4550049901008606 0.3052810132503510
0.0271879993379116 0.4292170107364655 0.2889350056648254
0.0271850004792213 0.4155069887638092 0.2582080066204071
0.0320120006799697 0.4202310144901276 0.2267230004072189
0.0360339991748333 0.4420329928398132 0.1757040023803711
0.0370079986751079 0.4500229954719544 0.1601310074329376
0.0308849997818470 0.5252749919891357 0.3412989974021912
0.0329970009624958 0.5141069889068604 0.3332529962062836
0.0329379998147487 0.5040100216865540 0.3242360055446625
0.0348340012133121 0.4780080020427704 0.3098329901695251
0.0367689989507198 0.4521189928054810 0.2985720038414001
0.0408830009400844 0.4305450022220612 0.2806240022182465
0.0426900014281272 0.4201450049877167 0.2523890137672424
0.0500870011746883 0.4262259900569916 0.2201340049505234
0.0546259991824626 0.4456329941749572 0.1763399988412857
0.0549589991569519 0.4543299973011017 0.1596229970455170
0.0582199990749359 0.5505329966545105 0.3138650059700012
0.0594529993832111 0.5478670001029968 0.3131459951400757
0.0615109987556934 0.5355949997901917 0.3080399930477142
0.0817969962954521 0.4864529967308044 0.2671200037002564
0.0866260007023811 0.4733250141143799 0.2518100142478943
0.0914949998259544 0.4591509997844696 0.2230799943208694
0.0957179963588714 0.4616059958934784 0.1895470023155212
0.1063409969210625 0.4789679944515228 0.1558510065078735
0.0369409993290901 0.6685010194778442 0.3534289896488189
0.0245069991797208 0.6779350042343140 0.3602330088615418
0.0120719997212290 0.6773049831390381 0.3646570146083832
0.0757390037178993 0.6034409999847412 0.3161590099334717
0.0809139981865882 0.5678229928016662 0.3010210096836090
0.0862760022282600 0.5484790205955505 0.2906259894371033
0.0770689994096756 0.5327010154724121 0.2926250100135804
0.0675330013036727 0.5212939977645874 0.2969810068607331
0.0578819997608661 0.5087260007858276 0.3014929890632629
0.0348999984562397 0.4921100139617920 0.3156180083751679
0.0209539998322725 0.4875899851322174 0.3220039904117584
0.0094309998676180 0.4875720143318176 0.3264279961585999
0.0187049992382526 0.4245109856128692 0.2113160043954849
0.0350719988346099 0.4293079972267151 0.2025830000638962
0.0527630001306533 0.4359410107135773 0.1954569965600967
0.0861610025167465 0.4574280083179474 0.1786710023880005
0.1006219983100891 0.4707799851894379 0.1681939959526062
0.1147430017590523 0.4847370088100433 0.1664550006389618
0.1376239955425262 0.5200849771499634 0.1676290035247803
0.1613389998674393 0.6045479774475098 0.2123119980096817
0.1698559969663620 0.7048509716987610 0.2553830146789551
0.1672849953174591 0.7346439957618714 0.2583889961242676
0.1636919975280762 0.7606220245361329 0.2583250105381012
0.1190799996256828 0.4933199882507324 0.1509460061788559
0.1433369964361191 0.5316799879074097 0.1490339934825897
0.1650629937648773 0.5824699997901916 0.1672360002994537
0.1716199964284897 0.6109870076179505 0.1840299963951111
0.1820019930601120 0.7129120230674743 0.2362949997186661
0.0931459963321685 0.5558050274848938 0.2872900068759918
0.0994229987263679 0.5530130267143249 0.2798449993133545
0.1077980026602745 0.5486389994621277 0.2683700025081635
0.1236720010638237 0.5390430092811585 0.2395630031824112
0.1394529938697815 0.5375580191612244 0.2011640071868897
0.1466059982776642 0.5406669974327087 0.1747460067272186
0.1554169952869415 0.5564479827880860 0.1526640057563782
0.1662449985742569 0.5801730155944824 0.1284179985523224
0.1701830029487610 0.5908340215682984 0.0979650020599365
0.0844070017337799 0.5569210052490234 0.2952519953250885
0.0765329971909523 0.5588859915733338 0.3010010123252868
0.0691939964890480 0.5629119873046875 0.3020910024642945
0.0670899972319602 0.5640929937362671 0.2995209991931916
0.0652830004692077 0.5625079870223999 0.3002870082855224
0.1859920024871826 0.7528169751167297 0.2320799976587296
0.1656489968299866 0.8131830096244812 0.2492859959602356
0.1848140060901642 0.7838209867477417 0.2309979945421219
0.1795469969511032 0.8035200238227844 0.2367700040340424
0.1683820039033890 0.8163390159606934 0.2463759928941727
0.1590950042009354 0.8303999900817871 0.2519969940185547
0.1594129949808121 0.8239349722862244 0.2508600056171417
0.1631889939308166 0.8312399983406067 0.2504180073738098
0.0261519998311996 0.9994509816169738 0.3376879990100861
0.0512229986488819 1.0433460474014280 0.3115789890289307
0.0544140003621578 1.0880509614944460 0.2760579884052276
0.0096950000151991 0.8114529848098755 0.3460380136966705
0.0334790013730526 0.7891830205917358 0.3297820091247558
0.0435130000114440 0.7765579819679260 0.3248240053653717
0.0916059985756874 0.7414669990539551 0.3131540119647980
0.1407109946012497 0.7064089775085449 0.2871440052986145
0.1574440002441406 0.7042499780654907 0.2711099982261658
0.1933410018682480 0.7272130250930787 0.2144470065832138
0.2027550041675568 0.7494069933891296 0.1975509971380234
0.1660349965095520 0.9220560193061829 0.2738150060176849
0.1799650043249130 0.6153069734573364 0.1209340021014214
0.2089470028877258 0.7246109843254089 0.1372170001268387
0.2120099961757660 0.7203029990196228 0.1026860028505325
0.1771660000085831 0.7404860258102417 0.2454510033130646
0.2076950073242188 0.7714650034904480 0.1860740035772324
0.2102929949760437 0.9315800070762634 0.1487510055303574
0.2161220014095306 0.7556250095367432 0.1312759965658188
0.2165250033140182 0.9517229795455932 0.1203460022807121
0.1971340030431748 0.8316100239753723 0.2086029946804047
0.1364060044288635 0.7575700283050537 0.2826749980449676
0.1301829963922501 0.7724000215530395 0.2822369933128357
0.1236980035901070 0.7946950197219849 0.2820860147476196
0.1204309985041618 0.8111109733581542 0.2838549911975860
0.0515859983861446 0.7197989821434021 0.3612630069255829
0.1598619967699051 0.8269119858741760 0.2504259943962097
0.1626050025224686 0.8256229758262634 0.2502920031547546
0.1696510016918182 0.8200950026512146 0.2446620017290115
0.1811040043830872 0.8092520236968995 0.2350569963455200
0.1906200051307678 0.8032230138778687 0.2214819937944412
0.1990430057048798 0.7945309877395630 0.2060980051755905
0.2093670070171356 0.7917730212211608 0.1800740063190460
0.2176010012626648 0.7894989848136902 0.1264560073614120
0.2195380032062531 0.7885779738426208 0.0984800010919570
0.2219710052013397 0.7884240150451660 0.0673960000276565
0.0642749965190887 0.7263069748878479 0.3322759866714477
0.0695649981498718 0.7549039721488952 0.3191089928150177
0.0706090033054351 0.7647150158882141 0.3140409886837005
0.0733620002865791 0.7764469981193542 0.3074750006198883
0.0543049983680248 0.6542400121688842 0.3416190147399902
0.0367080010473728 0.6513860225677490 0.3568649888038636
0.0371069982647895 0.6302319765090943 0.3621070086956024
0.0527670010924339 0.7085440158843994 0.3509429991245270
0.0559610016644001 0.7204800248146057 0.3508870005607605
0.0264400001615285 0.8156639933586121 0.3287479877471924
0.0251310002058744 0.8003789782524109 0.3362790048122406
0.0240100007504224 0.7733229994773865 0.3532539904117584
0.0329880006611347 0.7510809898376465 0.3609780073165894
0.0349540002644062 0.7439309954643250 0.3693290054798126
0.0339299999177455 0.7379469871520996 0.3761160075664520
0.0347790010273456 0.7302020192146301 0.3779590129852295
0.0349749997258186 0.7255269885063172 0.3781909942626953
0.0001710000069579 0.9487079977989197 0.3523069918155670
0.0291900001466274 0.9491710066795350 0.3499540090560913
0.0546640008687973 0.9497320055961609 0.3436749875545501
0.0788479968905449 0.9507880210876465 0.3337729871273041
0.1030649989843369 0.9532719850540161 0.3200869858264923
0.1250569969415665 0.9532780051231384 0.3050250113010406
0.1454800069332123 0.9489570260047913 0.2881200015544891
0.1679459959268570 0.9388430118560791 0.2665269970893860
0.1858839988708496 0.9277129769325257 0.2389100044965744
0.1941519975662231 0.9159849882125855 0.2124560028314590
0.2007589936256409 0.8972449898719788 0.1898069977760315
0.2111860066652298 0.8466359972953796 0.1549430042505264
0.0551320016384124 0.7142429947853088 0.3500019907951355
0.0720330029726028 0.4638670086860657 0.1538649946451187
0.0714640021324157 0.4552060067653656 0.1701599955558777
0.0697119981050491 0.4460290074348450 0.1871369928121567
0.0683460012078285 0.4379639923572540 0.2085690051317215
0.0608110018074512 0.4299930036067963 0.2460460066795349
0.0570859983563423 0.4381889998912812 0.2701170146465301
0.0539899989962577 0.4554919898509980 0.2862049937248230
0.0499100014567375 0.4802199900150299 0.2989439964294433
0.0476600006222724 0.5002970099449158 0.3081060051918030
0.0428790003061294 0.5110639929771423 0.3177329897880554
0.0403829999268055 0.5209969878196716 0.3279620110988617
0.0408249981701374 0.5310919880867004 0.3330079913139343
0.0329600013792514 0.5445860028266907 0.3267169892787933
0.0347010008990764 0.5971069931983948 0.3437049984931946
0.0413050018250942 0.6127359867095948 0.3518840074539185
0.0470560006797313 0.6976320147514344 0.3498310148715973
0.0248489994555711 0.7171040177345276 0.3596050143241882
0.1859519928693772 0.6380289793014527 0.1417379975318909
0.1900500059127808 0.6422250270843506 0.1139009967446327
0.0943259969353675 0.4841530025005341 0.1316300034523010
0.0199050009250640 0.4538330137729645 0.1465480029582977
0.0369470007717609 0.4559600055217743 0.1451649963855743
0.0000000000000000 0.4534240067005158 0.1452700048685074
0.0544920004904270 0.4609310030937195 0.1451770067214966
0.0740799978375434 0.4714699983596802 0.1408399939537048
0.0731400027871131 0.5049899816513062 0.2849580049514771
0.2106599956750870 0.8872200250625610 0.1489820033311844
0.2155289947986603 0.8994179964065551 0.1270059943199158
0.2221750020980835 0.9104580283164978 0.0984020009636879
0.1601320058107376 0.8362290263175964 0.2543370127677917
0.1666110008955002 0.8361030220985413 0.2473080009222031
0.1787970066070557 0.8365780115127564 0.2397930026054382
0.1875129938125610 0.8410800099372864 0.2305919975042343
0.1952099949121475 0.8500959873199462 0.2160249948501587
0.2007970064878464 0.8559799790382385 0.1980099976062775
0.2064020037651062 0.8757169842720032 0.1701180040836334
0.2142210006713867 0.8169479966163635 0.1480749994516373
0.2165990024805069 0.8204460144042968 0.1261570006608963
0.2190790027379990 0.8238509893417358 0.1012369990348816
0.2231059968471527 0.8264120221138001 0.0723930001258850
0.1632609963417053 0.8277469873428344 0.2497979998588562
0.1694999933242798 0.8240680098533631 0.2441760003566742
0.1809310019016266 0.8165739774703980 0.2355120033025741
0.1903519928455353 0.8150619864463807 0.2215690016746521
0.1993910074234009 0.8106729984283447 0.2043710052967072
0.2090329974889755 0.8113629817962647 0.1770929992198944
-0.0916609987616539 0.4595580101013183 0.2233819961547852
-0.0957209989428520 0.4616079926490784 0.1895480006933212
-0.1124759986996651 0.4804289937019348 0.1851650029420853
-0.1060670018196106 0.4804489910602570 0.2214969992637634
-0.0126029998064041 0.4133780002593994 0.2640840113162994
-0.0160249993205070 0.4168609976768493 0.2334229946136475
-0.0320199988782405 0.4202330112457276 0.2267200052738190
-0.0271949991583824 0.4155089855194092 0.2582049965858460
-0.0866440013051033 0.4733830094337464 0.2518270015716553
-0.0974090024828910 0.4894259870052338 0.2467779964208603
-0.1147470027208328 0.4847410023212433 0.1664569973945618
-0.1190830022096634 0.4933220148086548 0.1509490013122559
-0.1433389931917191 0.5316820144653320 0.1490370035171509
-0.1376390010118484 0.5201110243797302 0.1676360070705414
-0.0144020002335310 0.4297029972076416 0.2939119935035706
-0.0271949991583824 0.4292170107364655 0.2889319956302643
-0.0426630005240440 0.4201320111751556 0.2523570060729980
-0.0501060001552105 0.4262320101261139 0.2201399952173233
-0.0683519989252090 0.4379679858684540 0.2085690051317215
-0.0607939995825290 0.4299829900264740 0.2460689991712570
-0.0817949995398521 0.4865039885044098 0.2671479880809784
-0.0905139967799186 0.5014060139656067 0.2638739943504333
-0.1211260035634041 0.5189980268478394 0.2300290018320084
-0.1324779987335205 0.5153419971466065 0.1905470043420792
-0.1394540071487427 0.5375599861145020 0.2011680006980896
-0.1236720010638237 0.5390430092811585 0.2395630031824112
-0.1554169952869415 0.5564479827880860 0.1526660025119781
-0.1466069966554642 0.5406680107116700 0.1747500002384186
-0.0119839999824762 0.4563809931278228 0.3099910020828247
-0.0252679996192455 0.4550049901008606 0.3052789866924286
-0.0408880002796649 0.4305469989776611 0.2806220054626465
-0.0569770000874996 0.4381279945373535 0.2702159881591797
-0.0781259983777999 0.4440839886665344 0.2324829995632172
-0.0730820000171661 0.4548600018024445 0.2594949901103973
-0.1079630032181740 0.5274429917335510 0.2564150094985962
-0.1173549965023994 0.6265010237693787 0.2896929979324341
-0.0914769992232322 0.6129019856452942 0.3060559928417206
-0.1033369973301888 0.5648249983787537 0.2810069918632507
-0.1255870014429092 0.5652390122413635 0.2536210119724274
-0.1511549949645996 0.5491560101509094 0.1270020008087158
-0.1574220061302185 0.5650860071182251 0.1032219976186752
-0.1701830029487610 0.5908340215682984 0.0979740023612976
-0.1662449985742569 0.5801730155944824 0.1284170001745224
-0.0367720015347004 0.4521200060844421 0.2985709905624390
-0.0539939999580383 0.4554939866065979 0.2862010002136230
-0.1077980026602745 0.5486389994621277 0.2683700025081635
-0.0770680010318756 0.5327000021934509 0.2926250100135804
-0.0675330013036727 0.5212939977645874 0.2969810068607331
-0.0731429979205131 0.5049909949302673 0.2849560081958771
-0.0807870030403137 0.5182260274887085 0.2827059924602508
-0.0991130024194717 0.5352259874343872 0.2713609933853149
-0.0994229987263679 0.5530130267143249 0.2798449993133545
-0.0094360001385211 0.4875720143318176 0.3264270126819611
-0.0113199995830655 0.4760070145130157 0.3192439973354340
-0.0235239993780851 0.4756770133972168 0.3147819936275482
-0.0209589991718530 0.4875899851322174 0.3220010101795197
-0.0966589972376823 0.5668069720268250 0.2884120047092438
-0.1859519928693772 0.6380289793014527 0.1417379975318909
-0.2089579999446869 0.7246509790420532 0.1372240036725998
-0.2060199975967407 0.7321779727935791 0.1702249944210052
-0.1794430017471314 0.6241229772567749 0.1615400016307831
-0.0349059998989105 0.4921120107173919 0.3156149983406067
-0.0348390005528926 0.4780119955539704 0.3098320066928863
-0.0499139986932277 0.4802210032939911 0.2989409863948822
-0.0476640015840530 0.5002989768981933 0.3081049919128418
-0.0629390031099319 0.4911099970340729 0.2901679873466492
-0.0578840002417564 0.5087270140647888 0.3014909923076630
-0.0594520010054111 0.5478690266609192 0.3131470084190369
-0.0615109987556934 0.5355949997901917 0.3080399930477142
-0.0712390020489692 0.5431489944458008 0.3015620112419128
-0.0648240000009536 0.5546399950981140 0.3076179921627044
-0.0915889963507652 0.5437679886817932 0.2834730148315430
-0.0862760022282600 0.5484790205955505 0.2906259894371033
-0.0879829972982406 0.6084650158882141 0.3075349926948547
-0.1067840009927750 0.6573259830474853 0.3061400055885315
-0.0893749967217445 0.6394289731979370 0.3139640092849731
-0.0105290003120899 0.5040310025215149 0.3459109961986541
-0.0080439997836947 0.4977830052375793 0.3367469906806946
-0.0206080004572868 0.4994800090789795 0.3310599923133850
-0.0227649994194507 0.5078089833259583 0.3401780128479004
-0.0931459963321685 0.5558050274848938 0.2872900068759918
-0.0844070017337799 0.5569210052490234 0.2952519953250885
-0.0860650017857551 0.6308590173721313 0.3141410052776337
-0.0782660022377967 0.6737499833106995 0.3266899883747101
-0.0868420004844665 0.6932830214500428 0.3223110139369965
-0.0906120017170906 0.7689319849014282 0.3032200038433075
-0.0909140035510063 0.7530959844589234 0.3095949888229370
-0.1155819967389107 0.7402740120887757 0.3014140129089356
-0.1115579977631569 0.7606409788131713 0.2965919971466065
-0.0329970009624958 0.5141069889068604 0.3332529962062836
-0.0329420007765293 0.5040119886398316 0.3242340087890625
-0.0428810007870197 0.5110650062561035 0.3177320063114166
-0.0403850004076957 0.5209980010986328 0.3279600143432617
-0.0525289997458457 0.5247979760169983 0.3132739961147308
-0.0497040003538131 0.5328109860420227 0.3212049901485443
-0.0582199990749359 0.5505329966545105 0.3138659894466400
-0.0590609982609748 0.5584959983825684 0.3049040138721466
-0.0761490017175674 0.5538480281829834 0.3004859983921051
-0.0736690014600753 0.5565569996833801 0.3026170134544372
-0.0809139981865882 0.5678229928016662 0.3010210096836090
-0.0876289978623390 0.5692600011825562 0.2970499992370605
-0.0829010009765625 0.6069279909133911 0.3108020126819611
-0.0757379978895187 0.6034409999847412 0.3161590099334717
-0.0747959986329078 0.6594430208206177 0.3270680010318756
-0.0125890001654624 0.5199099779129028 0.3493869900703430
-0.0253589991480112 0.5209779739379883 0.3445099890232086
-0.0480609983205795 0.5538920164108276 0.3100050091743469
-0.0567369982600212 0.5582789778709412 0.3033530116081238
-0.0765319988131523 0.5588870048522949 0.3010019958019256
-0.0691680014133453 0.5628989934921265 0.3020940124988556
-0.0724719986319541 0.6178529858589172 0.3219799995422364
-0.0784649997949600 0.6245689988136292 0.3179669976234436
-0.0717630013823509 0.6447319984436035 0.3269009888172150
-0.0508490018546581 0.7432289719581604 0.3386830091476440
-0.0549729987978935 0.7666990160942077 0.3212539851665497
-0.0435130000114440 0.7766169905662537 0.3247889876365661
-0.0411759987473487 0.7548769712448120 0.3418020009994507
-0.1069080010056496 0.7722759842872620 0.2945719957351684
-0.0909119993448257 0.7771469950675964 0.2997379899024963
-0.1771620064973831 0.7404860258102417 0.2454559952020645
-0.1723559945821762 0.7663019895553588 0.2488649934530258
-0.1636890023946762 0.7606220245361329 0.2583279907703400
-0.1672849953174591 0.7346940040588379 0.2583850026130676
-0.0092169996351003 0.5332729816436767 0.3374969959259033
-0.0173390004783868 0.5362359881401062 0.3371379971504211
-0.0308860000222921 0.5252739787101746 0.3412989974021912
-0.0408249981701374 0.5310919880867004 0.3330079913139343
-0.0481219999492168 0.5404779911041260 0.3262510001659393
-0.0663449987769126 0.5621129870414734 0.3015260100364685
-0.0734060034155845 0.5649989843368531 0.3025799989700317
-0.0715890005230903 0.5968890190124512 0.3187899887561798
-0.0642220005393028 0.5838170051574707 0.3210830092430115
-0.0704960003495216 0.5629230141639709 0.3025059998035431
-0.0562780015170574 0.7755849957466126 0.3157320022583008
-0.0594879984855651 0.7857840061187744 0.3090060055255890
-0.0495870001614093 0.7955300211906433 0.3093119859695435
-0.0446860007941722 0.7866650223731995 0.3175210058689117
-0.1076800003647804 0.7953029870986939 0.2890860140323639
-0.0944589972496032 0.7978399991989135 0.2930000126361847
-0.1301700025796890 0.7724320292472840 0.2822340130805969
-0.1236969977617264 0.7946950197219849 0.2820869982242584
-0.1648679971694946 0.7813420295715332 0.2539680004119873
-0.1577699929475784 0.7757549881935119 0.2615100145339966
-0.0251100007444620 0.5397120118141174 0.3352980017662049
-0.0329600013792514 0.5445860028266907 0.3267169892787933
-0.0414140000939369 0.5499209761619568 0.3184700012207031
-0.0629120022058486 0.5613589882850647 0.3009139895439148
-0.0670910030603408 0.5640910267829895 0.2995260059833526
-0.0661770030856132 0.6099339723587036 0.3271340131759644
-0.0608920007944107 0.5964300036430359 0.3301649987697601
-0.0637340024113655 0.7918130159378052 0.3043690025806427
-0.0733570009469985 0.7764469981193542 0.3074769973754883
-0.0766109973192214 0.7829229831695557 0.3031859993934631
-0.0652830004692077 0.5625079870223999 0.3002859950065613
-0.0651149973273277 0.5665420293807983 0.3016830086708069
-0.0619719997048378 0.5779989957809448 0.3178440034389496
-0.0251250006258487 0.8003810048103333 0.3362869918346405
-0.0240070000290870 0.7733229994773865 0.3532580137252808
-0.0321360006928443 0.7643949985504150 0.3473260104656220
-0.0334779992699623 0.7891899943351745 0.3297809958457947
-0.0821470022201538 0.8014389872550964 0.2953270077705383
-0.0727209970355033 0.8052480220794678 0.2960689961910248
-0.1974309980869293 0.7810710072517395 0.2106609940528870
-0.1886119991540909 0.7938590049743652 0.2244140058755875
-0.1848099976778030 0.7838209867477417 0.2310030013322830
-0.1933179944753647 0.7680109739303589 0.2193360030651092
-0.0646009966731071 0.5667020082473755 0.3023479878902435
-0.0558709986507892 0.5724139809608460 0.3135440051555633
-0.0583389997482299 0.5867019891738892 0.3274559974670410
-0.0192910004407167 0.8229309916496276 0.3355430066585540
-0.0116429999470710 0.8269919753074646 0.3400489985942840
-0.0096869999542832 0.8114550113677979 0.3460409939289093
-0.0181130003184080 0.8068450093269348 0.3418880105018616
-0.0965740010142326 0.8483430147171021 0.2882409989833832
-0.0969500020146369 0.8123720288276672 0.2914380133152008
-0.1072480008006096 0.8118379712104797 0.2886559963226318
-0.1096239984035492 0.8503000140190125 0.2840209901332855
-0.1204309985041618 0.8111109733581542 0.2838549911975860
-0.1220259964466095 0.8495270013809204 0.2788560092449188
-0.1795469969511032 0.8035200238227844 0.2367700040340424
-0.1758549958467484 0.7965599894523621 0.2411399930715561
-0.1890300065279007 0.8289989829063415 0.2252240031957626
-0.1903479993343353 0.8150619864463807 0.2215750068426132
-0.1993869990110397 0.8106750249862671 0.2043790072202683
-0.1971340030431748 0.8316540122032165 0.2086080014705658
-0.0494249984622001 0.5793610215187073 0.3227240145206451
-0.0574770011007785 0.7194179892539978 0.3393689990043640
-0.0540079995989799 0.7321259975433349 0.3453559875488281
-0.0542079992592334 0.7302250266075135 0.3536979854106903
-0.0563340000808239 0.7224519848823547 0.3441190123558044
-0.0515859983861446 0.7197989821434021 0.3612630069255829
-0.0525219999253749 0.7272639870643616 0.3596540093421936
-0.0450479984283447 0.7330420017242432 0.3681100010871887
-0.0449009984731674 0.7241060137748718 0.3704510033130646
-0.1439789980649948 0.8433859944343567 0.2683919966220856
-0.1418309956789017 0.8131639957427978 0.2711389958858490
-0.1487780064344406 0.8156809806823730 0.2648859918117523
-0.1489730030298233 0.8402609825134277 0.2637839913368225
-0.1683820039033890 0.8163390159606934 0.2463759928941727
-0.1656479984521866 0.8131830096244812 0.2492859959602356
-0.1863639950752258 0.8522260189056397 0.2357690036296844
-0.1875099986791611 0.8410800099372864 0.2305970042943955
-0.1952079981565476 0.8500959873199462 0.2160329967737198
-0.1929669976234436 0.8673130273818970 0.2243829965591431
-0.0481319986283779 0.6381070017814637 0.3473230004310608
-0.0367080010473728 0.6513860225677490 0.3568649888038636
-0.0371069982647895 0.6302319765090943 0.3621070086956024
-0.0431560017168521 0.6239129900932312 0.3548730015754700
-0.0563340000808239 0.7106320261955261 0.3424269855022431
-0.0573009997606277 0.6959000229835510 0.3395490050315857
-0.0259300004690885 0.7507209777832031 0.3748950064182282
-0.0181789994239807 0.7555099725723267 0.3793840110301971
-0.0178980007767677 0.7467309832572937 0.3886319994926452
-0.0268810000270605 0.7423440217971802 0.3819490075111389
-0.0083900000900030 0.7829840183258057 0.3602379858493805
-0.0164049994200468 0.7793639898300172 0.3581190109252930
-0.0280690006911754 0.8354129791259766 0.3276340067386627
-0.0378290005028247 0.8127899765968323 0.3134779930114746
-0.0405139997601509 0.8392559885978698 0.3155730068683624
-0.0364140011370182 0.8660110235214234 0.3323589861392975
-0.0863640010356903 0.8138960003852845 0.2919130027294159
-0.0846529975533485 0.8443300127983094 0.2895750105381012
-0.0747959986329078 0.8399180173873901 0.2895570099353790
-0.0776360034942626 0.8168280124664307 0.2911829948425293
-0.1769839972257614 0.8450319766998291 0.2440949976444244
-0.1787919998168945 0.8365759849548340 0.2397969961166382
-0.1875170022249222 0.8802570104598999 0.2391099929809570
-0.1797350049018860 0.8632889986038208 0.2477560043334961
-0.0522670000791549 0.6977120041847229 0.3445009887218476
-0.0470560006797313 0.6976320147514344 0.3498319983482361
-0.0420089997351169 0.6945819854736328 0.3519380092620850
-0.0554380007088184 0.6791779994964599 0.3406699895858765
-0.0457100011408329 0.7040200233459473 0.3556540012359619
-0.0445679984986782 0.7078840136528015 0.3600949943065644
-0.0390379987657070 0.7145580053329468 0.3683589994907379
-0.0179389994591474 0.7360000014305115 0.3953239917755127
-0.0275529995560646 0.7327859997749329 0.3855510056018829
-0.0259969998151063 0.8730509877204895 0.3418940007686615
-0.0195860005915165 0.8404030203819276 0.3350839912891388
-0.1723179966211319 0.8549460172653198 0.2513400018215180
-0.0168030001223087 0.6630190014839172 0.3695319890975952
-0.0293540004640817 0.6608660221099854 0.3618110120296478
-0.0245069991797208 0.6779350042343140 0.3602330088615418
-0.0120710004121065 0.6773049831390381 0.3646570146083832
-0.0167609993368387 0.7272049784660339 0.3970659971237183
-0.0247639995068311 0.7256760001182556 0.3881649971008301
-0.0088900001719594 0.7581560015678406 0.3819719851016998
-0.0086949998512864 0.7490079998970031 0.3916549980640412
-0.0668739974498748 0.9005360007286072 0.3344759941101074
-0.0551230013370513 0.9127600193023681 0.3448430001735687
-0.1584379971027374 0.8506299853324890 0.2582690119743347
-0.1631380021572113 0.8436809778213501 0.2520399987697601
-0.1707340031862259 0.8754600286483764 0.2610720098018646
-0.1652680039405823 0.8665199875831604 0.2610929906368256
-0.0272220000624656 0.6274909973144531 0.3668150007724762
-0.0199919994920492 0.6115059852600097 0.3588410019874573
-0.0271450001746416 0.6062049865722656 0.3526799976825714
-0.0342179983854293 0.6199319958686829 0.3592050075531006
-0.0223030000925064 0.6402149796485901 0.3742780089378357
-0.0315829999744892 0.6363769769668579 0.3680100142955780
-0.0199720002710819 0.7198929786682129 0.3890500068664551
-0.0145060000941157 0.7128980159759521 0.3851409852504730
-0.0094729997217655 0.7379189729690552 0.3991940021514893
-0.0168450009077787 0.8744950294494629 0.3459460139274597
-0.0135490000247955 0.8452489972114563 0.3386330008506775
-0.0612609982490539 0.8731369972229004 0.3191750049591064
-0.1542769968509674 0.8579559922218323 0.2634269893169403
-0.0094299996271729 0.7277979850769043 0.4004710018634796
-0.0329869985580444 0.9094920158386231 0.3514730036258698
-0.0763060003519058 0.8815169930458068 0.3165650069713592
-0.0817589983344078 0.9069179892539978 0.3300870060920716
-0.0619250014424324 0.8572880029678345 0.3065960109233856
-0.0749389976263046 0.8685870170593262 0.3066819906234741
-0.1762070059776306 0.8962860107421875 0.2608290016651154
-0.0157789997756481 0.6292229890823364 0.3713319897651672
-0.0121360002085566 0.7003859877586364 0.3682070076465606
-0.0143630001693964 0.7040629982948303 0.3688850104808808
-0.0129249999299645 0.7077429890632630 0.3783560097217560
-0.0102340001612901 0.7060109972953796 0.3788810074329376
-0.0115250004455447 0.7119100093841553 0.3867860138416291
-0.0144199999049305 0.7187880277633667 0.3931739926338196
-0.0072460002265870 0.7178189754486084 0.3956379890441894
-0.0054899998940527 0.7101820111274719 0.3878810107707978
-0.0756160020828247 0.9208390116691589 0.3365019857883453
-0.1003699973225594 0.9114699959754944 0.3221980035305023
-0.0946969985961914 0.8901439905166627 0.3140639960765839
-0.0697190016508102 0.8495659828186035 0.2978569865226746
-0.0803529992699623 0.8577269911766052 0.2972699999809265
-0.0571889989078044 0.8205260038375854 0.2895399928092957
-0.0562219992280006 0.8179000020027160 0.2916100025177002
-0.0646770000457763 0.8177599906921386 0.2908500134944916
-0.0609369985759258 0.8284029960632324 0.2898440062999725
-0.1619790047407150 0.8923169970512390 0.2754249870777130
-0.1636880040168762 0.9074059724807739 0.2771489918231964
-0.1477600038051605 0.9164010286331177 0.2926689982414246
-0.1424109935760498 0.8981000185012818 0.2923820018768310
-0.0085330000147223 0.6902790069580078 0.3647879958152771
-0.0064559997990727 0.6971719861030579 0.3696489930152893
-0.0095450002700090 0.6151980161666870 0.3640770018100739
-0.0189980007708072 0.6926940083503724 0.3604280054569244
-0.0216489993035793 0.7024170160293580 0.3594270050525665
-0.0322320014238357 0.6962410211563110 0.3562720119953155
-0.0049700001254677 0.7039219737052918 0.3796649873256684
-0.0963549986481666 0.9274709820747375 0.3269209861755371
-0.0925889983773231 0.8786870241165161 0.3060050010681153
-0.0473860017955303 0.8257179856300355 0.3016119897365570
-0.0514760017395019 0.8255310058593750 0.2949810028076172
-0.1525750011205673 0.8452839851379395 0.2636379897594452
-0.1482090055942535 0.8478320240974427 0.2680929899215698
-0.1573880016803741 0.8796669840812684 0.2731620073318482
-0.1455789953470230 0.8615469932556152 0.2714689970016479
-0.1210170015692711 0.9153519868850708 0.3116950094699860
-0.1145780012011528 0.8965740203857422 0.3079940080642700
-0.1103520020842552 0.8844389915466309 0.3026149868965149
-0.0949440002441406 0.8641399741172791 0.2954710125923156
-0.0737780034542083 0.8429129719734191 0.2944059967994690
-0.0839029997587204 0.8500789999961853 0.2953430116176605
-0.1329810023307800 0.8854330182075501 0.2915599942207336
-0.1261299997568131 0.8687610030174255 0.2848489880561828
-0.1095810011029244 0.8678020238876343 0.2917900085449219
-0.0965000018477439 0.8547949790954589 0.2938799858093261
-0.1369709968566895 0.8462809920310975 0.2730529904365540
-0.1393769979476929 0.8509920239448548 0.2754369974136353
-0.1855610013008118 1.0290830135345460 0.2039110064506531
-0.1622530072927475 1.0474469661712650 0.2334720045328140
-0.1554459929466248 1.0180339813232420 0.2570219933986664
-0.1805440038442612 1.0030269622802730 0.2265920042991638
-0.1114839985966683 0.8577460050582885 0.2909300029277802
-0.1248100027441978 0.8560850024223328 0.2851459980010986
-0.1342120021581650 1.0632760524749760 0.2537130117416382
-0.1280850023031235 1.0285470485687260 0.2802209854125977
-0.1069860011339188 1.0744210481643680 0.2657339870929718
-0.0777380019426345 1.0393830537796020 0.3052690029144287
-0.1035320013761520 1.0346239805221560 0.2955549955368042
-0.0806199982762336 1.0817489624023440 0.2725670039653778
-0.0543919987976551 1.0880529880523680 0.2760629951953888
-0.0274950005114078 1.0911999940872190 0.2793689966201782
-0.0252299997955560 1.0479559898376470 0.3138589859008789
-0.0512019991874694 1.0433499813079830 0.3115819990634918
-0.0525470003485679 0.9985030293464660 0.3326059877872467
-0.0546480007469654 0.9497320055961609 0.3436779975891114
-0.0788329988718032 0.9507880210876465 0.3337790071964264
-0.0769390016794204 0.9941939711570739 0.3254080116748810
-0.1030519977211952 0.9532719850540161 0.3200959861278534
-0.1007319986820221 0.9925860166549683 0.3136650025844574
-0.1233659982681274 0.9901049733161926 0.2974579930305481
-0.1250440031290054 0.9532780051231384 0.3050360083580017
-0.1454679965972900 0.9489570260047913 0.2881309986114502
-0.1470779925584793 0.9820709824562072 0.2766099870204925
-0.1679379940032959 0.9388449788093567 0.2665359973907471
-0.1730410009622574 0.9685729742050171 0.2472109943628311
-0.1884199976921082 0.9567260146141052 0.2206709980964661
-0.1858800053596497 0.9277110099792480 0.2389229983091354
-0.1941480040550232 0.9159870147705078 0.2124689966440201
-0.1978189945220947 0.9380490183830262 0.1957329958677292
-0.0705360025167465 0.4718410074710846 0.2744109928607941
-0.0502000004053115 0.7133219838142395 0.3597779870033264
-0.0437199994921684 0.7202780246734619 0.3703069984912872
-0.0527679994702339 0.7085440158843994 0.3509429991245270
-0.0349120013415813 0.8007850050926208 0.3217490017414093
-0.0349380001425743 0.7439519762992859 0.3693229854106903
-0.0339270010590553 0.7379509806632996 0.3761169910430908
-0.0457939989864826 0.7380279898643493 0.3625760078430176
-0.0347810015082359 0.7302020192146301 0.3779579997062683
-0.0349760018289089 0.7255250215530395 0.3781900107860565
-0.0325139984488487 0.7213569879531860 0.3782249987125396
-0.1407109946012497 0.7064089775085449 0.2871440052986145
-0.1175260022282600 0.7193809747695923 0.3030079901218414
-0.1371189951896668 0.7366750240325928 0.2875410020351410
-0.1364019960165024 0.7575680017471314 0.2826780080795288
-0.1330910027027130 0.8116459846496582 0.2771799862384796
-0.1488420069217682 0.7976880073547364 0.2656599879264832
-0.1391810029745102 0.7958130240440369 0.2727499902248383
-0.1490930020809173 0.7746750116348266 0.2689169943332672
-0.1556289941072464 0.5706670284271240 0.1912660002708435
-0.1456899940967560 0.5676349997520447 0.2176859974861145
-0.1650619953870773 0.5824699997901916 0.1672350019216538
-0.1716199964284897 0.6109870076179505 0.1840299963951111
-0.1613389998674393 0.6045489907264709 0.2123119980096817
-0.2027550041675568 0.7494530081748963 0.1975550055503845
-0.1933369934558868 0.7272170186042785 0.2144539952278137
-0.1484549939632416 0.6023690104484558 0.2396810054779053
-0.1006219983100891 0.4707790017127991 0.1681990027427673
-0.1574440002441406 0.7042499780654907 0.2711099982261658
-0.1820019930601120 0.7129120230674743 0.2362959980964661
-0.1698559969663620 0.7048490047454834 0.2553830146789551
-0.0916009992361068 0.7414680123329162 0.3131560087203980
-0.0438929982483387 0.7437459826469421 0.3554089963436127
-0.0329880006611347 0.7510870099067688 0.3609679937362671
-0.0089509999379515 0.7661970257759094 0.3731229901313782
-0.0175490006804466 0.7631229758262634 0.3709230124950409
-0.1559630036354065 0.8014140129089356 0.2594209909439087
-0.1714800000190735 0.7899929881095886 0.2466530054807663
-0.1613959968090057 0.8079829812049866 0.2540340125560761
-0.1792570054531097 0.7756440043449402 0.2395910024642944
-0.1567610055208206 0.7353379726409912 0.2702710032463074
-0.2007949948310852 0.8559839725494385 0.1980179995298386
-0.1968829929828644 0.8792129755020142 0.2088779956102371
-0.1907819956541061 0.8941000103950501 0.2283580005168915
-0.1805859953165054 0.9070129990577697 0.2529850006103516
-0.1660210043191910 0.9220870137214661 0.2738290131092072
-0.1475449949502945 0.9285159707069396 0.2924740016460419
-0.1210360005497932 0.9302830100059510 0.3126139938831329
-0.0261339992284774 0.9994530081748963 0.3376890122890472
-0.0291740000247955 0.9491710066795350 0.3499560058116913
-0.0658629983663558 0.6344050168991089 0.3303270041942596
-0.0578290000557899 0.6249830126762390 0.3376260101795197
-0.0249029994010925 0.7581009864807128 0.3665080070495606
-0.0490959994494915 0.6036090254783630 0.3428680002689361
-0.0516079999506473 0.6109870076179505 0.3432610034942627
-0.0413050018250942 0.6127359867095948 0.3518840074539185
-0.0414890013635158 0.5887989997863770 0.3346779942512512
-0.0347010008990764 0.5971069931983948 0.3437049984931946
-0.0454280003905296 0.8140789866447448 0.3014830052852630
-0.0530209988355636 0.8046150207519532 0.3011589944362641
-0.0595679990947246 0.8123970031738281 0.2941539883613587
-0.0517319999635219 0.8170570135116577 0.2934060096740723
-0.0264369994401931 0.8156679868698120 0.3287520110607148
-0.0706010013818740 0.7647150158882141 0.3140450119972229
-0.0696140006184577 0.7549039721488952 0.3190819919109345
-0.0557899996638298 0.8221259713172913 0.2920829951763153
-0.2120089977979660 0.7203040122985839 0.1026979982852936
-0.2183090001344681 0.7533659934997559 0.0993980020284652
-0.2161239981651306 0.7556669712066651 0.1312830001115799
-0.0642729997634887 0.7263429760932923 0.3322719931602478
-0.0369450002908706 0.6819649934768677 0.3522120118141174
-0.0178289990872144 0.7108399868011475 0.3752279877662659
-0.0248489994555711 0.7171040177345276 0.3596050143241882
-0.1594139933586121 0.8239349722862244 0.2508600056171417
-0.1565700024366379 0.8213440179824829 0.2543280124664307
-0.1563369929790497 0.8411139845848083 0.2593050003051758
-0.1530150026082993 0.8188650012016297 0.2589139938354492
-0.1532959938049316 0.8390100002288818 0.2610700130462646
-0.1981669962406158 1.0061570405960080 0.1768199950456619
-0.1945569962263107 0.9833850264549256 0.2005259990692139
-0.1601320058107376 0.8362269997596741 0.2543370127677917
-0.1666110008955002 0.8361030220985413 0.2473080009222031
-0.1575700044631958 0.8347229957580567 0.2560549974441528
-0.0187180005013942 0.4245119988918305 0.2113139927387237
-0.0212629996240139 0.4383220076560974 0.1814689934253692
-0.0350820012390613 0.4293090105056763 0.2025820016860962
-0.0527720004320144 0.4359439909458161 0.1954569965600967
-0.0697190016508102 0.4460319876670837 0.1871369928121567
-0.0546369999647140 0.4456340074539185 0.1763450056314468
-0.0714719966053962 0.4552089869976044 0.1701609939336777
-0.0543049983680248 0.6542400121688842 0.3416180014610291
-0.0360459983348846 0.4420320093631745 0.1757079958915710
-0.1534730046987533 0.7592049837112426 0.2687380015850067
-0.1239250004291534 0.5025429725646973 0.1328790038824081
-0.1730979979038238 0.5992929935455323 0.1483760029077530
-0.1859900057315827 0.7528610229492187 0.2320799976587296
-0.1809310019016266 0.8165739774703980 0.2355120033025741
-0.1798450052738190 0.8266050219535827 0.2367240041494370
-0.1694999933242798 0.8240680098533631 0.2441760003566742
-0.1687179952859878 0.8297160267829894 0.2447829991579056
-0.1632609963417053 0.8277469873428344 0.2497979998588562
-0.1631889939308166 0.8312399983406067 0.2504180073738098
-0.1590950042009354 0.8303999900817871 0.2519969940185547
-0.1799769997596741 0.6153339743614196 0.1209089979529381
-0.2076860070228577 0.7714629769325257 0.1861000061035156
-0.1696510016918182 0.8200950026512146 0.2446620017290115
-0.1626050025224686 0.8256229758262634 0.2502920031547546
-0.1811040043830872 0.8092520236968995 0.2350569963455200
-0.1906169950962067 0.8032230138778687 0.2214879989624023
-0.1990389972925186 0.7945290207862854 0.2061060070991516
-0.0369409993290901 0.6685010194778442 0.3534289896488189
-0.0559200011193752 0.7205579876899720 0.3511100113391876
-0.0551320016384124 0.7142429947853088 0.3500019907951355
-0.2131080031394958 0.7617020010948182 0.1599379926919937
-0.1900500059127808 0.6422250270843506 0.1139020025730133
-0.1833779960870743 0.6195200085639954 0.0877090021967887
-0.2027750015258789 0.9591640233993531 0.1749009937047958
-0.2066809982061386 0.9811689853668212 0.1498579978942871
-0.2204349935054779 0.7511690258979798 0.0658129975199699
-0.2158599942922592 0.7180460095405578 0.0659430027008056
-0.1945099979639053 0.6501259803771973 0.0786029994487762
-0.1307539939880371 0.5180069804191589 0.1128320023417473
-0.0200689993798732 0.4485119879245758 0.1605679988861084
-0.0370169989764690 0.4500220119953155 0.1601350009441376
-0.0549799986183643 0.4543339908123016 0.1596270054578781
-0.0720420032739639 0.4638710021972656 0.1538649946451187
-0.0545019991695880 0.4609380066394806 0.1451719999313355
-0.0740879997611045 0.4714750051498413 0.1408369988203049
-0.0369540005922317 0.4559620022773743 0.1451620012521744
-0.0199200008064508 0.4538330137729645 0.1465499997138977
-0.0922439992427825 0.4759890139102936 0.1466290056705475
-0.0894699990749359 0.4669759869575501 0.1626929938793182
-0.1149929985404015 0.4993779957294464 0.1236520037055016
-0.0943259969353675 0.4841519892215729 0.1316310018301010
-0.0821370035409927 0.4495530128479004 0.1978790014982223
-0.0861689969897270 0.4574359953403473 0.1786639988422394
-0.1063430011272430 0.4789690077304840 0.1558489948511124
-0.1103790029883385 0.4884740114212036 0.1404599994421005
-0.2007559984922409 0.8972849845886231 0.1898169964551926
-0.2055570036172867 0.8356480002403259 0.1847209930419922
-0.2050659954547882 0.9144859910011291 0.1708579957485199
-0.2063989937305451 0.8757169842720032 0.1701309978961945
-0.2111839950084686 0.8466359972953796 0.1549540013074875
-0.2142360061407089 0.8544409871101380 0.1341609954833984
-0.2106570005416870 0.8872179985046387 0.1489939987659454
-0.2102899998426437 0.9315800070762634 0.1487639993429184
-0.2155269980430603 0.8994179964065551 0.1270159929990768
-0.2181220054626465 0.8620889782905578 0.1113229990005493
-0.2165209949016571 0.9517610073089600 0.1203550025820732
-0.2221730053424835 0.9104940295219421 0.0984129980206489
-0.2241739928722381 0.8681550025939941 0.0811240002512931
-0.2195370048284531 0.7886160016059876 0.0984869971871376
-0.2176000028848648 0.7894989848136902 0.1264670044183731
-0.2149289995431900 0.7902320027351379 0.1522050052881241
-0.2219700068235397 0.7884219884872436 0.0674069970846176
-0.2231069952249527 0.8264480233192444 0.0724050030112266
-0.2190770059823990 0.8238509893417358 0.1012490019202232
-0.2090310007333756 0.8113629817962647 0.1771039962768555
-0.2093659937381744 0.7918000221252442 0.1800740063190460
-0.2142159938812256 0.8169839978218079 0.1480849981307983
-0.2165980041027069 0.8204460144042968 0.1261679977178574
-0.1599439978599548 0.8277699947357178 0.2502959966659546
0.0000000000000000 0.6164019703865051 0.3665010035037994
0.1797100007534027 0.6175609827041626 0.1383720040321350
-0.1797100007534027 0.6175609827041626 0.1383720040321350
0.0623250007629394 0.8330330252647400 0.2932839989662170
0.0563730001449585 0.8402500152587891 0.2990469932556152
0.0528520010411739 0.8426740169525147 0.3041400015354157
0.0489550009369850 0.8547589778900146 0.3152669966220856
0.0548910014331340 0.8939480185508728 0.3372589945793152
0.0410309992730617 0.8942379951477051 0.3442260026931763
0.0262930002063512 0.8923680186271667 0.3488290011882782
0.0000000000000000 0.8892880082130432 0.3530620038509369
-0.0262850001454353 0.8924030065536499 0.3488419950008392
-0.0410210005939006 0.8942720293998719 0.3442440032958984
-0.0548770017921924 0.8939300179481507 0.3372560143470764
-0.0490199998021125 0.8547689914703369 0.3152190148830414
-0.0528520010411739 0.8426740169525147 0.3041400015354157
-0.0563680008053779 0.8402479887008667 0.2990500032901764
-0.0623219981789589 0.8330360054969788 0.2932929992675781
-0.1040870025753975 0.8164179921150208 0.2844049930572510
-0.0947029963135719 0.8178139925003052 0.2857890129089356
-0.1191760003566742 0.8142679929733276 0.2814559936523437
-0.1464010030031204 0.8174440264701843 0.2646650075912476
-0.1402949988842011 0.8158259987831116 0.2699199914932251
-0.0778610035777092 0.8183140158653260 0.2897900044918060
-0.0863440036773681 0.8179439902305603 0.2890389859676361
-0.0636579990386962 0.8186069726943969 0.2893820106983185
-0.0577270016074180 0.8186969757080078 0.2895860075950623
-0.1325149983167648 0.8144840002059936 0.2753719985485077
-0.1513729989528656 0.8201889991760253 0.2585839927196503
-0.1559630036354065 0.8221420049667359 0.2535920143127441
-0.1586689949035644 0.8253459930419922 0.2504250109195709
0.0947019979357719 0.8178139925003052 0.2857890129089356
0.1040870025753975 0.8164200186729431 0.2844029963016510
0.1191760003566742 0.8142679929733276 0.2814559936523437
0.1403010040521622 0.8158259987831116 0.2699159979820252
0.1464010030031204 0.8174440264701843 0.2646650075912476
0.0863609984517097 0.8179129958152771 0.2890650033950806
0.0778599977493286 0.8183159828186035 0.2897900044918060
0.0577259995043277 0.8186969757080078 0.2895860075950623
0.0636579990386962 0.8186069726943969 0.2893820106983185
0.1325110048055649 0.8144819736480713 0.2753739953041077
0.1513720005750656 0.8201889991760253 0.2585850059986115
0.1559620052576065 0.8221420049667359 0.2535910010337829
0.1586659997701645 0.8253459930419922 0.2504250109195709
0.1599429994821548 0.8277699947357178 0.2502959966659546
-0.1598619967699051 0.8269119858741760 0.2504259943962097
0.0434760004281997 0.7053070068359375 0.3582119941711426
-0.0434769988059997 0.7053089737892151 0.3582119941711426
0.0641319975256919 0.5620840191841126 0.3003669977188110
0.0627489984035492 0.5619239807128906 0.3011960089206696
0.0544300004839897 0.5719680190086365 0.3105300068855286
0.0523610003292560 0.5647180080413818 0.3111220002174378
0.0469590015709400 0.5793290138244628 0.3182789981365204
0.0425180010497570 0.5650140047073364 0.3169870078563690
0.0157800000160932 0.6027619838714600 0.3487890064716339
0.0096129998564720 0.5605469942092895 0.3384909927845001
0.0155699998140335 0.5624279975891114 0.3343940079212189
0.0228729993104934 0.5981240272521972 0.3426460027694702
0.0074479999020695 0.6059359908103942 0.3532299995422364
0.0045250002294778 0.5596010088920593 0.3410089910030365
0.0000099999997473 0.6073210239410400 0.3554559946060180
-0.0021579999011009 0.5600889921188355 0.3410620093345642
0.0322670005261898 0.5648609995841980 0.3238329887390137
0.0364519990980625 0.5880950093269348 0.3263790011405945
0.0297139994800090 0.5931190252304077 0.3351840078830719
0.0226370003074407 0.5654320120811462 0.3307130038738251
0.0647329986095428 0.5622040033340454 0.3005569875240326
-0.0630180016160011 0.5613800287246704 0.3010239899158478
-0.0547389984130859 0.5672069787979126 0.3096950054168701
-0.0544309988617897 0.5719680190086365 0.3105309903621674
-0.0641340017318725 0.5620859861373901 0.3003639876842499
-0.0463650003075599 0.5673639774322510 0.3147689998149872
-0.0469590015709400 0.5793290138244628 0.3182789981365204
-0.0157800000160932 0.6027619838714600 0.3487890064716339
-0.0228739995509386 0.5981240272521972 0.3426460027694702
-0.0189089998602867 0.5663970112800598 0.3331370055675507
-0.0123939998447895 0.5627329945564270 0.3363510072231293
-0.0074490001425147 0.5609130263328552 0.3391050100326538
-0.0074470001272857 0.6059359908103942 0.3532289862632751
-0.0370449982583522 0.5672469735145569 0.3215380012989044
-0.0277869999408721 0.5678600072860718 0.3282490074634552
-0.0297129992395639 0.5931190252304077 0.3351840078830719
-0.0364519990980625 0.5880950093269348 0.3263790011405945
-0.0647329986095428 0.5622040033340454 0.3005549907684326
-0.1079190000891685 0.6167410016059876 0.2947280108928680
-0.0984489992260932 0.6472380161285400 0.3098689913749695
-0.0818649977445602 0.6835250258445740 0.3249109983444214
-0.0608859993517398 0.7195090055465699 0.3360059857368469
-0.0516549982130527 0.7364919781684876 0.3431070148944855
-0.0414599999785423 0.7484170198440552 0.3470500111579895
-0.0318729989230632 0.7576580047607421 0.3537540137767792
-0.0241209995001554 0.7658309936523438 0.3591130077838898
-0.0168270003050565 0.7715380191802979 0.3634249866008758
-0.0087719997391104 0.7750629782676696 0.3653880059719085
0.0000000000000000 0.7767090201377869 0.3655099868774414
0.0087710004299879 0.7750800251960754 0.3653750121593475
0.0168229993432760 0.7715529799461364 0.3634139895439148
0.0241330005228519 0.7658309936523438 0.3590970039367676
0.0318679995834827 0.7576749920845032 0.3537470102310180
0.0414760001003742 0.7484049797058106 0.3470380008220673
0.0516499988734722 0.7364979982376099 0.3431119918823242
0.0608859993517398 0.7195090055465699 0.3360059857368469
0.0818649977445602 0.6835250258445740 0.3249109983444214
0.0984489992260932 0.6472380161285400 0.3098689913749695
0.1079159975051880 0.6167410016059876 0.2947309911251068
0.1153680011630058 0.5649279952049256 0.2674730122089386
0.1174189969897270 0.5441589951515197 0.2533339858055115
0.1154009997844696 0.5223360061645508 0.2422260046005249
0.1017419993877411 0.4834029972553253 0.2337650060653686
0.0882679969072341 0.4624780118465423 0.2384680062532425
0.0739009976387023 0.4452280104160309 0.2454500049352646
0.0569179989397525 0.4298419952392578 0.2565310001373291
0.0412180013954639 0.4205009937286377 0.2652130126953125
0.0262180007994174 0.4168869853019715 0.2728289961814880
0.0128399999812245 0.4167119860649109 0.2786180078983307
-0.0000180000006366 0.4186829924583435 0.2838029861450195
-0.0128469998016953 0.4167129993438721 0.2786180078983307
-0.0262240003794431 0.4168890118598938 0.2728269994258881
-0.0412210002541542 0.4205029904842377 0.2652109861373901
-0.0568899996578693 0.4298110008239746 0.2565320134162903
-0.0739509984850883 0.4452149868011475 0.2453040033578873
-0.0882980003952980 0.4625059962272644 0.2384400069713593
-0.1017440035939217 0.4834100008010864 0.2337670028209686
-0.1154009997844696 0.5223370194435119 0.2422260046005249
-0.1174200028181076 0.5441600084304810 0.2533339858055115
-0.1153689995408058 0.5649300217628479 0.2674730122089386
-0.1303109973669052 0.6406139731407165 0.2826569974422455
-0.1144130006432533 0.6723669767379761 0.3035370111465454
-0.0902879983186721 0.7064949870109558 0.3199720084667206
-0.0666000023484230 0.7350789904594422 0.3284229934215546
-0.0514760017395019 0.7497599720954895 0.3334529995918274
-0.0420299991965293 0.7613369822502136 0.3361789882183075
-0.0320469997823238 0.7720810174942016 0.3421199917793274
-0.0240669995546340 0.7813529968261719 0.3478159904479980
-0.0167599990963935 0.7878890037536621 0.3526329994201660
-0.0088440002873539 0.7915970087051392 0.3554230034351349
0.0000000000000000 0.7942789793014527 0.3556919991970062
0.1303109973669052 0.6406139731407165 0.2826569974422455
0.1144130006432533 0.6723669767379761 0.3035359978675843
0.0902879983186721 0.7064949870109558 0.3199720084667206
0.0666010007262229 0.7350900173187256 0.3284189999103546
0.0516059994697570 0.7497789859771729 0.3333060145378113
0.0420989990234375 0.7613639831542968 0.3360779881477356
0.0320880003273487 0.7720909714698792 0.3420529961585999
0.0240800008177757 0.7813590168952942 0.3477939963340759
0.0167709998786449 0.7878879904747009 0.3526200056076050
0.0088200001046061 0.7915989756584168 0.3554340004920959
0.1338360011577606 0.6001170277595520 0.2609399855136871
0.1345340013504028 0.5656639933586120 0.2393590062856674
0.1314119994640350 0.5373389720916748 0.2231590002775192
0.1261650025844574 0.5155450105667114 0.2131879925727844
0.1097669973969460 0.4793280065059662 0.2062209993600845
0.0931690037250518 0.4584240019321442 0.2091740071773529
0.0804599970579147 0.4456810057163238 0.2162989974021912
0.0649409964680671 0.4323099851608276 0.2302560061216354
0.0466950014233589 0.4207789897918701 0.2391559928655624
0.0294220000505447 0.4154739975929260 0.2455590069293976
0.0134950000792741 0.4123359918594360 0.2512930035591125
0.0000000000000000 0.4114609956741333 0.2546800076961517
-0.0135059999302029 0.4123370051383972 0.2512919902801514
-0.0294179990887641 0.4154759943485260 0.2455479949712753
-0.0466969981789588 0.4207800030708313 0.2391549944877625
-0.0649340003728866 0.4323019981384277 0.2302040010690689
-0.0804810002446174 0.4456999897956848 0.2162500023841858
-0.0932530015707015 0.4585100114345551 0.2090660035610199
-0.1097699999809265 0.4793330132961273 0.2062219977378845
-0.1261650025844574 0.5155450105667114 0.2131879925727844
-0.1314119994640350 0.5373389720916748 0.2231590002775192
-0.1345340013504028 0.5656639933586120 0.2393590062856674
-0.1338350027799606 0.6001170277595520 0.2609420120716095
-0.1690440028905868 0.6722620129585266 0.2461470067501068
-0.1813559979200363 0.6799889802932740 0.2186249941587448
-0.2075800001621246 0.6916469931602478 0.0707729980349540
-0.2030459940433502 0.6905350089073181 0.1069800034165382
-0.1933570057153702 0.6958220005035401 0.1854169964790344
-0.1986380070447922 0.6909450292587281 0.1432670056819916
-0.1534080058336258 0.6690580248832703 0.2690010070800781
0.1813559979200363 0.6799870133399963 0.2186249941587448
0.1690440028905868 0.6722620129585266 0.2461470067501068
0.1986390054225922 0.6909469962120056 0.1432590037584305
0.1933570057153702 0.6958240270614624 0.1854169964790344
0.2030470073223114 0.6905249953269958 0.1069530025124550
0.2075790017843246 0.6916409730911255 0.0707689970731735
0.1534080058336258 0.6690580248832703 0.2690019905567169
-0.1366800069808960 0.6760540008544922 0.2873570024967194
0.1366800069808960 0.6760560274124146 0.2873579859733581
-0.0919819995760917 0.7241839766502381 0.3176900148391724
-0.0683630034327507 0.7449589967727661 0.3238619863986969
-0.1179009974002838 0.6947979927062989 0.3033519983291626
-0.0422030016779899 0.7684140205383301 0.3311550021171570
-0.0523249991238117 0.7578830122947693 0.3283250033855438
-0.0326009988784790 0.7794089913368225 0.3368999958038330
-0.0245929993689060 0.7897509932518006 0.3422720134258270
-0.0176219996064901 0.7966939806938171 0.3471289873123169
-0.0092609999701380 0.8015540242195130 0.3505139946937561
0.0000000000000000 0.8036440014839172 0.3515099883079529
0.0682710036635398 0.7449759840965271 0.3239049911499023
0.0919860005378723 0.7241820096969605 0.3176879882812500
0.0523540005087852 0.7578870058059693 0.3282999992370605
0.1179009974002838 0.6947979927062989 0.3033519983291626
0.0246029999107122 0.7897300124168396 0.3422679901123047
0.0326130017638206 0.7793869972229004 0.3368960022926331
0.0176180005073547 0.7966799736022949 0.3471390008926392
0.0092550003901124 0.8015459775924682 0.3505209982395172
0.0422229990363121 0.7683929800987244 0.3311440050601959
0.1662600040435791 0.6421660184860229 0.2316319942474365
0.1769189983606339 0.6471499800682068 0.2016530036926269
0.1510490030050278 0.6383190155029297 0.2586019933223724
0.1014909967780113 0.5871620178222656 0.2909980118274689
0.1141059994697571 0.5880360007286072 0.2792080044746399
0.1236039996147156 0.5948870182037353 0.2717730104923248
-0.1769189983606339 0.6471499800682068 0.2016530036926269
-0.1662610024213791 0.6421660184860229 0.2316319942474365
-0.1850749999284744 0.6556490063667297 0.1738049983978271
-0.1510490030050278 0.6383190155029297 0.2586019933223724
-0.0912239998579025 0.5878559947013855 0.2998059988021851
-0.1014909967780113 0.5871620178222656 0.2909980118274689
-0.1141090020537376 0.5880389809608460 0.2792069911956787
-0.1236039996147156 0.5948889851570130 0.2717730104923248
-0.2010419964790344 0.6725479960441590 0.0745700001716613
-0.1963610053062439 0.6658880114555359 0.1103959977626800
-0.1916580051183700 0.6622260212898254 0.1432809978723526
0.1850749999284744 0.6556490063667297 0.1738049983978271
0.1916580051183700 0.6622260212898254 0.1432809978723526
0.1963620036840439 0.6658650040626525 0.1103169992566109
0.2010309994220734 0.6725199818611145 0.0745770037174224
0.0912230014801025 0.5878580212593079 0.2998070120811462
-0.0794470012187957 0.5862119793891907 0.3086020052433014
-0.0861509963870048 0.5874040126800538 0.3036130070686340
-0.0666259974241256 0.5752350091934204 0.3118849992752075
-0.0728759989142417 0.5813410282135009 0.3124389946460724
0.0728949978947639 0.5813660025596618 0.3124360144138336
0.0666259974241256 0.5752350091934204 0.3118849992752075
0.0794460028409957 0.5862100124359131 0.3086020052433014
0.0861499980092048 0.5874059796333313 0.3036130070686340
0.1447699964046478 0.5406000018119812 0.1063229963183403
0.1379519999027252 0.5242559909820557 0.1276440024375916
0.1311890035867691 0.5099279880523682 0.1477970033884048
0.1271229982376099 0.5019569993019104 0.1650470048189163
0.1239420026540756 0.4970439970493316 0.1848720014095306
0.1195629984140396 0.4967879951000214 0.2075610011816025
0.1154569983482361 0.5001850128173828 0.2232570052146912
0.1101059988141060 0.5022050142288208 0.2360229939222336
0.1037340015172958 0.5069829821586609 0.2489279955625534
0.0967490002512931 0.5176569819450378 0.2647140026092529
0.0871609970927238 0.5310810208320618 0.2820639908313751
0.0826729983091354 0.5407369732856751 0.2907299995422364
0.0747300013899803 0.5493140220642090 0.3005270063877106
0.0722649991512298 0.5532069802284241 0.3032239973545075
0.0641539990901947 0.5603449940681457 0.3036819994449615
0.0624150000512599 0.5612319707870483 0.3005230128765106
0.0599620006978511 0.5639780163764954 0.3054060041904449
0.0603489987552166 0.5671920180320740 0.3055120110511780
0.0613459981977939 0.5680369734764099 0.3064819872379303
0.0617530010640621 0.5697039961814881 0.3086650073528290
-0.1447730064392090 0.5406039953231812 0.1063240021467209
-0.1379529982805252 0.5242580175399780 0.1276499927043915
-0.1312000006437302 0.5099400281906128 0.1478119939565659
-0.1271349936723709 0.5019779801368714 0.1650529950857163
-0.1239579990506172 0.4970670044422150 0.1848810017108917
-0.1195750012993812 0.4968149960041046 0.2075709998607636
-0.1154569983482361 0.5001850128173828 0.2232570052146912
-0.1101069971919060 0.5022060275077820 0.2360229939222336
-0.1037390008568764 0.5070440173149109 0.2489610016345978
-0.0967490002512931 0.5176569819450378 0.2647140026092529
-0.0871639996767044 0.5310810208320618 0.2820619940757751
-0.0826729983091354 0.5407369732856751 0.2907299995422364
-0.0747300013899803 0.5493140220642090 0.3005270063877106
-0.0722630023956298 0.5532069802284241 0.3032250106334686
-0.0641229972243309 0.5603680014610291 0.3036360144615173
-0.0624159984290599 0.5612319707870483 0.3005230128765106
-0.0612189993262290 0.5631369948387146 0.3042170107364655
-0.0603480003774166 0.5671920180320740 0.3055109977722168
-0.0613459981977939 0.5680369734764099 0.3064819872379303
-0.0618159994482994 0.5694370269775391 0.3083010017871857
