882
882
883
883
873
873
877
877
877
1009
1010
990
990
1010
990
985
990
990
863
863
863
862
862
863
869
874
882
875
882
875
870
870
870
870
871
871
871
870
777
871
875
842
985
985
985
925
925
925
925
1093
750
750
925
925
729
729
729
729
729
729
775
775
1096
732
732
732
732
732
1092
1016
1008
986
986
1015
986
778
1096
775
778
1095
1095
730
730
730
242
328
328
242
327
327
328
328
327
243
328
327
240
242
328
243
174
538
538
549
538
538
538
538
341
287
538
538
1116
549
538
287
327
327
326
327
326
325
326
327
325
326
326
325
327
327
326
326
236
237
242
240
237
242
242
237
242
242
242
242
240
240
242
242
350
350
350
350
1075
350
350
350
230
230
350
350
230
350
350
230
230
230
230
230
237
237
230
230
236
229
230
237
230
230
230
229
326
325
341
325
341
538
341
325
538
341
341
538
325
325
341
341
265
265
265
265
265
265
265
265
123
123
265
265
1107
265
265
123
113
331
331
113
1108
331
331
331
331
113
331
331
113
113
331
113
265
467
467
265
332
467
467
467
467
467
467
467
265
265
467
467
470
1113
343
470
1107
123
343
1113
123
343
343
123
471
470
343
343
1108
1109
185
331
1109
1109
185
1109
185
185
185
1109
331
331
185
185
332
332
332
467
113
113
332
332
113
332
332
113
467
467
332
332