777
870
777
777
871
776
776
777
777
871
776
875
728
728
728
882
883
882
882
733
731
877
876
733
883
876
733
863
752
749
877
752
749
985
992
987
987
992
752
875
882
882
875
882
882
785
856
785
784
856
856
1119
787
913
680
681
681
680
681
681
681
680
680
811
811
811
811
811
811
965
967
967
682
649
700
700
700
649
911
745
1022
913
746
1021
1022
913
1160
742
742
742
741
742
742
742
742
646
645
645
646
645
645
644
644
646
962
945
945
962
944
944
944
945
962
1145
810
1145
810
810
810
966
704
723
740
704
723
710
710
722
791
791
790
790
800
799
799
790
790
963
963
966
652
663
654
654
663
684
684
654
654
1340
653
653
625
664
663
652
624
648
646
648
648
648
648
801
766
766
801
766
766
768
767
767
800
799
815
835
835
799
762
965
965
965
964
964
964
964
965
944
944
25
25
25
944
802
801
26
13
13
801
817
802
817
18
18
26
822
836
17
17
764
638
658
786
658
667
667
667
786
787
788
788
788
743
942
742
743
942
742
686
704
704
686
704
686
789
789
789
912
912
912
748
747
748
747
942
942
917
915
915
943
943
943
943
942
942
920
919
920
920
920
919
918
918
916
916
915
915
765
765
765
765
979
1259
941
1258
973
641
641
941
1258
942
1161
684
684
687
684
856
856
856
980
856
856
854
854
797
797
854
854
851
851
851
851
798
14
14
14
23
835
836
834
837
31
21
815
835
981
816
830
852
852
852
23
23
789
789
789
789
789
789
920
920
920
920
785
785
784
980
797
797
980
1020
797
796
798
798
798
798
798
795
795
795
854
855
855
855
855
855
856
856
788
1119
856
856
788
789
783
784
783
783
763
763
763
763
830
830
831
830
854
851
685
685
703
703
964
964
761
762
761
761
761
814
814
814
813
813
829
829
829
829
829
829
829
1150
1132
1132
853
1132
1132
1072
1072
853
1139
702
702
664
709
709
687
702
664
644
644
647
648
649
684
664
687
704
686
963
963
965
812
812
809
812
810
810
829
809
1072
853
1072
1072
1072
853
664
664
1341
1341
616
645
645
645
646
619
621
621
648
648
1339
624
1339
624
762
762
1345
1346
1301
1301
1301
1302
1302
1302
1299
1287
666
666
666
658
658
638
764
764
764
851
851
981
832
833
857
20
801
801
13
766
945
981
981
919
982
982
831
855
855
855
855
855
855
855
855
855
982
788
982
982
789
789
789
748
789
789
748
982
919
918
920
982
982
982
982
982
982
982
982
982
982
982
982
982
982
982
791
800
791
800
800
920
981
920
970
970
970
969
970
970
970
716
969
693
693
692
692
693
693
692
692
692
946
927
927
946
695
695
695
927
751
925
751
695
925
925
751
1016
1016
984
984
753
948
948
948
753
753
729
730
729
730
730
730
715
715
715
715
716
716
716
775
775
775
782
828
828
781
848
848
848
828
781
756
755
758
756
758
757
850
866
866
849
867
866
866
866
849
848
848
849
820
803
825
825
803
825
825
825
825
839
839
839
820
1085
1086
774
1084
1085
860
860
860
860
772
771
773
773
1088
827
826
826
820
1087
1086
840
824
824
840
868
868
840
867
872
872
872
850
808
864
847
847
794
808
807
782
780
779
755
756
954
781
955
955
954
953
758
757
758
757
957
956
957
957
957
956
956
956
803
838
804
838
858
858
858
858
1085
1084
1084
804
774
774
792
774
792
792
972
724
724
771
725
725
793
793
771
792
819
818
792
16
16
818
818
725
725
11
11
11
793
818
818
818
1082
1083
1083
711
727
727
972
727
726
904
954
954
955
953
953
901
957
957
957
838
838
838
838
858
858
971
971
861
975
971
806
805
805
806
821
821
821
805
806
865
865
865
865
865
865
882
874
873
883
874
873
875
869
874
874
859
874
842
842
842
841
871
871
841
841
1089
1088
1088
841
861
861
1089
861
1088
1089
1088
1087
1088
1087
773
1087
793
771
793
819
793
793
819
24
24
819
597
597
1004
1074
581
931
932
615
612
1031
1327
1327
1031
595
1327
1327
1031
1042
1234
1234
574
1234
1233
571
1191
574
587
605
611
592
605
1288
1289
1290
1197
605
555
1235
1237
556
1045
1044
1327
1003
1328
1327
566
566
568
567
595
595
595
595
595
1024
1013
1292
1030
1025
596
1040
1042
1042
1043
1043
1037
1043
1037
1037
1037
1036
1036
1036
996
998
998
1001
998
1034
1033
1232
562
571
571
562
1190
1033
1001
1032
994
994
995
1038
1036
1038
1038
1038
1036
581
582
597
1038
1039
1038
1038
1036
1036
1035
1035
999
999
1041
1331
565
937
993
995
561
561
572
995
1042
1043
1043
1043
1037
1031
1327
1031
1031
1036
996
996
573
997
596
596
673
673
672
672
672
672
697
928
927
926
694
694
947
947
734
734
707
707
707
707
690
772
968
969
1189
1190
570
585
586
1191
1191
586
588
1192
933
933
929
930
582
579
576
1336
1336
576
1336
576
578
1332
580
593
1240
1239
1241
936
660
679
660
659
659
678
634
634
631
634
633
633
633
633
610
633
633
633
559
1189
559
1188
569
1189
1231
562
1231
559
609
609
609
617
608
609
610
610
610
618
617
617
618
616
616
620
618
620
620
619
621
665
666
656
657
1300
1300
960
1000
667
960
760
760
1000
759
1020
796
796
760
814
795
795
813
813
813
795
15
15
15
15
15
15
32
32
853
853
1150
829
853
22
22
22
22
22
22
1095
1095
845
1095
778
845
845
845
1097
1098
1097
843
843
846
1097
925
925
732
732
732
730
730
1093
751
925
925
1100
986
1102
983
871
871
871
871
1089
870
870
1089
1089
1089
846
846
846
975
975
975
844
1098
845
845
778
778
716
1150
1150
1132
1150
1132
1132
1150
1145
1145
1150
1145
1145
1146
1146
1146
1153
967
1153
740
966
1154
966
740
1144
722
1141
721
1344
1344
721
1342
708
702
1342
700
700
682
682
681
699
698
698
679
679
1158
1200
1260
1199
922
922
1260
1199
677
940
938
938
1242
1248
1248
921
921
935
1246
939
939
1246
1243
1200
1200
1015
1006
1007
1007
736
1017
1247
1246
1246
613
934
1023
976
1245
613
977
978
978
714
691
691
670
690
689
688
669
706
640
640
672
643
643
643
924
924
928
1002
697
676
718
949
717
949
1018
737
739
1019
738
1014
738
1049
1067
1068
661
661
661
1341
650
650
622
622
623
623
623
623
604
603
603
601
602
601
1193
563
1194
558
588
563
910
575
564
586
586
599
599
585
570
570
598
1334
1333
1052
1049
1052
1052
951
1051
1051
1052
1053
905
905
905
907
881
905
906
906
907
1025
1030
1030
1025
1291
1291
1030
1030
1025
1244
1244
1291
1291
1029
1244
1030
1030
1064
1064
1028
1028
1064
1064
1028
1028
1029
1347
596
1025
1347
1347
1347
1347
1347
1347
1347
1347
1347
1347
1347
1347
1347
1347
1347
1347
572
572
1023
1063
1063
1063
1062
720
1014
1005
677
950
923
642
642
1347
1347
1347
1347
1347
1347
1347
1347
1347
1347
1347
1347
1347
1347
1347
1038
1039
1038
1347
1347
1347
1347
1347
1347
1347
1347
1347
1347
1347
1347
1347
1037
1036
1037
1043
1043
1347
1347
1347
1347
1347
1347
1347
1347
1347
1347
1347
1347
1347
1347
1347
1347
1347
1347
1037
1043
1036
1042
1043
1031
1347
1347
1327
1347
1347
1347
1347
1347
1347
1347
1347
713
1263
1261
671
1262
1202
1263
711
712
712
1264
1265
1207
770
769
769
1207
12
1208
1267
1266
969
705
688
669
705
1262
668
884
885
888
886
885
888
897
887
887
1347
1347
1347
1347
1347
1347
1347
893
893
892
892
958
958
28
30
30
893
893
894
1347
1036
1347
1347
1347
1347
1347
1347
1347
1347
1347
1347
823
804
804
823
898
858
956
902
780
779
991
806
794
808
808
864
872
872
868
1097
1097
1097
1097
1097
1097
846
846
992
1012
1071
1102
1101
1101
1102
1100
1100
1093
1093
1099
1099
1099
1099
729
1091
1090
730
1091
1090
1090
1092
775
1091
1096
1096
1096
1091
1095
1096
1095
1095
1096
1083
1083
823
1083
823
823
786
980
764
783
783
763
1160
742
741
741
943
943
765
765
765
962
809
812
829
829
829
630
590
590
1283
1283
1284
1285
1293
1292
1245
1029
1029
1029
959
894
895
959
897
896
896
895
959
909
909
1050
1050
1048
908
896
896
896
896
899
898
900
901
901
898
903
903
905
904
902
907
907
907
907
1061
1061
1070
1066
1061
977
976
1291
1244
1030
1025
1025
1025
1025
1042
1047
1327
1041
1045
573
573
1233
572
1232
1233
1347
1347
1347
1347
1347
1347
1347
1347
1347
1347
1347
1347
1347
1347
1347
1347
1347
1347
1347
1347
1347
1347
1347
1347
1347
1347
914
914
774
774
959
959
959
959
739
739
739
736
736
1007
1007
952
952
951
1049
1049
1069
1067
1048
908
908
1048
1042
1043
1037
1037
1036
1038
1347
1347
1347
1347
1347
1347
1347
1347
1347
1347
1347
1347
1347
1347
1347
1347
1347
1347
1347
1347
1347
1347
1347
1347
1165
1165
1166
1164
1163
1162
1162
1161
668
1159
1160
1347
1347
1347
1347
1347
1347
1347
1347
1347
1347
1347
1347
1347
1347
1347
1347
1347
1347
1347
1347
1347
1347
1347
1347
1095
1097
972
972
771
771
773
771
1347
1347
1347
1061
1064
1066
1065
952
1048
1048
1055
1050
1056
1054
1337
626
604
1337
627
611
1288
655
1287
638
637
637
1159
764
823
27
496
27
27
496
496
823
959
896
895
896
896
901
898
902
904
907
953
953
16
16
16
16
1082
1082
894
958
897
899
900
763
764
741
741
744
741
746
1021
917
747
916
916
768
768
767
802
802
26
655
655
627
627
654
1338
1338
609
609
584
584
583
608
599
598
617
617
910
599
618
620
603
575
773
773
819
819
774
819
24
1150
1150
1150
1150
1145
1150
1132
1132
1132
679
679
679
698
678
678
678
679
698
698
698
698
699
699
699
700
682
699
700
699
700
721
702
1344
1344
702
1344
1141
1141
1141
1144
1144
1144
1154
1154
1154
1154
966
1154
1153
1153
1153
1153
1153
1153
1146
1146
1146
1145
1145
1146
1145
1146
1150
1145
1342
661
661
1342
661
1342
868
859
827
826
826
637
1287
655
1008
1015
1009
1008
1009
1009
705
716
716
795
15
891
890
891
891
29
29
1347
890
891
1347
891
891
29
29
1347
1347
1347
1347
1347
1347
1347
1347
1347
1347
1347
1347
1347
1347
1347
1347
1347
1347
1347
1347
1347
1347
1059
1059
1059
1059
1347
1347
1347
1060
1060
1347
1347
1347
1347
1347
1347
1347
1347
1347
1347
1347
1347
879
884
1347
878
878
879
884
1347
1347
1347
1347
1347
1347
1347
1347
1347
1347
1347
1347
1347
1347
1347
1347
1347
1347
1347
1347
1347
1347
1347
1347
1347
1347
1347
1347
1347
1347
1347
1347
1347
1347
1347
1347
1347
1347
1347
1347
1347
1347
1347
1347
1347
1347
1347
1347
1347
1347
1347
1347
1347
1347
1347
1347
1347
1347
1347
1347
1347
1347
1347
1347
1347
1347
1347
1347
1347
1347
1347
1347
1347
1347
1347
1347
889
889
886
886
1058
1347
1347
1058
1347
1058
1027
1058
1058
1058
1027
1059
1059
1060
1060
1059
1059
1347
884
884
886
886
889
889
878
879
879
878
879
878
1027
1027
1058
1058
1027
1058
1058
1058
1347
1347
1347
1347
1347
1347
1347
1347
1347
1347
890
890
890
890
1347
1347
1347
1347
1347
1060
1060
1347
1065
1060
1347
1347
1347
1347
1347
1347
1347
1347
1347
1347
1347
1347
1347
1347
1347
1347
1347
1347
1347
1347
1347
1347
1347
1347
1347
1347
1347
1347
1347
1347
1347
988
988
988
988
988
1347
1347
1347
1347
1347
1347
1347
1347
1347
1347
1347
1347
1347
1347
1347
1347
1347
1347
1347
1347
1347
1347
1347
1347
1347
1347
1347
1347
1347
1347
1347
1347
1347
1347
1347
1347
1347
1347
1347
1347
1347
1347
1347
1347
1347
1347
1347
1347
1347
1347
1347
1347
1347
1347
1347
1347
1347
1347
1347
1347
1347
1347
1347
1347
1347
1347
1347
1347
1347
1347
1347
1347
1347
1347
1347
1347
1347
1347
1347
1347
1347
1347
1060
1060
1060
1065
1065
1060
1057
881
881
881
1026
989
1069
1070
1057
1066
1055
1059
1059
1056
1053
880
880
903
1064
1065
1065
1060
1065
596
595
595
596
595
1327
1030
883
883
877
877
863
863
862
863
985
862
985
985
990
990
1011
1011
991
991
991
991
1010
1008
1009
1010
1010
1016
1117
1102
1009
1009
1011
1347
1347
1347
1347
1347
1347
1347
1347
1347
1347
1347
778
775
775
729
1327
22
22
695
695
695
732
1197
1196
1290
695
694
1335
730
1260
1256
921
694
924
575
910
599
599
598
584
570
584
569
583
923
1092
1092
1029
1029
1029
1029
1028
1029
1029
1029
1029
1028
1028
1028
1029
1028
1028
1028
1028
1028
1028
1064
1064
1064
1064
1064
1064
1064
1064
1064
1028
1064
1064
1064
1064
1064
1064
1064
1064
1064
1064
1064
1065
1065
1065
1065
1065
1065
1347
1347
1347
1347
1347
1347
1347
1347
1347
1347
1347
1347
1347
1347
1347
1347
1347
1347
1347
1347
1347
1347
1347
1347
1347
1347
1347
1347
1347
1347
1347
1347
1347
1347
1347
1347
1347
1028
1028
1347
1347
1347
1347
1347
1347
1347
1347
1347
1347
1347
1347
1347
1347
1347
1029
1064
1064
1064
1064
1064
1064
1064
1064
1064
1065
1347
1347
1065
1347
1347
1347
1347
1347
1347
1347
1347
1347
1347
1347
1347
1347
1347
1347
1347
1347
1347
1347
1347
1347
1347
1347
1347
1347
1347
1347
1347
1347
1347
1347
1347
1347
1347
1347
1347
1347
1347
1347
1291
1291
1291
1347
1291
1244
1291
1291
1291
1244
1291
1244
1244
1029
1029
1029
1029
1347
1347
1347
1347
1347
1347
1347
1347
1347
1064
1064
1064
1064
1064
1064
1065
1065
1065
1347
1347
1065
1347
1347
1347
1347
1347
1347
1347
1347
1347
1347
1347
1347
1347
1347
1347
1347
1347
1347
1347
1347
1347
1347
1347
1347
1347
1347
1347
1347
1347
1347
1347
1347
1347
1347
1347
1347
1347
1347
1291
1291
1291
1291
1291
1291
1347
1291
1347
1347
1291
1347
1347
1347
1347
1347
1347
1347
1347
1347
1347
1065
1065
1065
1347
1064
1064
1347
1064
1347
1347
1347
1347
1347
1028
1028
1028
1028
1028
1028
1029
1029
1029
1244
1029
1244
1244
1029
1029
1244
1029
1029
1347
1347
1347
1029
1347
1347
1347
1347
1347
1347
1347
1347
1347
1347
1347
1347
1347
1347
1347
1347
1244
1244
1064
1064
1064
1064
1064
1064
1064
1064
1064
1065
1065
1347
1347
1347
1347
1347
1347
1347
1347
1347
1347
1347
1347
1347
1347
1347
1347
1347
1347
1347
1347
1347
1347
1347
1347
1347
1347
1347
1347
1347
1347
1347
1347
1347
1347
1347
1347
1347
1347
1347
1347
1347
1347
1347
1347
1347
1064
1064
1347
1028
1347
1028
1028
1347
1347
1347
1347
1347
1347
1029
1029
1028
1028
1029
1029
1029
1029
1028
1028
1028
1028
1347
1347
1028
1028
1028
1028
1347
1347
1347
1347
1347
1347
1347
1347
1064
1028
1064
1064
1064
1064
1347
1347
1347
1065
1347
1347
1065
1065
1347
1347
1347
1347
1347
1347
1347
1347
1347
1347
1347
1347
1347
1347
1347
1347
1347
1291
1291
1244
1244
1244
1291
1347
1064
1064
1028
1064
1064
1064
1064
1064
1244
1244
1244
1029
1244
1244
1029
1029
1029
1029
1347
1347
1347
1347
1029
1029
1029
1029
1029
1029
1029
1029
1029
1347
1029
1347
1029
1029
1028
1028
1029
1029
1029
1029
1065
1347
1347
1347
1347
1347
1347
1347
1347
1347
1347
1347
1347
1347
1347
1347
1347
1291
1347
1291
1291
1244
1244
1244
1029
1029
1029
1029
1029
1029
1029
1065
1065
1065
1347
1347
1347
1347
1347
1347
1347
1347
1347
1347
1347
1347
1347
1347
1347
1347
1347
1347
1347
1291
1291
1244
1244
1347
1347
1291
1291
1347
1347
1347
1347
1347
1347
1347
1347
1347
1347
1347
1347
1347
1347
1347
1347
1347
1347
1347
1347
1347
1347
1347
1347
1347
1347
1347
1347
1347
1347
1244
1244
1065
1065
1347
1347
1347
1347
1347
1065
1065
1064
1065
1065
1065
1347
1347
1065
1065
1065
1064
1347
1347
891
890
889
886
884
879
878
988
1027
1058
1058
1064
1058
1058
1058
1089
861
882
882
875
806
985
862
863
865
883
871
871
870
1089
1089
991
1244
1029
1029
1029
1029
809
809
814
813
795
813
795
797
797
854
854
854
659
10
659
9
9
10
631
631
8
8
632
632
7
7
632
632
7
7
1188
4
3
3
1187
4
559
1230
1230
1230
607
607
608
6
33
33
569
570
608
583
5
6
678
678
678
10
10
10
678
679
678
679
5
5
5
5
2
2
2
2
792
653
1342
1340
1340
625
624
661
700
700
623
699
699
699
699
698
698
698
698
678
679
678
679
1154
1154
1154
1154
1154
1154
721
1344
1344
1140
1141
1141
1343
1343
1343
1339
653
624
601
624
652
623
700
602
623
699
699
699
648
698
698
698
698
679
678
10
678
15
15
1150
15
1132
1150
1145
960
1154
1154
960
1154
665
1140
1141
1344
655
1287
656
664
635
1338
626
601
604
1337
626
602
602
603
604
621
621
621
621
698
698
619
619
678
10
10
679
32
32
797
797
795
760
1020
980
658
667
667
658
666
637
1287
591
1288
1288
1288
591
611
592
589
1196
604
1333
577
1239
604
603
1333
1333
603
603
603
1334
620
620
620
603
619
272
620
620
1347
980
980
1347
764
638
1157
658
630
630
630
590
936
1156
1289
1240
1289
1240
1197
1240
1037
1042
1043
1037
1328
1003
1042
1043
1036
1037
1036
1043
1043
1037
1038
1036
1038
1037
1038
1038
1039
1039
1039
1038
1039
1039
1039
1039
531
1039
531
531
531
1347
1347
1347
1347
1347
1347
1347
1347
1347
1347
1347
1347
1347
594
1347
1347
1347
1347
1043
1031
1031
1043
594
594
567
1031
1043
1042
1043
1328
531
531
531
531
531
531
531
1039
1039
531
1039
1038
1039
531
1039
1038
1038
1039
1039
1038
1038
1039
1038
1038
1038
1038
1038
1038
1038
1038
1038
1347
1038
1038
1347
1347
1347
1347
1347
1347
1347
1347
1038
1347
1347
1039
1347
529
557
557
1036
565
1331
1331
565
1330
1331
578
1330
568
578
579
568
582
581
929
579
582
931
929
929
931
1347
933
933
931
933
931
1347
1347
1347
1347
1347
1347
1347
1347
1038
1039
531
1037
1038
566
1037
1329
1329
567
1329
581
567
581
581
1347
1004
1004
1347
1347
1347
1038
1038
1043
1031
594
581
931
933
936
637
637
666
665
1144
1144
1144
1347
1347
1347
1347
1347
1347
1347
1347
638
658
786
1000
1000
1146
1153
1146
1153
1153
1146
1146
1146
1145
1146
10
10
678
10
678
10
1198
1286
1198
708
1343
683
1083
1082
4
569
32
32
35
726
1
34
993
1
560
0
1
994
1032
531
531
1039
1039
531
531
1039
1039
531
1039
10
10
10
678
1347
531
531
1347
1347
1347
1347
1347
1347
1347
1347
1347
1347
1347
1347
1347
1347
1347
1347
1347
560
496
959
496
959
531
1039
1347
1347
1347
1347
1347
1347
1347
1347
1347
1347
1347
1347
1082
1082
16
16
28
958
1347
1347
1347
1347
1347
1347
1347
1347
1347
1347
1347
1347
1347
1347
29
891
1347
1347
1132
1150
1132
829
813
813
813
814
814
761
759
961
703
657
1299
1302
654
652
1338
601
1009
602
621
619
619
616
616
610
610
607
33
187
187
187
350
187
187
153
153
230
153
230
121
121
121
237
242
242
242
328
241
244
327
328
244
238
244
238
326
327
137
211
137
211
341
188
188
287
211
287
237
237
242
242
242
242
320
524
320
306
486
157
1118
306
306
375
375
520
520
375
375
520
520
520
271
271
271
271
522
522
523
271
271
70
75
70
80
80
80
146
486
508
468
486
508
487
133
1172
297
297
297
297
297
297
297
93
518
518
377
377
518
376
376
377
377
284
284
285
285
284
285
286
286
286
179
1126
179
179
179
1126
143
312
311
310
116
104
104
311
310
169
170
170
169
170
170
171
171
172
130
130
143
71
397
397
431
397
397
77
77
431
1320
76
82
82
66
71
431
432
62
62
62
518
62
62
173
173
149
149
293
293
292
149
149
171
172
171
181
181
180
264
523
523
523
523
117
117
117
117
286
286
286
173
294
173
294
192
192
193
206
296
262
301
300
262
307
307
307
301
158
157
158
158
118
118
297
283
297
283
99
99
310
310
99
310
168
168
160
160
160
168
147
159
147
159
283
283
491
492
492
134
491
491
283
283
491
495
319
495
319
319
319
494
494
493
493
492
492
148
148
148
148
479
1269
449
1268
1269
449
74
74
481
283
1171
77
77
77
91
306
306
306
306
131
306
318
318
318
318
394
394
167
167
167
167
14
395
206
181
321
322
181
180
323
324
204
216
216
216
168
168
168
168
168
168
319
319
319
319
320
320
131
524
394
394
144
394
393
131
395
395
395
166
166
166
395
395
203
318
203
203
203
203
306
306
158
306
306
1118
158
168
524
156
156
156
145
145
145
145
204
204
167
318
204
205
83
105
105
83
117
117
485
485
485
264
155
155
155
485
191
202
202
191
202
202
202
202
202
1130
215
1132
1132
215
1072
1121
432
433
433
432
433
91
98
98
376
376
519
62
70
432
77
91
99
310
130
130
523
270
270
270
165
179
165
202
179
215
1072
215
1072
432
432
1321
1321
402
377
377
377
517
518
401
401
62
62
66
1319
66
1319
264
264
1326
1325
1304
1304
1304
1303
1303
1303
1305
1298
84
84
84
301
296
300
301
296
296
167
167
317
324
182
207
173
173
285
149
324
324
205
525
525
495
203
203
203
203
203
203
203
203
203
158
525
525
525
168
168
159
168
168
168
525
159
495
319
494
525
525
525
525
525
525
525
525
525
525
525
525
525
525
525
172
169
169
172
172
319
324
319
315
314
315
315
314
186
315
315
315
112
305
305
112
305
305
305
112
112
288
288
266
266
333
266
466
466
466
333
265
333
265
265
466
470
198
198
470
279
439
279
279
439
439
332
113
332
332
332
113
136
136
186
186
136
136
331
186
331
331
164
163
339
339
163
339
200
200
200
541
541
140
139
542
140
223
222
227
227
222
227
227
227
226
200
200
222
347
195
195
346
195
195
195
195
346
217
217
217
1079
347
1079
1080
161
1078
298
298
298
298
1076
184
184
152
151
209
347
348
348
1078
1077
219
219
194
194
233
226
219
233
235
223
235
235
189
201
201
221
334
164
340
189
540
541
139
175
163
338
176
338
454
454
542
140
542
140
213
224
213
224
224
224
213
213
208
346
218
218
208
345
218
218
1079
345
1080
1080
161
161
162
161
162
162
488
152
119
119
152
257
257
120
120
162
162
183
258
183
183
16
120
120
257
183
183
1081
1081
1082
183
489
488
106
106
446
106
503
454
338
338
176
176
501
224
224
224
208
208
208
208
218
218
196
196
196
329
220
342
342
199
199
342
199
212
212
212
234
234
234
234
234
234
242
328
243
240
243
240
237
240
240
236
240
228
229
349
229
229
230
230
349
349
349
1076
1076
1075
220
220
220
1075
1075
1076
1076
1077
1076
1077
1077
184
152
257
257
257
258
257
258
258
428
1073
275
428
526
276
419
418
427
48
48
1307
1307
41
48
1307
1307
57
1226
1226
513
1226
42
513
1183
381
1227
68
68
55
69
68
1177
1282
1281
1280
1225
390
43
408
391
1223
1307
1307
1308
44
57
417
411
416
416
57
57
57
57
455
527
429
65
37
1296
40
528
41
41
533
528
528
533
533
533
532
532
532
407
373
383
383
374
384
383
1228
381
381
371
1184
371
373
374
406
363
363
364
532
530
532
530
530
530
426
427
428
530
530
530
529
532
532
509
509
39
510
510
410
1311
409
406
405
406
382
372
372
528
41
533
528
528
48
48
48
1307
532
407
511
512
407
429
429
96
304
304
96
304
304
100
122
266
267
465
465
289
289
438
438
111
111
111
111
109
314
135
151
1184
1185
1183
514
380
370
1183
1182
45
514
412
274
273
412
425
426
61
61
1316
1316
61
1316
1312
50
424
1221
1220
56
277
1219
190
365
225
355
355
365
366
366
356
366
367
367
367
367
403
367
367
367
1185
361
1185
360
1186
361
371
1229
361
1229
368
378
368
368
403
403
403
368
358
516
516
378
378
402
402
60
60
60
516
401
517
92
396
78
84
1306
1306
308
308
307
483
484
263
483
484
393
144
144
155
484
166
166
166
191
191
191
15
15
15
15
32
215
215
1130
215
202
22
22
22
1109
1109
330
1109
1111
330
330
330
185
1111
1110
1111
316
210
210
265
467
467
265
332
332
467
1107
265
265
333
343
1113
441
1115
230
230
230
230
1075
1075
350
350
1075
1075
316
316
316
329
329
329
197
1110
330
330
185
185
186
1130
1130
1132
1130
1130
1130
1126
1126
1126
1126
1129
1129
1136
1129
1136
522
143
312
143
1135
1124
312
1122
116
1323
1323
1324
1324
1322
1322
433
434
80
75
75
80
521
520
272
272
190
190
1174
1210
1271
1211
1210
1271
354
354
414
451
451
413
450
450
1255
1255
1250
452
420
420
1252
1249
1252
1211
1211
551
471
472
124
138
138
1251
456
1252
1252
126
453
457
127
456
1253
461
461
447
448
110
110
85
95
94
109
73
482
73
303
304
303
303
464
268
267
464
415
100
290
115
290
114
473
474
463
552
459
553
475
554
102
553
313
313
313
385
1321
385
386
386
387
387
387
387
63
399
534
534
399
400
1181
46
1180
389
389
45
49
388
58
514
515
515
514
380
379
370
370
1313
1314
507
507
507
102
142
507
544
544
543
256
504
256
256
504
337
337
256
231
65
65
37
37
65
37
37
1297
1297
1254
1297
1297
1254
37
37
1254
36
478
280
280
478
36
280
280
478
478
1347
1347
65
429
1347
1347
1347
1347
1347
1347
1347
1347
1347
1347
1347
1347
1347
1347
1347
382
382
129
126
476
129
129
459
291
414
435
87
269
302
302
1347
1347
1347
1347
1347
1347
1347
1347
1347
1347
1347
1347
1347
1347
1347
529
530
1347
1347
1347
530
1347
1347
1347
1347
1347
1347
1347
1347
1347
533
1347
528
528
533
532
1347
1347
1347
1347
1347
1347
1347
1347
1347
1347
1347
1347
1347
1347
1347
1347
1347
1347
528
533
532
528
41
48
1307
1347
1347
1347
1347
1347
1347
1347
1347
1347
1347
108
261
1276
1273
1213
1270
489
1273
1272
490
490
1218
1274
150
107
1218
150
1275
259
314
85
95
259
86
1270
246
247
249
281
248
248
252
249
281
1347
1347
1347
1347
1347
1347
1347
444
282
282
444
443
443
444
444
251
532
1347
1347
1347
1347
1347
1347
1347
1347
1347
1347
1347
344
344
345
345
218
500
502
213
175
540
334
342
539
189
189
221
235
235
233
1111
1111
1111
1111
1111
1111
316
316
440
287
1114
1114
1115
1116
1113
1113
1115
1107
1107
1112
1112
1112
1112
113
332
1104
1103
1105
1104
1104
1103
1103
331
1103
1108
1108
1108
1109
1108
1109
1108
1109
1081
1081
344
344
344
1081
131
262
156
296
156
145
297
1172
93
93
491
491
148
148
148
284
270
165
202
202
202
53
352
53
1278
1278
1277
1295
1294
1253
1296
36
36
36
497
497
498
251
497
498
499
499
252
178
178
505
506
154
154
499
499
499
499
500
253
500
501
501
254
255
255
502
503
256
504
504
504
504
477
477
477
547
546
457
127
1254
1297
37
65
65
65
65
38
41
1307
39
408
512
512
382
1227
1227
1228
1347
1347
1347
1347
1347
1347
1347
1347
1347
1347
1347
1347
1347
1347
1347
1347
1347
1347
1347
1347
1347
1347
1347
1347
1347
1347
260
260
161
161
497
497
497
497
463
463
463
124
124
138
138
125
125
543
102
102
554
545
506
506
505
505
528
41
533
533
532
530
1347
1347
1347
1347
1347
1347
1347
1347
1347
1347
1347
1347
1347
1347
1347
1347
1347
1347
1347
1347
1347
1347
1347
1347
1167
1167
1168
1169
1170
1170
86
1171
1172
1173
1347
1347
1347
1347
1347
1347
1347
1347
1347
1347
1347
1347
1347
1347
1347
1347
1347
1347
1347
1347
1347
1347
1347
1347
1111
1109
488
488
152
152
152
184
1347
1347
1347
478
477
548
547
506
125
506
154
460
535
536
67
1317
398
1317
63
1280
69
1298
72
351
351
300
296
1173
496
27
344
27
344
497
498
499
499
499
500
501
502
503
176
504
176
16
16
1082
443
251
252
253
254
296
145
93
93
93
132
487
133
147
134
493
493
292
292
294
293
294
72
72
397
398
398
1318
1318
368
368
358
359
369
369
515
378
378
379
58
60
516
515
534
388
184
184
258
161
258
258
1130
1130
1130
1130
1132
1132
1132
1130
1126
190
272
190
190
272
190
225
225
225
272
272
521
521
521
272
80
80
521
75
80
521
1323
1324
1324
1323
1122
1122
1122
1324
1323
1124
1124
1135
1135
1135
1124
143
1135
1136
1136
1136
1135
1136
1136
1129
1129
1129
1136
1126
1126
1129
1126
1129
1126
1130
1322
1322
313
313
1322
313
233
228
209
348
348
351
1298
72
471
550
550
174
174
174
259
186
186
15
15
295
295
295
445
29
29
1347
1347
295
445
1347
29
29
295
295
1347
1347
1347
1347
1347
1347
1347
1347
1347
1347
1347
1347
1347
1347
1347
1347
1347
1347
1347
1347
1347
537
537
537
537
141
141
1347
1347
1347
1347
1347
1347
1347
1347
1347
1347
1347
1347
1347
1347
246
245
1347
246
245
232
232
1347
1347
1347
1347
1347
1347
1347
1347
1347
1347
1347
1347
1347
1347
1347
1347
1347
1347
1347
1347
1347
1347
1347
1347
1347
1347
1347
1347
1347
1347
1347
1347
1347
1347
1347
1347
1347
1347
1347
1347
1347
1347
1347
1347
1347
1347
1347
1347
1347
1347
1347
1347
1347
1347
1347
1347
1347
1347
1347
1347
1347
1347
1347
1347
1347
1347
1347
1347
1347
1347
1347
1347
1347
1347
1347
1347
1347
250
247
247
250
462
462
1347
1347
214
462
1347
214
462
462
462
537
537
537
537
141
141
1347
246
247
247
246
250
250
232
232
245
245
232
245
214
462
462
214
462
462
462
214
1347
1347
1347
1347
1347
1347
1347
1347
1347
1347
445
445
445
445
1347
1347
1347
1347
1347
1347
141
141
141
548
1347
1347
1347
1347
1347
1347
1347
1347
1347
1347
1347
1347
1347
1347
1347
1347
1347
1347
1347
1347
1347
1347
1347
1347
1347
1347
1347
1347
1347
1347
1347
335
335
335
335
335
1347
1347
1347
1347
1347
1347
1347
1347
1347
1347
1347
1347
1347
1347
1347
1347
1347
1347
1347
1347
1347
1347
1347
1347
1347
1347
1347
1347
1347
1347
1347
1347
1347
1347
1347
1347
1347
1347
1347
1347
1347
1347
1347
1347
1347
1347
1347
1347
1347
1347
1347
1347
1347
1347
1347
1347
1347
1347
1347
1347
1347
1347
1347
1347
1347
1347
1347
1347
1347
1347
1347
1347
1347
1347
1347
1347
1347
1347
1347
1347
1347
1347
141
141
141
128
141
548
548
231
231
231
336
177
545
546
547
128
460
537
537
536
142
239
239
255
548
548
478
548
141
57
429
57
429
57
1307
37
328
328
327
327
326
326
326
325
325
341
341
341
538
538
442
442
539
539
539
539
550
549
174
549
549
470
469
1115
174
174
442
1347
1347
1347
1347
1347
1347
1347
1347
1347
1347
1347
185
331
331
113
1307
22
466
466
466
467
1178
1177
1282
465
466
1315
332
1257
1271
450
464
465
388
58
515
515
379
369
369
370
359
360
269
1105
1105
36
36
36
36
36
36
36
36
280
280
280
36
280
280
280
280
280
280
280
478
478
478
478
478
478
478
478
478
280
478
478
478
478
478
478
478
478
478
478
478
548
548
548
548
548
548
1347
1347
1347
1347
1347
1347
1347
1347
1347
1347
1347
1347
1347
1347
1347
1347
1347
1347
1347
1347
1347
1347
1347
1347
1347
1347
1347
1347
1347
1347
1347
1347
1347
1347
1347
1347
1347
1347
280
280
1347
1347
1347
1347
1347
1347
1347
1347
1347
1347
1347
36
1347
1347
1347
478
478
478
478
478
478
478
478
478
548
548
1347
1347
1347
1347
1347
1347
1347
1347
1347
1347
1347
1347
1347
1347
1347
1347
1347
1347
1347
1347
1347
1347
1347
1347
1347
1347
1347
1347
1347
1347
1347
1347
1347
1347
1347
1347
1347
1347
1347
1347
1347
1297
1347
1297
1297
1254
1297
1297
1254
1297
1297
1254
1254
1297
36
36
36
36
1347
1347
1347
1347
1347
1347
1347
1347
1347
478
478
478
478
548
478
478
548
1347
1347
548
1347
1347
1347
1347
548
1347
1347
1347
1347
1347
1347
1347
1347
1347
1347
1347
1347
1347
1347
1347
1347
1347
1347
1347
1347
1347
1347
1347
1347
1347
1347
1347
1347
1347
1347
1347
1347
1347
1347
1297
1297
1297
1297
1297
1297
1297
1347
1297
1347
1347
1347
1347
1347
1347
1347
1347
1347
1347
1347
1347
548
548
548
1347
1347
478
478
478
1347
1347
1347
1347
1347
280
280
280
280
280
36
280
1254
36
36
1254
36
1254
1254
36
36
36
36
1347
36
1347
1347
1347
1347
1347
1347
1347
1347
1347
1347
1347
1347
1347
1347
1347
1347
1347
1347
1254
1254
478
478
478
478
478
478
478
478
478
548
548
1347
1347
1347
1347
1347
1347
1347
1347
1347
1347
1347
1347
1347
1347
1347
1347
1347
1347
1347
1347
1347
1347
1347
1347
1347
1347
1347
1347
1347
1347
1347
1347
1347
1347
1347
1347
1347
1347
1347
1347
1347
1347
1347
1347
1347
478
478
280
1347
280
280
280
1347
1347
1347
1347
1347
1347
36
36
36
36
280
280
36
36
280
280
280
280
1347
1347
280
280
280
280
1347
1347
1347
1347
1347
1347
1347
1347
478
478
478
280
478
478
1347
1347
1347
1347
1347
548
548
548
1347
1347
1347
1347
1347
1347
1347
1347
1347
1347
1347
1347
1347
1347
1347
1347
1347
1297
1297
1254
1254
1254
1297
478
478
1347
280
478
478
478
478
478
1254
36
1254
1254
1254
1254
36
36
36
36
1347
1347
1347
1347
36
36
36
36
36
36
36
36
1347
36
36
1347
36
36
280
280
36
36
36
36
1347
548
1347
1347
1347
1347
1347
1347
1347
1347
1347
1347
1347
1347
1347
1347
1297
1347
1347
1297
1297
1254
1254
1254
36
36
36
36
36
36
36
548
548
548
1347
1347
1347
1347
1347
1347
1347
1347
1347
1347
1347
1347
1347
1347
1347
1347
1347
1347
1347
1297
1297
1347
1347
1254
1254
1297
1297
1347
1347
1347
1347
1347
1347
1347
1347
1347
1347
1347
1347
1347
1347
1347
1347
1347
1347
1347
1347
1347
1347
1347
1347
1347
1347
1347
1347
1347
1347
1254
1254
548
1347
1347
548
1347
1347
1347
478
548
548
548
548
548
1347
1347
548
548
548
478
1347
1347
445
295
250
247
246
245
232
335
214
462
462
478
462
462
462
220
1075
242
242
237
341
342
325
326
234
328
230
230
350
1075
1075
539
1254
36
36
36
36
165
165
155
191
191
166
166
394
394
318
318
318
10
355
355
356
356
357
357
357
357
4
1186
3
361
1230
404
404
358
370
360
358
359
225
225
10
10
10
225
190
225
190
225
5
5
2
2
162
82
1320
1320
1322
66
76
313
387
80
80
521
521
521
521
272
272
272
272
190
225
190
225
1135
1135
1135
1135
1135
1135
1324
1323
1122
1122
1324
1323
1120
1120
432
82
1319
71
66
399
66
387
387
400
80
521
62
521
521
272
272
272
272
190
225
10
225
15
15
1130
15
1126
1130
1132
308
308
1135
1135
92
1135
1122
1122
78
1298
72
1324
432
421
67
1318
67
1317
63
399
400
63
534
400
401
401
401
401
272
517
517
272
225
190
10
10
32
394
394
32
131
393
484
166
301
301
307
307
351
84
54
1298
54
1280
1280
1280
69
55
1178
59
1221
51
1313
63
63
1313
1313
534
534
1314
534
534
60
534
60
60
517
60
620
272
1347
1347
131
980
300
296
1175
352
352
301
53
352
277
1220
1281
1176
1220
1281
1220
1177
533
533
528
41
532
528
41
44
1308
532
533
530
533
528
528
530
532
529
530
530
533
529
529
529
529
529
530
531
529
531
531
531
529
1347
1347
1347
1347
1347
1347
1347
1347
1347
1347
1347
1347
1347
1347
1347
1347
1347
52
528
528
48
48
528
48
417
52
52
528
41
1308
531
531
531
531
531
531
531
531
529
529
529
531
529
530
529
529
530
530
529
529
530
530
530
530
530
530
530
530
530
530
1347
530
1347
1347
530
530
1347
1347
1347
1347
1347
1347
530
529
1347
1347
529
1347
47
47
410
532
1311
1311
1310
410
50
1311
411
1310
425
50
426
411
427
426
425
273
418
418
273
273
1347
418
412
412
418
412
1347
1347
1347
1347
1347
1347
1347
1347
529
530
531
530
533
533
416
1309
1309
1309
417
417
427
427
427
275
1347
275
1347
1347
1347
530
530
528
48
52
427
418
412
277
351
351
84
92
1124
1124
1124
1347
1347
1347
1347
1347
1347
1347
1347
300
301
262
483
483
1136
1129
1136
1129
1129
1136
1129
1129
1129
1126
10
10
10
225
225
10
1279
1209
1209
1120
434
90
1082
1081
360
32
446
1
405
362
0
1
529
529
529
529
529
10
225
1347
531
1347
1347
1347
1347
1347
1347
1347
1347
1347
1347
1347
1347
1347
1347
362
497
497
529
1347
1347
1347
1347
1347
1347
1347
1347
1082
16
443
1347
1347
1347
1347
1347
1347
1347
1347
1347
1347
1347
1347
1347
1347
295
29
1347
1347
1132
1130
1132
191
202
191
191
155
155
485
263
309
105
396
1305
1303
397
71
1318
399
174
400
401
517
517
402
402
403
403
404
19
19
19
19
19
19
19