0.1168430000543594 0.4850800037384033 0.1627240031957626
0.1102880015969276 0.4817540049552918 0.1857330054044724
0.0992780029773712 0.4496580064296723 0.1821999996900558
0.0360919982194900 0.3869740068912506 0.1893589943647385
0.0343709997832775 0.3779770135879517 0.2148689925670624
0.0164880007505416 0.3722560107707978 0.2238820046186447
0.1048929989337921 0.4785650074481964 0.2021709978580475
0.1000849977135658 0.4779680073261261 0.2169180065393448
0.0896409973502159 0.4474869966506958 0.2175070047378540
0.1386239975690842 0.5159959793090820 0.1212840005755424
0.1314619928598404 0.5093010067939758 0.1410309970378876
0.1224479973316192 0.4872710108757019 0.1389739960432053
0.0313230007886886 0.3754020035266876 0.2381689995527268
0.0271889995783567 0.3818340003490448 0.2555139958858490
0.0135469995439052 0.3801330029964447 0.2599000036716461
0.0762910023331642 0.4130989909172058 0.1722459942102432
0.0748130008578300 0.4040459990501404 0.2028959989547730
0.0526680015027523 0.3861060142517090 0.2082699984312058
0.0955459997057914 0.4816359877586365 0.2299000024795532
0.0918840020895004 0.4931969940662384 0.2400359958410263
0.0824799984693527 0.4723489880561828 0.2410890012979508
0.1371169984340668 0.5522959828376770 0.1866679936647415
0.1314879953861237 0.5502129793167114 0.2069189995527268
0.1256089955568314 0.5269219875335693 0.1945299953222275
0.1562789976596832 0.5712599754333496 0.1344030052423477
0.1443949937820435 0.5553339719772339 0.1581459939479828
0.1383450031280518 0.5312370061874390 0.1469130069017410
0.0292390007525682 0.3996210098266602 0.2639330029487610
0.0266350004822015 0.4289869964122772 0.2691459953784943
0.0131879998371005 0.4248549938201904 0.2746489942073822
0.0686959996819496 0.3991889953613281 0.2237370014190674
0.0625939965248107 0.4002679884433747 0.2362339943647385
0.0444930009543895 0.3875550031661987 0.2464949935674667
0.0847069993615150 0.4229690134525299 0.2086039930582046
0.1144829988479614 0.5050470232963562 0.2042520046234131
0.1090100035071373 0.5027449727058411 0.2188829928636551
0.0617979988455772 0.4116950035095215 0.2451550066471100
0.0565630011260509 0.4335959851741791 0.2550069987773895
0.0399859994649887 0.4282059967517853 0.2641229927539825
0.1265060007572174 0.5494980216026306 0.2232339978218079
0.1213020011782646 0.5511879920959473 0.2378010004758835
0.1163730025291443 0.5268030166625976 0.2261880040168762
0.0741489976644516 0.4947510063648224 0.2540709972381592
0.0841870009899139 0.5120670199394226 0.2540540099143982
0.0832960009574890 0.5265690088272095 0.2623000144958496
0.1151319965720177 0.5531769990921021 0.2489520013332367
0.1086769998073578 0.5555229783058166 0.2574929893016815
0.1055729985237122 0.5356159806251526 0.2499739974737167
0.0245430003851652 0.4500389993190765 0.2691349983215332
0.0219659991562366 0.4604290127754211 0.2786729931831360
0.0086449999362230 0.4588249921798706 0.2790319919586182
0.0504940003156662 0.4614360034465790 0.2593759894371033
0.0501290000975132 0.4814769923686981 0.2713069915771484
0.0394730009138584 0.4686909914016724 0.2747560143470764
0.0630989968776702 0.4766899943351746 0.2551839947700500
0.0795980021357536 0.5374209880828858 0.2695119976997375
0.0770019963383674 0.5439670085906982 0.2751710116863251
0.0681559965014457 0.5340650081634522 0.2790269851684570
0.0935899987816810 0.5281320214271546 0.2556929886341095
0.0910279974341392 0.5371180176734924 0.2629779875278473
0.0229930002242326 0.4683330059051514 0.2903000116348267
0.0243030004203319 0.4782179892063141 0.3002969920635224
0.0109959999099373 0.4730109870433807 0.3028039932250977
0.0962880030274391 0.5463790297508240 0.2649360001087189
0.1002930030226708 0.5430499911308289 0.2589780092239380
0.1035799980163574 0.5569109916687012 0.2629559934139252
0.1190169975161552 0.7533069849014282 0.2890540063381195
0.1138489991426468 0.7745609879493714 0.2826260030269623
0.0931589975953102 0.7814369797706604 0.2850109934806824
0.0457729995250701 0.4882110059261322 0.2832159996032715
0.0442639999091625 0.4973179996013642 0.2906019985675812
0.0356669984757900 0.4854719936847687 0.2948670089244842
0.0582000017166137 0.5080559849739075 0.2793439924716949
0.0756449997425079 0.5450220108032227 0.2768439948558807
0.0673139989376068 0.5356580018997192 0.2795409858226776
0.0836419984698295 0.5481699705123901 0.2712239921092987
0.0909119993448257 0.6742969751358033 0.2956269979476929
0.0879079997539520 0.6612280011177062 0.2973940074443817
0.0989990010857582 0.6339510083198547 0.2883000075817108
0.0252049993723630 0.4936800003051758 0.3032540082931519
0.0120149999856948 0.4894750118255615 0.3067629933357239
0.0729840025305748 0.5508210062980652 0.2760109901428223
0.0646300017833709 0.5394570231437683 0.2769849896430969
0.0844020023941993 0.5583670139312744 0.2755720019340515
0.0869039967656135 0.5523610115051270 0.2712570130825043
0.0885969996452331 0.5503290295600891 0.2701849937438965
0.0834399983286857 0.6460019946098327 0.3012120127677917
0.0927300006151199 0.6257969737052918 0.2926650047302246
0.1077819988131523 0.7865700125694275 0.2772319912910461
0.0923810005187988 0.7902870178222656 0.2801550030708313
0.1728020012378692 0.7762680053710938 0.2441200017929077
0.1779409945011139 0.7501869797706604 0.2454240024089813
0.1871570050716400 0.7581620216369629 0.2316939979791641
0.0206160005182027 0.5095880031585693 0.2929359972476959
0.0103249996900558 0.5060819983482361 0.2959389984607697
0.0434730015695095 0.5084139704704285 0.2923150062561035
0.0333440005779266 0.4990009963512420 0.2989960014820099
0.0552980005741119 0.5155209898948669 0.2844280004501343
0.0803439989686012 0.5514159798622131 0.2754620015621185
0.0499849990010261 0.8081780076026917 0.2851949930191040
0.0482079982757568 0.7982389926910400 0.2954069972038269
0.0602359995245933 0.7866539955139160 0.2944749891757965
0.1077089980244636 0.8115879893302917 0.2709850072860718
0.0954350009560585 0.8130229711532593 0.2734990119934082
0.1338630020618439 0.7879160046577454 0.2663539946079254
0.1260270029306412 0.8108289837837220 0.2643409967422485
0.1641039997339249 0.7911260128021240 0.2447150051593780
0.1799889951944351 0.7836459875106812 0.2333360016345978
0.0430710017681121 0.5194889903068543 0.2832539975643158
0.0298980008810758 0.5135570168495178 0.2873460054397583
0.0532899983227253 0.5201110243797302 0.2850370109081268
0.0774080008268356 0.5569519996643066 0.2761479914188385
0.0818229988217353 0.5614070296287537 0.2774479985237122
0.0819479972124099 0.5568640232086182 0.2762599885463715
0.0760739967226982 0.7884749770164490 0.2868910133838653
0.0780000016093254 0.7954919934272767 0.2815639972686768
0.0634509995579719 0.8036689758300781 0.2798219919204712
0.0806180015206337 0.5592190027236938 0.2769680023193359
0.0780989974737167 0.5567470192909241 0.2765280008316040
0.0824339985847473 0.8145070075988769 0.2743189930915833
0.0704160034656524 0.8198090195655823 0.2738040089607239
0.1919319927692413 0.8015519976615905 0.2139849960803986
0.2023500055074692 0.7870659828186035 0.2035070061683655
0.2061800062656403 0.8007299900054931 0.1949699968099594
0.1797879934310913 0.8124920129776001 0.2211759984493256
0.1954720020294189 0.8120779991149902 0.2069820016622543
0.2069260030984878 0.8305050134658813 0.1872850060462952
0.2029580026865005 0.8485569953918458 0.1953590065240860
0.1921190023422241 0.8442969918251037 0.2104849964380264
0.0734080001711845 0.5796549916267395 0.2860769927501678
0.0665659978985786 0.5639839768409729 0.2853580117225647
0.0795769989490509 0.5649200081825256 0.2781899869441986
0.0730319991707801 0.5913220047950744 0.3027819991111756
0.0671140030026435 0.5905799865722656 0.2981869876384735
0.0743649974465370 0.5805569887161254 0.2896459996700287
0.0596869997680187 0.7277410030364991 0.3264859914779663
0.0635010004043579 0.7213000059127808 0.3184889853000641
0.0629160031676292 0.7186369895935059 0.3121680021286011
0.0520659983158111 0.7268790006637573 0.3468860089778900
0.0539389997720718 0.7166439890861512 0.3515239953994751
0.0617309994995594 0.7149639725685120 0.3382590115070343
0.1675390005111694 0.8279209733009339 0.2286790013313293
0.1828349977731705 0.8200839757919311 0.2166920006275177
0.1993259936571121 0.8634549975395203 0.2078420072793961
0.1962540000677109 0.8765619993209839 0.2218070030212402
0.1882939934730530 0.8659290075302124 0.2269829958677292
0.0654959976673126 0.5905669927597046 0.2941780090332031
0.0558479987084865 0.5640540122985840 0.2906959950923919
0.0464400015771389 0.6299650073051452 0.3400880098342895
0.0558950006961822 0.6241469979286194 0.3320190012454987
0.0599270015954971 0.6375659704208374 0.3236590027809143
0.0716030001640319 0.6943659782409668 0.3057920038700104
0.0228669997304678 0.7345979809761047 0.3816770017147064
0.0320940017700195 0.7317219972610474 0.3692660033702851
0.0310309994965791 0.7436310052871704 0.3605720102787018
0.0355710014700889 0.8598610162734985 0.2912189960479736
0.0361989997327327 0.8821790218353271 0.3116770088672638
0.0225610006600618 0.8481900095939636 0.2991459965705871
0.1799550056457520 0.8609600067138671 0.2331729978322983
0.1814019978046417 0.8534849882125855 0.2261800020933151
0.1892579942941666 0.8553599715232849 0.2188079953193665
0.1921309977769852 0.8884050250053405 0.2351479977369308
0.1822810024023056 0.8745080232620239 0.2397529929876327
0.0553819984197616 0.6902179718017578 0.3221870064735412
0.0698129981756210 0.6771550178527832 0.3111670017242431
0.0674370005726814 0.6955680251121521 0.3134259879589081
0.0339759998023510 0.7192540168762207 0.3742780089378357
0.0257520005106926 0.8870700001716614 0.3216460049152374
0.0160729996860027 0.8540329933166504 0.3069930076599121
0.1742620021104812 0.8679640293121338 0.2432480007410049
0.0304869990795850 0.6690689921379090 0.3339819908142090
0.0145150003954768 0.6639369726181030 0.3404780030250549
0.0197170004248619 0.6514989733695983 0.3420639932155609
0.0225709993392229 0.7060570120811462 0.3929440081119537
0.0323290005326271 0.7091479897499085 0.3792499899864196
0.0119799999520182 0.7360290288925171 0.3898740112781524
0.0222089998424053 0.7467399835586548 0.3687109947204590
0.0555140003561973 0.9076960086822510 0.3268910050392151
0.0401870012283325 0.9097920060157775 0.3296520113945007
0.1620739996433258 0.8638839721679688 0.2481189966201782
0.1659409999847412 0.8765349984169006 0.2549389898777008
0.0003959999885410 0.7345010042190552 0.3935120105743408
0.0122699998319149 0.7491700053215027 0.3761380016803741
-0.0002809999859891 0.6599860191345215 0.3397980034351349
0.0002110000059474 0.6439210176467895 0.3400869965553284
0.0361699983477592 0.6076599955558776 0.3284870088100433
0.0445189997553825 0.6187040209770203 0.3380559980869293
0.0342000015079975 0.6216599941253663 0.3454549908638001
0.0253899991512298 0.6379150152206420 0.3478699922561645
0.0377990007400512 0.6354640126228333 0.3441900014877319
0.0350000001490116 0.6541399955749512 0.3361960053443908
0.0231379996985197 0.7197110056877137 0.3909699916839599
0.0121120000258088 0.8591229915618897 0.3100149929523468
0.0471780002117157 0.8749099969863891 0.2985540032386780
0.1557630002498627 0.8685259819030762 0.2547250092029572
-0.0005140000139363 0.8593729734420777 0.3126839995384216
0.0165279991924762 0.8889880180358886 0.3246850073337555
0.0125770000740885 0.7177730202674866 0.3987709879875183
-0.0009069999796338 0.6301730275154113 0.3459919989109039
0.0221360009163618 0.5598160028457642 0.3081640005111694
0.0326850004494190 0.6046620011329651 0.3180199861526489
0.0227170009166002 0.6018239855766296 0.3242540061473846
0.0120479995384812 0.7049049735069275 0.3984600007534027
0.0253199990838766 0.9083939790725708 0.3280749917030335
0.0766009986400604 0.8955569863319397 0.3080889880657196
0.0824910029768943 0.9158419966697693 0.3205620050430298
0.0662589967250823 0.9125980138778687 0.3252590000629425
0.0631000027060508 0.8783050179481507 0.2959249913692474
0.0759679973125457 0.8848189711570739 0.2981120049953460
0.1807589977979660 0.9002000093460083 0.2555850148200989
0.1743299961090088 0.8838390111923218 0.2532390058040619
-0.0002280000044265 0.9060230255126953 0.3271369934082031
0.0000000000000000 0.7039149999618531 0.3993850052356720
0.0195940006524324 0.6224780082702637 0.3510029911994934
0.0169070009142160 0.6894050240516663 0.3634330034255981
0.0132370004430413 0.6870650053024292 0.3640280067920685
0.0158789996057748 0.6844980120658875 0.3491039872169494
0.0099989995360374 0.6941620111465454 0.3896540105342865
0.0075079998932778 0.6883130073547364 0.3773570060729980
0.0156859997659921 0.6908839941024781 0.3756189942359924
0.0743480026721954 0.9342420101165772 0.3208619952201843
0.0942310020327568 0.9010369777679443 0.3048149943351746
0.1023719981312752 0.9168570041656494 0.3119960129261017
0.0679249987006187 0.8702260255813599 0.2845090031623840
0.0794579982757568 0.8763480186462403 0.2873739898204804
0.1517709940671921 0.9214609861373901 0.2869920134544372
0.1433580070734024 0.9014850258827209 0.2848939895629883
0.1615650057792664 0.8954979777336120 0.2702409923076630
0.0000000000000000 0.6880649924278259 0.3785960078239441
0.0115579999983310 0.6737859845161437 0.3425779938697815
0.0076930001378059 0.6808130145072937 0.3497099876403809
0.0000000000000000 0.6784399747848511 0.3480480015277862
0.0000890000010258 0.6225240230560303 0.3515279889106751
0.0126090003177523 0.6062970161437988 0.3413529992103577
0.0257280003279447 0.6064760088920593 0.3355770111083985
0.0251070000231266 0.6807709932327270 0.3369910120964051
0.0263950005173683 0.6915339827537536 0.3380900025367737
0.0063289999961853 0.6852679848670959 0.3648349940776825
0.0927449986338615 0.8910959959030152 0.2972669899463654
0.0540569983422756 0.8631269931793213 0.2815150022506714
0.0508240014314651 0.8658639788627625 0.2865110039710998
0.0428659990429878 0.8430609703063965 0.2794910073280334
0.1445599943399429 0.8730220198631287 0.2626059949398041
0.0000000000000000 0.6849840283393860 0.3652240037918091
-0.0002960000128950 0.6088219881057740 0.3430919945240020
0.0104080000892281 0.5998309850692749 0.3288519978523254
0.0067239999771118 0.5573369860649109 0.3149699866771698
0.0137409996241331 0.5580160021781921 0.3126580119132996
0.1156629994511604 0.9037860035896301 0.2982679903507233
0.1275079995393753 0.9197220206260681 0.3016459941864013
0.1100960001349449 0.8943480253219604 0.2935340106487274
0.0936359986662864 0.8797339797019959 0.2857129871845245
0.1321620047092438 0.8923609852790833 0.2843660116195679
0.1236969977617264 0.8797249794006348 0.2755500078201294
0.1552110016345978 0.8857880234718323 0.2684360146522522
-0.0026620000135153 0.5576969981193542 0.3146759867668152
0.1079119965434074 0.8808649778366089 0.2816869914531708
0.1566389948129654 1.0367889404296880 0.2437140047550201
0.1819390058517456 1.0217930078506470 0.2128960043191910
0.1839160025119781 1.0492440462112430 0.1886119991540909
0.1381060034036636 1.0877989530563360 0.2437040060758591
0.1278990060091019 1.0474530458450320 0.2647339999675751
0.1112990006804466 1.0998729467391970 0.2589859962463379
0.0854770019650459 1.1087419986724850 0.2692739963531494
0.0763510018587112 1.0584160089492800 0.2866669893264771
0.0580069981515407 1.1159709692001340 0.2758769989013672
0.0289459992200136 1.1191600561141970 0.2797259986400604
0.0251189991831779 1.0680960416793820 0.2945350110530853
0.0763870030641555 0.9655249714851379 0.3087869882583618
0.0715430006384849 1.0108339786529540 0.2956840097904205
0.0489949993789196 1.0154360532760620 0.3025070130825043
0.1012609973549843 0.9677299857139588 0.2977829873561859
0.0958369970321655 1.0091760158538820 0.2867270112037659
0.1243690028786659 0.9686260223388672 0.2859599888324738
0.1202879995107651 1.0070990324020390 0.2760969996452332
0.1452929973602295 0.9654600024223328 0.2725450098514557
0.1467909961938858 0.9997270107269288 0.2610299885272980
0.1700920015573501 0.9553509950637818 0.2536909878253937
0.1756709963083267 0.9864519834518432 0.2346650063991547
0.2006770074367523 0.9347079992294312 0.1968259960412979
0.2009429931640625 0.9568179845809937 0.1790409982204437
0.1915819942951202 0.9751510024070739 0.2054149955511093
0.0708260014653205 0.4557150006294250 0.2458000034093857
0.0996910035610198 0.5147119760513306 0.2434329986572266
0.0000000000000000 0.6941409707069396 0.3909850120544433
0.0201079994440078 0.6963919997215270 0.3858140110969544
0.0279740002006292 0.7003120183944703 0.3802140057086945
0.0503109991550445 0.7038310170173645 0.3515110015869140
0.0579890012741088 0.7003570199012756 0.3384329974651337
0.0635489970445632 0.7070620059967041 0.3384270071983338
0.0597749985754489 0.6980609893798828 0.3309989869594574
0.0666949972510337 0.7053700089454651 0.3256959915161133
0.0660969987511634 0.7097070217132568 0.3144260048866272
0.0358520001173019 0.8264200091361999 0.2896499931812286
0.0519459992647171 0.7333639860153198 0.3390780091285706
0.0416169986128807 0.7386760115623474 0.3510789871215820
0.0426080003380775 0.7188720107078552 0.3644700050354004
0.0543910004198551 0.7114909887313843 0.3527880012989044
0.0423929989337921 0.7077770233154296 0.3664579987525940
0.1458099931478500 0.7511460185050964 0.2780770063400268
0.1435499936342239 0.7726969718933106 0.2712259888648987
0.1431349962949753 0.8107110261917115 0.2530699968338013
0.1555819958448410 0.7894309759140014 0.2522949874401092
0.1118900030851364 0.4653289914131165 0.1368370056152344
0.1247019991278648 0.5062749981880188 0.1645389944314957
0.1193210035562515 0.5058910250663757 0.1872009932994843
0.1020499989390373 1.0527379512786870 0.2776420116424561
0.0463219992816448 0.7501389980316163 0.3195840120315552
0.0569319985806942 0.7378919720649719 0.3105590045452118
0.0578659996390342 0.7474250197410583 0.3096030056476593
0.0466759987175464 0.7589150071144104 0.3172970116138458
0.0371499992907047 0.7682089805603027 0.3258199989795685
0.0209400001913309 0.7708839774131775 0.3491680026054382
0.0207640007138252 0.7803630232810975 0.3437960147857666
0.0114110000431537 0.7837910056114196 0.3516260087490082
0.1577810049057007 0.8170239925384521 0.2396800071001053
0.1516019999980926 0.8129330277442932 0.2456869930028916
0.1761679947376251 0.8056409955024719 0.2271379977464676
0.1631029993295669 0.8240470290184020 0.2342510074377060
0.1708229929208756 0.7969670295715332 0.2360640019178390
0.0003619999915827 0.8382019996643067 0.3167650103569031
0.0107249999418854 0.8363549709320068 0.3148539960384369
0.0177590008825063 0.8331410288810730 0.3109259903430939
0.2088450044393540 0.8754159808158875 0.1816730052232742
0.2035969942808151 0.8929460048675537 0.2003760039806366
0.1977200061082840 0.9075809717178345 0.2203779965639114
0.1866530030965805 0.9188460111618042 0.2462780028581619
0.1490859985351563 0.9363269805908204 0.2835519909858704
0.1680330038070679 0.9103050231933594 0.2718349993228912
0.1247159987688064 0.9392809867858886 0.2995850145816803
0.0973600000143051 0.9378489851951599 0.3123799860477448
0.0000000000000000 0.9657729864120484 0.3164690136909485
0.0275730006396770 0.9655089974403382 0.3155969977378845
0.0248530004173517 1.0163350105285640 0.3073540031909942
0.0001619999966351 1.1202239990234370 0.2811079919338226
0.0006409999914467 1.0687750577926640 0.2949849963188172
0.0781269967555999 0.6349560022354126 0.3061510026454925
0.0863820016384124 0.6175370216369629 0.2977089881896973
0.0707629993557930 0.6244980096817016 0.3146460056304932
0.0804430022835731 0.6086180210113526 0.3041689991950989
0.0482309982180595 0.7389600276947022 0.3307909965515137
0.0267370007932186 0.7533000111579895 0.3488189876079559
0.0206269994378089 0.7581520080566406 0.3576959967613220
0.0129039995372295 0.7612230181694031 0.3660550117492676
0.0007130000158213 0.7628380060195923 0.3699310123920441
0.0526399984955787 0.6143069863319397 0.3309200108051300
0.0605989992618560 0.6044980287551880 0.3195489943027496
0.0465009994804859 0.6049249768257140 0.3195289969444275
0.0553090013563633 0.6001380085945129 0.3097429871559143
0.0428010001778602 0.6041280031204224 0.3112800121307373
0.0323179997503757 0.5624899864196778 0.3031519949436188
0.0447000004351139 0.5637720227241516 0.2969009876251220
0.0518519990146160 0.8155210018157958 0.2784340083599091
0.0440910011529922 0.8278920054435730 0.2806990146636963
0.0593429990112781 0.8281540274620056 0.2730099856853485
0.0524870008230209 0.8338130116462707 0.2739160060882568
0.0365369990468025 0.8124009966850281 0.2982710003852844
0.0750410035252571 0.7755870223045349 0.2940199971199036
0.0947989970445632 0.7643659710884095 0.2913779914379120
0.0742980018258094 0.7314429879188538 0.3030360043048859
0.0655450001358985 0.6089100241661071 0.3214730024337768
0.0984369963407516 0.6976360082626342 0.2956970036029816
0.0714460015296936 0.7227290272712708 0.3039659857749939
0.0751949995756149 0.5950790047645569 0.3068659901618957
0.0526840016245842 0.6009449958801270 0.3026489913463592
0.0418130010366439 0.6902409791946412 0.3291290104389190
0.0199340004473924 0.6932510137557984 0.3731339871883393
0.1549350023269653 0.8567389845848083 0.2525399923324585
0.1597049981355667 0.8531609773635864 0.2470490038394928
0.1493950039148331 0.8588619828224182 0.2570619881153107
0.1380909979343414 0.8624519705772399 0.2642210125923157
0.1216180026531220 0.8680109977722168 0.2721979916095734
0.1079040020704269 0.8707619905471802 0.2774589955806732
0.0819659978151321 0.8662700057029724 0.2816109955310821
0.1934700012207031 1.0017739534378050 0.1844709962606430
0.1899289935827255 0.9457380175590515 0.2240130007266998
0.1703480035066604 0.9297389984130860 0.2665390074253082
0.1634860038757324 0.8491950035095215 0.2401829957962036
0.1713609993457794 0.8527699708938598 0.2324829995632172
0.1680199950933456 0.8590580224990844 0.2407380044460297
0.0503770001232624 0.8435860276222228 0.2749769985675812
0.0551889985799789 0.8400059938430787 0.2731769979000092
-0.0001679999986663 0.5032780170440674 0.2973630130290985
0.0000000000000000 0.4876829981803894 0.3076269924640655
0.0000000000000000 0.4712890088558197 0.3031750023365021
0.0083280000835657 0.4661050140857697 0.2929140031337738
0.0000000000000000 0.4574210047721863 0.2780880033969879
0.0000000000000000 0.4409930109977722 0.2732889950275421
0.0115390000864863 0.4452239871025085 0.2711049914360046
0.0000000000000000 0.4207060039043427 0.2772499918937683
0.0154750002548098 0.3970359861850739 0.2698250114917755
0.0000230000005103 0.3808450102806092 0.2614369988441467
-0.0001500000071246 0.3732070028781891 0.2484630048274994
0.0145950000733137 0.3725180029869080 0.2452600002288818
0.0000039999999899 0.3711700141429901 0.2288009971380234
-0.0000710000022081 0.3772749900817871 0.2008910030126572
0.0189289990812540 0.3810679912567139 0.1955790072679520
0.0001519999932497 0.3905430138111114 0.1701080054044724
0.0207809992134571 0.3933080136775971 0.1671400070190430
0.0232030004262924 0.4110749959945679 0.1324629932641983
0.0378709994256496 0.4773989915847779 0.2857269942760468
0.0378860011696815 0.4559000134468079 0.2662920057773590
0.0448970012366771 0.4021219909191132 0.2558229863643646
0.0501540005207061 0.3829210102558136 0.2287150025367737
0.0551440007984638 0.3955169916152954 0.1845459938049316
0.0582269988954067 0.4087240099906922 0.1544660031795502
0.0793339982628822 0.4229919910430908 0.1470489948987961
0.0614060014486312 0.4209629893302918 0.1302150040864944
0.0659120008349418 0.6529960036277772 0.3158110082149506
0.0907829999923706 0.5554370284080506 0.2718159854412079
0.0849110037088394 0.5451409816741943 0.2694439888000488
0.0701180025935173 0.5260390043258667 0.2739199995994568
0.0591429993510246 0.4926300048828125 0.2682040035724640
0.0000000000000000 0.4656679928302765 0.2929719984531403
0.0393909998238086 0.4156970083713532 0.1275060027837753
0.0380030013620853 0.3996810019016266 0.1598570048809052
0.1630380004644394 0.6015049815177917 0.1532790064811707
0.1525440067052841 0.5890480279922486 0.1804240047931671
0.1630840003490448 0.7738379836082459 0.2550280094146729
0.1363230049610138 0.5041829943656922 0.1003540009260178
0.1488589942455292 0.5299109816551208 0.0986969992518425
0.1308159977197647 0.5278049707412720 0.1735730022192001
0.0801979973912239 0.5584300160408020 0.2768839895725250
0.0793690010905265 0.5581279993057251 0.2765749990940094
0.0782610028982162 0.5566689968109131 0.2765710055828094
0.1866039931774140 0.7926579713821411 0.2223400026559830
0.1823000013828277 0.8437669873237610 0.2191109955310821
0.1832280009984970 0.8332179784774780 0.2159069925546646
0.0532240010797977 0.9641339778900146 0.3129529953002930
0.0508389994502067 1.0631580352783200 0.2924300134181976
-0.0002509999903850 1.0166720151901240 0.3083049952983856
0.1952510029077530 0.7712169885635375 0.2180940061807632
0.2121739983558655 0.7696779966354371 0.1835619956254959
0.1679099947214127 0.7490159869194031 0.2579030096530914
0.1843219995498657 0.8258739709854126 0.2150769978761673
0.2073380053043365 0.8144249916076660 0.1894599944353104
0.0607930012047290 0.7973160147666931 0.2861579954624176
0.0475080013275146 0.6493279933929444 0.3308599889278412
0.0476839989423751 0.6651170253753663 0.3258030116558075
0.0482559986412525 0.6775910258293152 0.3237830102443695
0.0640150010585785 0.7185590267181396 0.3254239857196808
0.0592929981648922 0.7235429883003235 0.3348439931869507
0.0584749989211559 0.7293969988822938 0.3183290064334869
0.0249520000070333 0.8258090019226074 0.3057839870452881
0.0275769997388124 0.7661269903182984 0.3399749994277954
0.0281629990786314 0.7757229804992676 0.3343349993228913
0.0361180007457733 0.7464789748191834 0.3401060104370117
0.0405960008502006 0.7298259735107421 0.3602029979228973
0.0436629988253116 0.7131180167198181 0.3652629852294922
-0.0004870000120718 0.9229739904403686 0.3253709971904755
0.0313940010964870 0.9256169795989990 0.3260020017623901
0.0526559986174106 0.9280260205268860 0.3256239891052246
0.0660260021686554 0.7119640111923218 0.3247900009155274
0.2034099996089935 0.9774069786071777 0.1587260067462921
0.2077780067920685 1.0006079673767090 0.1346170008182526
0.1967920064926148 1.0257849693298340 0.1614399999380112
0.0221139993518590 0.4240680038928986 0.1081029996275902
0.0419819988310337 0.4266569912433624 0.1084970012307167
0.0013869999675080 0.4074200093746186 0.1366840004920960
0.0031830000225454 0.4218100011348724 0.1085940003395081
0.0830470025539398 0.4338499903678894 0.1251109987497330
0.0629570037126541 0.4323630034923553 0.1094940006732941
0.0839300006628036 0.4447079896926880 0.1040050014853477
0.0636899992823600 0.4417679905891418 0.0921130031347274
0.0430370010435581 0.4366639852523804 0.0911590009927749
0.0230999998748302 0.4329650104045868 0.0914739966392517
0.0000000000000000 0.4303640127182007 0.0889919996261596
0.1038319990038872 0.4527570009231567 0.1216709986329079
0.1075989976525307 0.4614650011062622 0.1044199988245964
0.0876709967851638 0.4536910057067871 0.0908040031790733
0.0554810017347335 0.5290700197219848 0.2795029878616333
0.0866729989647865 0.4589369893074036 0.2326149940490723
0.0783199965953826 0.4223180115222931 0.2266879975795746
0.0957359969615936 0.4484179913997650 0.1990630030632019
0.0897039994597435 0.4282230138778687 0.1875330060720444
0.0932769998908042 0.4343349933624268 0.1656170040369034
0.0986329987645149 0.4441539943218231 0.1419260054826736
0.1179649978876114 0.4736869931221008 0.1218239963054657
0.1292989999055862 0.4950700104236603 0.1214950010180473
0.1251869946718216 0.4842070043087005 0.1046930029988289
0.1312109977006912 0.4956609904766083 0.0859220027923584
0.1459479928016663 0.5197160243988037 0.0784899964928627
0.1108049973845482 0.4713039994239807 0.0876189991831779
0.1039730012416840 0.4550279974937439 0.1597959995269775
0.2073290050029755 0.9164100289344787 0.1728339940309524
0.1732649952173233 0.8465179800987244 0.2259549945592880
0.2142139971256256 0.8555719852447510 0.1684630066156387
0.2178670018911362 0.9064540266990661 0.1329769939184189
0.2138160020112991 0.8953080177307128 0.1536179929971695
0.2221810072660446 0.8671470284461975 0.1397199928760529
0.2090909928083420 0.9330899715423584 0.1542479991912842
0.2263890057802200 0.8747770190238953 0.1192110031843185
0.2306730002164841 0.8819689750671387 0.0973640009760856
0.2225349992513657 0.9176669716835022 0.1117269992828369
0.2131150066852570 0.9501249790191651 0.1325599998235703
0.2194309979677200 0.9695889949798584 0.1040280014276505
0.2297240048646927 0.9288370013237000 0.0837920010089874
0.2366389930248260 0.8877559900283813 0.0681139975786209
0.2369170039892197 0.8105109930038452 0.0855439975857734
0.2331620007753372 0.8109740018844604 0.1126829981803894
0.2298139929771423 0.7776970267295837 0.1182689964771271
0.2270060032606125 0.8112620115280151 0.1376789957284927
0.2241189926862717 0.7826189994812012 0.1462350040674210
0.2391609996557236 0.8102930188179016 0.0554910004138946
0.2329449951648712 0.7760199904441833 0.0873799994587898
0.2385510057210922 0.8468130230903625 0.0595510005950927
0.2349700033664703 0.8446120023727418 0.0876590013504028
0.1957470029592514 0.8322370052337646 0.2048680037260056
0.1971839964389801 0.8214970231056214 0.2037809938192368
0.2182800024747849 0.8120399713516236 0.1645230054855347
0.2170310020446777 0.7915250062942505 0.1715160012245178
0.2267079949378967 0.8377969861030579 0.1332879960536957
0.2180390059947968 0.8316349983215332 0.1610990017652512
0.2312230020761490 0.8415030241012573 0.1118199974298477
-0.1168460026383400 0.4850859940052033 0.1627289950847626
-0.1039739996194839 0.4550299942493439 0.1597989946603775
-0.0993470028042793 0.4498029947280884 0.1821130067110062
-0.0361009985208511 0.3869780004024506 0.1893559992313385
-0.0189410001039505 0.3810720145702362 0.1955740004777908
-0.0164989996701478 0.3722580075263977 0.2238799929618836
-0.1048950031399727 0.4785709977149964 0.2021699994802475
-0.0957700014114379 0.4488629996776581 0.1994940042495728
-0.0896710008382797 0.4475339949131012 0.2174700051546097
-0.1477230042219162 0.5420100092887878 0.1258140057325363
-0.1386269927024841 0.5160139799118042 0.1213049963116646
-0.1314689964056015 0.5093259811401367 0.1410430073738098
-0.0313349999487400 0.3754050135612488 0.2381660044193268
-0.0146070001646876 0.3725189864635468 0.2452629953622818
-0.0135530000552535 0.3801330029964447 0.2598989903926849
-0.0762979984283447 0.4131039977073669 0.1722480058670044
-0.0551659986376762 0.3955219984054565 0.1845580041408539
-0.0526699982583522 0.3861060142517090 0.2082690000534058
-0.0955479964613914 0.4816420078277588 0.2298990041017532
-0.0866999998688697 0.4589950144290924 0.2325980067253113
-0.0824770033359527 0.4724040031433105 0.2410939931869507
-0.1371179968118668 0.5522980093955994 0.1866720020771027
-0.1308259963989258 0.5278409719467163 0.1735879927873612
-0.1256089955568314 0.5269219875335693 0.1945299953222275
-0.1562779992818832 0.5712599754333496 0.1344060003757477
-0.1383530050516128 0.5312680006027222 0.1469260007143020
-0.0292460005730390 0.3996219933032989 0.2639290094375610
-0.0154780000448226 0.3970299959182739 0.2698209881782532
-0.0131909996271133 0.4248589873313904 0.2746480107307434
-0.0686739981174469 0.3991760015487671 0.2237610071897507
-0.0501299984753131 0.3829070031642914 0.2286619991064072
-0.0444980002939701 0.3875580132007599 0.2464929968118668
-0.0625699982047081 0.4002270102500916 0.2362290024757385
-0.0783950015902519 0.4223220050334931 0.2265260070562363
-0.0847039967775344 0.4230679869651795 0.2088579982519150
-0.1211849972605705 0.5274040102958679 0.2118290066719055
-0.1144839972257614 0.5050470232963562 0.2042520046234131
-0.1090100035071373 0.5027449727058411 0.2188829928636551
-0.0617169998586177 0.4116809964179993 0.2452349960803986
-0.0449020005762577 0.4021250009536743 0.2558209896087646
-0.0399900004267692 0.4282079935073853 0.2641220092773437
-0.1265060007572174 0.5494959950447082 0.2232339978218079
-0.1163730025291443 0.5268039703369140 0.2261880040168762
-0.0741520002484321 0.4947530031204223 0.2540690004825592
-0.0719980001449585 0.5109140276908874 0.2646470069885254
-0.0832950025796890 0.5265690088272095 0.2623000144958496
-0.1151319965720177 0.5531749725341797 0.2489520013332367
-0.1110510006546974 0.5289049744606018 0.2391590029001236
-0.1055729985237122 0.5356159806251526 0.2499739974737167
-0.0245489999651908 0.4500429928302765 0.2691349983215332
-0.0115449996665120 0.4452269971370697 0.2711040079593659
-0.0086510004475712 0.4588260054588318 0.2790319919586182
-0.0504980012774467 0.4614380002021789 0.2593739926815033
-0.0378910005092620 0.4559049904346466 0.2662909924983978
-0.0394780002534389 0.4686950147151947 0.2747550010681152
-0.0501319989562034 0.4814809858798980 0.2713060081005096
-0.0591440014541149 0.4926309883594513 0.2682029902935028
-0.0631019994616508 0.4766930043697357 0.2551819980144501
-0.0795990005135536 0.5374209880828858 0.2695119976997375
-0.0701190009713172 0.5260400176048279 0.2739199995994568
-0.0681559965014457 0.5340639948844909 0.2790269851684570
-0.1002959981560707 0.5430529713630676 0.2589769959449768
-0.0935930013656616 0.5281320214271546 0.2556909918785095
-0.0910279974341392 0.5371180176734924 0.2629779875278473
-0.0229979995638132 0.4683330059051514 0.2902989983558655
-0.0083280000835657 0.4661050140857697 0.2929129898548126
-0.0109989996999502 0.4730190038681030 0.3028070032596588
-0.0962880030274391 0.5463790297508240 0.2649360001087189
-0.0968569964170455 0.5551130175590515 0.2691510021686554
-0.1035799980163574 0.5569109916687012 0.2629559934139252
-0.1190119981765747 0.7533069849014282 0.2890560030937195
-0.0947920009493827 0.7643640041351318 0.2913799881935119
-0.0931539982557296 0.7814350128173828 0.2850140035152435
-0.0457750000059604 0.4882139861583709 0.2832149863243103
-0.0378739982843399 0.4774020016193390 0.2857249975204468
-0.0356639996170997 0.4854660034179688 0.2948670089244842
-0.0442660003900527 0.4973199963569641 0.2906009852886200
-0.0552980005741119 0.5155209898948669 0.2844280004501343
-0.0582010000944137 0.5080569982528687 0.2793430089950562
-0.0769990012049675 0.5439590215682984 0.2751689851284027
-0.0673139989376068 0.5356569886207581 0.2795409858226776
-0.0869000032544136 0.5523610115051270 0.2712590098381043
-0.0885969996452331 0.5503290295600891 0.2701849937438965
-0.0849110037088394 0.5451409816741943 0.2694439888000488
-0.0909129977226257 0.6742990016937256 0.2956260144710541
-0.1019259989261627 0.6440389752388000 0.2875970005989075
-0.0989990010857582 0.6339510083198547 0.2883000075817108
-0.0243030004203319 0.4782170057296753 0.3002960085868835
-0.0120149999856948 0.4894750118255615 0.3067629933357239
-0.0756440013647079 0.5450180172920227 0.2768439948558807
-0.0646300017833709 0.5394570231437683 0.2769840061664581
-0.0843790024518966 0.5583310127258301 0.2755649983882904
-0.0907829999923706 0.5554389953613281 0.2718159854412079
-0.0879079997539520 0.6612280011177062 0.2973940074443817
-0.0927300006151199 0.6257950067520142 0.2926650047302246
-0.1077729985117912 0.7865729928016663 0.2772319912910461
-0.1138229966163635 0.7745950222015380 0.2826139926910400
-0.1727990061044693 0.7762659788131713 0.2441229969263077
-0.1799850016832352 0.7836419939994812 0.2333430051803589
-0.1871539950370788 0.7581629753112794 0.2316990047693252
-0.0252049993723630 0.4936800003051758 0.3032540082931519
-0.0103259999305009 0.5060819983482361 0.2959379851818084
-0.0333440005779266 0.4990000128746033 0.2989960014820099
-0.0434730015695095 0.5084139704704285 0.2923150062561035
-0.0532889999449253 0.5201110243797302 0.2850370109081268
-0.0836400017142295 0.5481699705123901 0.2712250053882599
-0.0803499966859817 0.5514240264892578 0.2754620015621185
-0.0499810017645359 0.8081780076026917 0.2851989865303040
-0.0607879981398582 0.7973160147666931 0.2861590087413788
-0.0602310001850128 0.7866539955139160 0.2944769859313965
-0.1077070012688637 0.8116260170936585 0.2709900140762329
-0.0923769995570182 0.7902870178222656 0.2801569998264313
-0.1338430047035217 0.7879469990730286 0.2663379907608032
-0.1640989929437637 0.7911239862442016 0.2447189986705780
-0.1708189994096756 0.7969650030136109 0.2360679954290390
-0.0298980008810758 0.5135570168495178 0.2873460054397583
-0.0430710017681121 0.5194889903068543 0.2832539975643158
-0.0554810017347335 0.5290700197219848 0.2795029878616333
-0.0819220021367073 0.5569589734077453 0.2762979865074158
-0.0774070024490356 0.5569459795951843 0.2761520147323608
-0.0818300023674964 0.5613960027694702 0.2774420082569122
-0.0760679990053176 0.7884730100631713 0.2868930101394653
-0.0634509995579719 0.8036710023880005 0.2798219919204712
-0.0806180015206337 0.5592169761657715 0.2769680023193359
-0.0824280008673668 0.8145070075988769 0.2743180096149444
-0.0779939964413642 0.7954919934272767 0.2815659940242767
-0.1919270008802414 0.8015519976615905 0.2139900028705597
-0.1954679936170578 0.8120779991149902 0.2069869935512543
-0.2061789929866791 0.8007199764251709 0.1949730068445206
-0.1797820031642914 0.8124899864196777 0.2211810052394867
-0.1828349977731705 0.8200839757919311 0.2166920006275177
-0.2069219946861267 0.8305029869079590 0.1872940063476563
-0.1957419961690903 0.8322370052337646 0.2048729956150055
-0.1921139955520630 0.8442969918251037 0.2104910016059876
-0.0772669985890388 0.5710530281066895 0.2806220054626465
-0.0793720036745071 0.5581279993057251 0.2765749990940094
-0.0782610028982162 0.5566620230674744 0.2765719890594483
-0.0596720017492771 0.7277680039405823 0.3264850080013275
-0.0584799982607364 0.7293930053710938 0.3183340132236481
-0.0629160031676292 0.7186369895935059 0.3121680021286011
-0.0520659983158111 0.7268790006637573 0.3468869924545288
-0.0592929981648922 0.7235450148582459 0.3348430097103119
-0.0617309994995594 0.7149639725685120 0.3382599949836731
-0.1675380021333694 0.8279209733009339 0.2286790013313293
-0.1704650074243546 0.8310359716415405 0.2253099977970123
-0.1993210017681122 0.8634529709815980 0.2078530043363571
-0.1892540007829666 0.8553580045700073 0.2188120037317276
-0.1882899999618530 0.8659290075302124 0.2269890010356903
-0.0654959976673126 0.5905650258064270 0.2941789925098419
-0.0734080001711845 0.5796549916267395 0.2860769927501678
-0.0761049985885620 0.5735449790954590 0.2820430099964142
-0.0464400015771389 0.6299650073051452 0.3400880098342895
-0.0475069992244243 0.6493260264396667 0.3308599889278412
-0.0599270015954971 0.6375659704208374 0.3236590027809143
-0.0716039985418319 0.6943659782409668 0.3057920038700104
-0.0660969987511634 0.7097070217132568 0.3144260048866272
-0.0635000020265579 0.7213039994239807 0.3184930086135864
-0.0228620003908872 0.7345979809761047 0.3816829919815064
-0.0222059991210699 0.7467420101165772 0.3687140047550202
-0.0310290008783340 0.7436310052871704 0.3605740070343018
-0.0355650000274181 0.8598610162734985 0.2912229895591736
-0.0358389988541603 0.8264449834823608 0.2896510064601898
-0.0225469991564750 0.8482689857482911 0.2991470098495484
-0.1799490004777908 0.8609640002250671 0.2331809997558594
-0.1921249926090240 0.8884069919586181 0.2351569980382919
-0.1962530016899109 0.8765580058097839 0.2218089997768402
-0.0339680016040802 0.7192609906196594 0.3742859959602356
-0.0231359992176294 0.7197110056877137 0.3909739851951599
-0.0257430002093315 0.8870679736137390 0.3216469883918762
-0.0361919999122619 0.8821769952774048 0.3116790056228637
-0.1822749972343445 0.8745080232620239 0.2397599965333939
-0.0304869990795850 0.6690689921379090 0.3339819908142090
-0.0350000001490116 0.6541399955749512 0.3361960053443908
-0.0197170004248619 0.6514989733695983 0.3420639932155609
-0.0119740003719925 0.7360270023345947 0.3898769915103912
-0.0122640002518892 0.7491719722747803 0.3761410117149353
-0.0555020011961460 0.9076769948005677 0.3268850147724152
-0.1680119931697845 0.8590639829635620 0.2407470047473908
-0.1620640009641647 0.8638859987258911 0.2481260001659393
-0.1659329980611801 0.8765389919281006 0.2549470067024231
-0.1743270009756088 0.8838750123977661 0.2532660067081452
0.0008169999928213 0.7498949766159058 0.3799839913845062
-0.0145140001550316 0.6639369726181030 0.3404780030250549
-0.0361710004508495 0.6076599955558776 0.3284870088100433
-0.0257280003279447 0.6064760088920593 0.3355770111083985
-0.0342000015079975 0.6216599941253663 0.3454549908638001
-0.0253899991512298 0.6379150152206420 0.3478699922561645
-0.0125709995627403 0.7177720069885254 0.3987739980220795
-0.0121050002053380 0.8591210246086121 0.3100169897079468
-0.0165170002728700 0.8889849781990052 0.3246870040893555
-0.0472530014812946 0.8749290108680724 0.2985320091247558
-0.1557630002498627 0.8685259819030762 0.2547250092029572
-0.1742549985647202 0.8679959774017334 0.2432750016450882
0.0000000000000000 0.8883360028266907 0.3255789875984192
-0.0001869999978225 0.7170389890670776 0.4009070098400116
-0.0270949993282556 0.5640699863433838 0.3061789870262146
-0.0177730005234479 0.5610179901123047 0.3108389973640442
-0.0227170009166002 0.6018239855766296 0.3242540061473846
-0.0225709993392229 0.7060570120811462 0.3929449915885925
-0.0401719994843006 0.9098280072212219 0.3296500146389007
-0.0766009986400604 0.8955569863319397 0.3080889880657196
-0.0614469982683658 0.8906840085983277 0.3097760081291199
-0.0662449970841407 0.9125980138778687 0.3252640068531036
-0.0631000027060508 0.8783050179481507 0.2959260046482086
-0.1807550042867660 0.9002360105514527 0.2556020021438599
-0.0377990007400512 0.6354640126228333 0.3441900014877319
-0.0169079992920160 0.6894050240516663 0.3634319901466370
-0.0187740009278059 0.6885830163955689 0.3509120047092438
-0.0158810000866651 0.6844999790191651 0.3491039872169494
-0.0099989995360374 0.6941639780998230 0.3896549940109253
-0.0201079994440078 0.6963919997215270 0.3858140110969544
-0.0156859997659921 0.6908839941024781 0.3756189942359924
-0.0526469983160495 0.9280189871788024 0.3256269991397858
-0.0743319988250732 0.9342439770698547 0.3208639919757843
-0.0824780017137527 0.9158440232276916 0.3205690085887909
-0.1023690029978752 0.9168850183486939 0.3120130002498627
-0.0679410025477409 0.8702449798583985 0.2845230102539062
-0.0759679973125457 0.8848189711570739 0.2981120049953460
-0.1517589986324310 0.9214590191841125 0.2870019972324371
-0.1680240035057068 0.9103069901466369 0.2718429863452911
-0.1615550071001053 0.8955019712448120 0.2702490091323852
-0.0115569997578859 0.6737859845161437 0.3425779938697815
-0.0001659999979892 0.6700000166893005 0.3423550128936767
-0.0195940006524324 0.6224769949913025 0.3510020077228546
-0.0076930001378059 0.6808130145072937 0.3497099876403809
-0.0251059997826814 0.6807709932327270 0.3369919955730438
-0.0132370004430413 0.6870650053024292 0.3640269935131073
-0.0973460003733634 0.9378489851951599 0.3123849928379059
-0.0942199975252151 0.9010390043258668 0.3048210144042969
-0.0540530011057853 0.8631269931793213 0.2815159857273102
-0.0503770001232624 0.8435860276222228 0.2749769985675812
-0.0428670011460781 0.8430609703063965 0.2794899940490723
-0.1445609927177429 0.8730239868164063 0.2626059949398041
-0.1552049964666367 0.8858240246772767 0.2684620022773743
-0.0104080000892281 0.5998309850692749 0.3288519978523254
-0.1274970024824142 0.9197540283203124 0.3016589879989624
-0.1100960001349449 0.8943480253219604 0.2935340106487274
-0.0927440002560615 0.8910959959030152 0.2972660064697266
-0.0794589966535568 0.8763499855995178 0.2873739898204804
-0.1321489959955216 0.8923649787902833 0.2843739986419678
-0.1433490067720413 0.9015200138092041 0.2849160134792328
0.0000149999996210 0.6003590226173400 0.3303810060024262
-0.0936250016093254 0.8797379732131958 0.2857230007648468
-0.1156530007719994 0.9037879705429078 0.2982729971408844
-0.1079040020704269 0.8808749914169312 0.2816999852657318
-0.1566230058670044 1.0368249416351320 0.2437230050563812
-0.1635019928216934 1.0704959630966190 0.2203049957752228
-0.1839109957218170 1.0492440462112430 0.1886260062456131
-0.1380939930677414 1.0878030061721800 0.2437150031328201
-0.1112790033221245 1.0998990535736080 0.2589870095252991
-0.1020350009202957 1.0527379512786870 0.2776489853858948
-0.0763349980115890 1.0584219694137570 0.2866710126399994
-0.0579839982092380 1.1159739494323730 0.2758809924125671
-0.0508189983665943 1.0631619691848760 0.2924329936504364
-0.0250969994813203 1.0681289434432980 0.2945269942283630
-0.0763719975948333 0.9655249714851379 0.3087910115718842
-0.0532089993357658 0.9641320109367370 0.3129540085792541
-0.0489780008792877 1.0154360532760620 0.3025119900703430
-0.1012480035424232 0.9677299857139588 0.2977879941463471
-0.0715269967913627 1.0108380317687990 0.2956889867782593
-0.0958219990134239 1.0091760158538820 0.2867330014705658
-0.1202749982476235 1.0071010589599610 0.2761029899120331
-0.1452810019254684 0.9654600024223328 0.2725540101528168
-0.1243529990315437 0.9686260223388672 0.2859680056571960
-0.1700830012559891 0.9553530216217041 0.2536990046501160
-0.1467770040035248 0.9997289776802063 0.2610380053520203
-0.2006749957799911 0.9347079992294312 0.1968390047550201
-0.1899230033159256 0.9457359910011291 0.2240259945392609
-0.1915770024061203 0.9751549959182739 0.2054280042648316
-0.0708300024271011 0.4557169973850250 0.2457990050315857
-0.0841900035738945 0.5120679736137390 0.2540529966354370
-0.0996910035610198 0.5147119760513306 0.2434329986572266
-0.0120419999584555 0.7049049735069275 0.3984619975090027
-0.0698129981756210 0.6771550178527832 0.3111670017242431
-0.0674469992518425 0.6955590248107910 0.3134120106697082
-0.0482029989361763 0.7982410192489624 0.2954109907150269
-0.0365340001881122 0.8124009966850281 0.2982740104198456
-0.0405929982662200 0.7298300266265869 0.3602040112018585
-0.0416020005941391 0.7387030124664307 0.3510740101337433
-0.0426100008189678 0.7188720107078552 0.3644680082798004
-0.1458050012588501 0.7511810064315796 0.2780759930610657
-0.1431290060281754 0.8107129931449891 0.2530750036239624
-0.1515959948301315 0.8129330277442932 0.2456919997930527
-0.1525440067052841 0.5890460014343261 0.1804240047931671
-0.1443939954042435 0.5553380250930786 0.1581519991159439
-0.1119010001420975 0.4653519988059997 0.1368519961833954
-0.1435450017452240 0.7726969718933106 0.2712300121784210
-0.1247109994292259 0.5063059926033020 0.1645539999008179
-0.1193310022354126 0.5059229731559754 0.1872120052576065
-0.0752430036664009 0.4351820051670074 0.2388799935579300
-0.1819339990615845 1.0217930078506470 0.2129099965095520
-0.1756590008735657 0.9864850044250488 0.2346760034561157
-0.1278830021619797 1.0474870204925540 0.2647350132465363
-0.0463070012629032 0.7501469850540161 0.3196040093898773
-0.0466739982366561 0.7589129805564881 0.3172999918460846
-0.0578619986772537 0.7474269866943360 0.3096050024032593
-0.0361559987068176 0.7593920230865478 0.3302269876003265
-0.0371479988098144 0.7682110071182252 0.3258219957351684
-0.1577759981155396 0.8170239925384521 0.2396859973669052
-0.1761569976806641 0.8056619763374328 0.2271369993686676
-0.1865999996662140 0.7926560044288635 0.2223439961671829
-0.1035519987344742 0.5044850111007690 0.2322929948568344
-0.0160690005868673 0.8540329933166504 0.3069970011711121
-0.0177539996802806 0.8331410288810730 0.3109309971332550
-0.2088419944047928 0.8754140138626099 0.1816850006580353
-0.1977120041847229 0.9076210260391236 0.2203900068998337
-0.2035939991474152 0.8929460048675537 0.2003870010375977
-0.1866420060396195 0.9188839793205261 0.2462870031595230
-0.1490730047225952 0.9363290071487427 0.2835629880428314
-0.1703269928693772 0.9297789931297302 0.2665430009365082
-0.1247040033340454 0.9392809867858886 0.2995910048484803
-0.0248360000550746 1.0163359642028810 0.3073559999465942
-0.0289249997586011 1.1191639900207520 0.2797279953956604
-0.0834399983286857 0.6460019946098327 0.3012120127677917
-0.0863830000162124 0.6175370216369629 0.2977089881896973
-0.0707629993557930 0.6244980096817016 0.3146460056304932
-0.0781280025839805 0.6349580287933349 0.3061510026454925
-0.0361200012266635 0.7464789748191834 0.3400880098342895
-0.0482250005006790 0.7389640212059021 0.3307990133762360
-0.0206230003386735 0.7581769824028015 0.3576779961585999
-0.0129049997776746 0.7612500190734863 0.3660370111465454
-0.0558959990739822 0.6241459846496582 0.3320190012454987
-0.0655450001358985 0.6089100241661071 0.3214730024337768
-0.0605989992618560 0.6044960021972657 0.3195489943027496
-0.0526399984955787 0.6143069863319397 0.3309200108051300
-0.0553090013563633 0.6001380085945129 0.3097429871559143
-0.0428010001778602 0.6041280031204224 0.3112800121307373
-0.0526829995214939 0.6009449958801270 0.3026489913463592
-0.0511320009827613 0.5690140128135681 0.2953320145606995
-0.0440910011529922 0.8278920054435730 0.2806990146636963
-0.0518519990146160 0.8155210018157958 0.2784340083599091
-0.0593359991908073 0.8281520009040832 0.2730109989643097
-0.0249480009078979 0.8258129954338074 0.3057889938354492
-0.0954290032386779 0.8130229711532593 0.2734990119934082
-0.0524820014834404 0.8338130116462707 0.2739169895648956
-0.0742890015244484 0.7314869761466980 0.3030380010604858
-0.0714460015296936 0.7227290272712708 0.3039659857749939
-0.0569400005042553 0.7378860116004943 0.3105539977550507
-0.0445189997553825 0.6187040209770203 0.3380559980869293
-0.0465009994804859 0.6049249768257140 0.3195289969444275
-0.0326859988272190 0.6046620011329651 0.3180199861526489
-0.0394320003688335 0.5675430297851562 0.3012929856777191
-0.0984369963407516 0.6976360082626342 0.2956970036029816
-0.0949330031871795 0.6847779750823974 0.2958639860153198
-0.0804430022835731 0.6086180210113526 0.3041700124740600
-0.0730319991707801 0.5913220047950744 0.3027819991111756
-0.0671140030026435 0.5905799865722656 0.2981869876384735
-0.0614899992942810 0.5694540143013000 0.2891550064086914
-0.0704160034656524 0.8198090195655823 0.2738040089607239
-0.0075039998628199 0.6883109807968140 0.3773579895496369
-0.0199340004473924 0.6932510137557984 0.3731339871883393
-0.1597049981355667 0.8531609773635864 0.2470490038394928
-0.1493950039148331 0.8588619828224182 0.2570619881153107
-0.1236969977617264 0.8797249794006348 0.2755500078201294
-0.1380909979343414 0.8624519705772399 0.2642210125923157
-0.1216180026531220 0.8680109977722168 0.2721979916095734
-0.1079059988260269 0.8707619905471802 0.2774589955806732
-0.0940150022506713 0.8692680001258851 0.2807460129261017
-0.0820380002260208 0.8659989833831788 0.2816669940948486
-0.0727149993181228 0.8574910163879395 0.2790189981460571
-0.1967879980802536 1.0257849693298340 0.1614550054073334
-0.1934619992971420 1.0018099546432490 0.1844830065965652
-0.1634860038757324 0.8491950035095215 0.2401829957962036
-0.1713609993457794 0.8527699708938598 0.2324829995632172
-0.0508240014314651 0.8658639788627625 0.2865110039710998
0.0000000000000000 0.3936760127544403 0.2702989876270294
-0.0207940004765987 0.3933100104331970 0.1671400070190430
-0.0232159998267889 0.4110760092735290 0.1324629932641983
-0.0380139984190464 0.3996829986572266 0.1598580032587052
-0.0206160005182027 0.5095880031585693 0.2929359972476959
-0.0219730008393526 0.4604299962520600 0.2786729931831360
-0.0266410000622272 0.4289880096912384 0.2691429853439331
-0.0271959993988275 0.3818370103836060 0.2555109858512878
-0.0343660004436969 0.3779810070991516 0.2148520052433014
-0.0582370012998581 0.4087280035018921 0.1544660031795502
-0.0793420001864433 0.4229969978332520 0.1470510065555572
-0.0830560028553009 0.4338549971580506 0.1251129955053329
-0.0614160001277923 0.4209640026092529 0.1302230060100555
-0.0659120008349418 0.6529960036277772 0.3158110082149506
-0.0394049994647502 0.4156970083713532 0.1275099962949753
-0.1630380004644394 0.6015049815177917 0.1532790064811707
-0.1630800068378449 0.7738379836082459 0.2550309896469116
-0.1488589942455292 0.5299140214920044 0.0987040027976036
-0.1086769998073578 0.5555229783058166 0.2574929893016815
-0.0801990032196044 0.5584279894828796 0.2768850028514862
-0.2023530006408692 0.7870690226554871 0.2035010010004044
-0.1952430009841919 0.7712590098381042 0.2180909961462021
-0.1631029993295669 0.8240470290184020 0.2342510074377060
-0.1832280009984970 0.8332179784774780 0.2159069925546646
-0.1823000013828277 0.8437669873237610 0.2191099971532822
-0.1720210015773773 0.8392140269279480 0.2242500036954880
-0.1732649952173233 0.8465179800987244 0.2259549945592880
-0.1663600057363510 0.8416600227355956 0.2306309938430786
-0.0275580007582902 0.9655089974403382 0.3155980110168457
-0.0854519978165626 1.1087720394134520 0.2692730128765106
-0.1779409945011139 0.7502350211143493 0.2454199939966202
-0.1679060012102127 0.7490140199661254 0.2579079866409302
-0.1555790007114411 0.7894290089607238 0.2522979974746704
-0.0539389997720718 0.7166420221328735 0.3515250086784363
-0.0635489970445632 0.7070580124855041 0.3384270071983338
-0.1720570027828217 0.8346539735794067 0.2239170074462891
-0.1843219995498657 0.8258739709854126 0.2150769978761673
-0.1971800029277802 0.8214949965476989 0.2037860006093979
-0.2073339968919754 0.8144209980964660 0.1894679963588715
-0.0750330016016960 0.7755870223045349 0.2940239906311035
-0.0476839989423751 0.6651170253753663 0.3258030116558075
-0.0482559986412525 0.6775889992713928 0.3237830102443695
-0.0660249963402748 0.7119640111923218 0.3247900009155274
-0.0640150010585785 0.7185590267181396 0.3254260122776031
-0.0519439987838268 0.7333639860153198 0.3390829861164093
-0.0275640003383159 0.7661209702491761 0.3399980068206787
-0.0209420006722211 0.7708629965782166 0.3491770029067993
-0.0207609999924898 0.7803649902343750 0.3438009917736054
-0.0320909991860389 0.7317199707031250 0.3692699968814850
-0.0313740000128746 0.9256250262260436 0.3259980082511902
-0.0666949972510337 0.7053719758987427 0.3256959915161133
-0.2034029960632324 0.9774439930915832 0.1587380021810532
-0.2009399980306625 0.9568179845809937 0.1790540069341660
-0.1599979996681213 0.5588799715042115 0.1028570011258125
-0.1719529926776886 0.5732839703559875 0.0774670019745826
-0.1594569981098175 0.5456489920616150 0.0759290009737014
-0.0221289992332458 0.4240689873695373 0.1081049963831902
-0.0629779994487762 0.4323669970035553 0.1095009967684746
-0.0419920012354850 0.4266560077667236 0.1085020005702972
-0.0839409977197647 0.4447129964828492 0.1040069982409477
-0.0876810029149055 0.4536960124969482 0.0908029973506927
-0.0637020021677017 0.4417740106582642 0.0921079963445663
-0.0430460013449192 0.4366669952869415 0.0911559984087944
-0.0231170002371072 0.4329670071601868 0.0914779976010322
-0.1038369983434677 0.4527629911899567 0.1216780021786690
-0.1076069995760918 0.4614709913730621 0.1044249981641769
-0.1108110025525093 0.4713099896907806 0.0876220017671585
-0.0897250026464462 0.4282630085945130 0.1874839961528778
-0.0932879969477653 0.4343590140342712 0.1656289994716644
-0.0986450016498565 0.4441730082035065 0.1419350057840347
-0.1179670020937920 0.4736930131912232 0.1218279972672462
-0.1224500015377998 0.4872770011425018 0.1389780044555664
-0.1251900047063828 0.4842129945755005 0.1046969965100288
-0.1292999982833862 0.4950740039348602 0.1215000003576279
-0.1312139928340912 0.4956659972667694 0.0859239995479583
-0.1363240033388138 0.5041859745979309 0.1003580018877983
-0.1660979986190796 0.8453009724617005 0.2334309965372085
-0.1813970059156418 0.8534849882125855 0.2261849939823151
-0.2029560059309006 0.8485969901084900 0.1953690052032471
-0.2090840041637421 0.9331250190734863 0.1542579978704452
-0.2073239982128143 0.9164490103721619 0.1728450059890747
-0.2138130068778992 0.8953059911727905 0.1536300033330917
-0.2178640067577362 0.9064540266990661 0.1329890042543411
-0.2263820022344589 0.8748130202293396 0.1192189976572990
-0.2221779972314835 0.8671460151672364 0.1397310048341751
-0.2131109982728958 0.9501249790191651 0.1325719952583313
-0.2225320041179657 0.9176669716835022 0.1117359995841980
-0.2077749967575073 1.0006070137023930 0.1346309930086136
-0.2194229960441589 0.9696249961853028 0.1040360033512116
-0.2297179996967316 0.9288750290870666 0.0838010013103485
-0.2142110019922256 0.8555700182914734 0.1684740036725998
-0.2306710034608841 0.8819680213928223 0.0973749980330467
-0.2369170039892197 0.8105490207672119 0.0855500027537345
-0.2329529970884323 0.7760599851608276 0.0873870030045509
-0.2298229932785034 0.7777370214462280 0.1182750016450882
-0.2331600040197372 0.8109740018844604 0.1126929968595505
-0.2241159975528717 0.7826189994812012 0.1462450027465820
-0.2391609996557236 0.8102909922599793 0.0555020011961460
-0.2338619977235794 0.7750549912452698 0.0549120008945465
-0.2349690049886703 0.8446120023727418 0.0876709967851638
-0.2385489940643310 0.8468490242958068 0.0595629997551441
-0.2366359978914261 0.8877559900283813 0.0681250020861625
-0.2180349975824356 0.8316349983215332 0.1611090004444122
-0.2182749956846237 0.8120669722557068 0.1645310074090958
-0.2170230001211166 0.7915210127830505 0.1715420037508011
-0.2270029932260513 0.8112620115280151 0.1376879960298538
-0.2267040014266968 0.8378329873085021 0.1332969963550568
-0.2312210053205490 0.8415030241012573 0.1118300035595894
0.1599979996681213 0.5588780045509338 0.1028520017862320
0.1722559928894043 0.5954819917678833 0.1106859967112541
0.1719540059566498 0.5732820034027100 0.0774599984288215
0.1842499971389771 0.6034809947013855 0.0777100026607513
0.1743240058422089 0.6180109977722168 0.1323889940977096
0.1837919950485229 0.6363829970359803 0.1212019994854927
0.1966249942779541 0.6358659863471985 0.0711999982595443
0.1874289959669113 0.6327549815177917 0.1027830019593239
-0.1722559928894043 0.5954800248146057 0.1106849983334541
-0.1743240058422089 0.6180109977722168 0.1323889940977096
-0.1842470020055771 0.6034809947013855 0.0777200013399124
-0.1837919950485229 0.6363829970359803 0.1212019994854927
-0.1874449998140335 0.6327819824218749 0.1027579978108406
0.0726839974522590 0.8575000166893005 0.2790369987487793
0.0614099986851215 0.8906919956207276 0.3097969889640808
-0.0253110006451606 0.9084299802780151 0.3280729949474335
-0.0607680007815361 0.8516939878463745 0.2752510011196136
-0.1067479997873306 0.8284800052642822 0.2724229991436004
-0.0955649986863136 0.8290650248527526 0.2754350006580353
-0.0929230004549026 0.8343330025672913 0.2682409882545471
-0.1219910010695458 0.8283060193061829 0.2671599984169006
-0.1041280031204224 0.8326399922370911 0.2681879997253418
-0.1517149955034256 0.8316540122032165 0.2468090057373047
-0.1452569961547852 0.8300439715385437 0.2530280053615570
-0.1437360048294067 0.8329979777336120 0.2518439888954163
-0.0834890007972717 0.8305529952049256 0.2761420011520386
-0.0730760022997856 0.8342059850692749 0.2745690047740936
-0.0730189979076385 0.8357160091400146 0.2738839983940124
-0.0630830004811286 0.8344990015029907 0.2717820107936859
-0.0561730004847049 0.8351899981498719 0.2729429900646210
-0.0579200014472007 0.8362619876861572 0.2721149921417236
-0.1430789977312088 0.8564400076866150 0.2538360059261322
-0.1549350023269653 0.8567389845848083 0.2525410056114197
-0.0834529995918273 0.8594570159912109 0.2713609933853149
-0.0741109997034072 0.8535609841346740 0.2715249955654144
-0.0940710008144378 0.8630700111389160 0.2680349946022034
-0.1345659941434860 0.8609369993209839 0.2581380009651184
-0.1053199991583824 0.8646429777145386 0.2664510011672974
-0.1196200028061867 0.8643590211868287 0.2638539969921112
-0.1367969959974289 0.8291190266609192 0.2593260109424591
-0.1349419951438904 0.8327350020408630 0.2561730146408081
-0.0827599987387657 0.8346819877624512 0.2727279961109161
-0.0551889985799789 0.8400040268898011 0.2731769979000092
-0.0572800002992153 0.8383520245552063 0.2721399962902069
-0.0617940016090869 0.8358330130577088 0.2709349989891052
-0.1260270029306412 0.8108710050582885 0.2643510103225708
-0.1560699939727783 0.8342649936676026 0.2412279993295669
-0.1497469991445541 0.8340110182762147 0.2470079958438873
-0.1603520065546036 0.8357369899749756 0.2361010015010834
-0.1195489987730980 0.8316749930381775 0.2644549906253815
-0.1550569981336594 0.8503339886665344 0.2472199946641922
-0.1491950005292892 0.8523790240287781 0.2494180053472519
-0.0609970018267631 0.8449400067329407 0.2717239856719971
-0.1544000059366226 0.8357449769973755 0.2410530000925064
0.1053100004792213 0.8646489977836609 0.2664709985256195
0.0940650030970573 0.8630890250205994 0.2681100070476532
0.0929230004549026 0.8343350291252136 0.2682389914989471
0.1196210011839867 0.8643590211868287 0.2638559937477112
0.1041280031204224 0.8326420187950134 0.2681860029697418
0.1491959989070892 0.8523790240287781 0.2494180053472519
0.1430789977312088 0.8564400076866150 0.2538360059261322
0.1437519937753677 0.8329870104789734 0.2518570125102997
0.0834290012717247 0.8594570159912109 0.2714140117168427
0.0741359964013099 0.8535500168800355 0.2714500129222870
0.0730189979076385 0.8357160091400146 0.2738829851150513
0.0609970018267631 0.8449400067329407 0.2717230021953583
0.0572800002992153 0.8383539915084838 0.2721399962902069
0.0579200014472007 0.8362640142440796 0.2721149921417236
0.1345670074224472 0.8609369993209839 0.2581390142440796
0.0939880013465881 0.8693640232086181 0.2807959914207459
0.1349390000104904 0.8327329754829407 0.2561779916286468
0.0827829986810684 0.8346670269966126 0.2727699875831604
0.0561730004847049 0.8351899981498719 0.2729429900646210
0.0617940016090869 0.8358330130577088 0.2709349989891052
0.0630830004811286 0.8344990015029907 0.2717820107936859
0.0730760022997856 0.8342059850692749 0.2745690047740936
0.0955749973654747 0.8290690183639526 0.2754339873790741
0.1067479997873306 0.8284800052642822 0.2724229991436004
0.1219910010695458 0.8283060193061829 0.2671599984169006
0.1452569961547852 0.8300439715385437 0.2530280053615570
0.1367959976196289 0.8291170001029969 0.2593260109424591
0.1517149955034256 0.8316540122032165 0.2468090057373047
0.1560699939727783 0.8342649936676026 0.2412289977073669
0.1550569981336594 0.8503339886665344 0.2472199946641922
0.1497469991445541 0.8340110182762147 0.2470079958438873
0.0607549995183944 0.8517000079154968 0.2752490043640137
0.1195489987730980 0.8316749930381775 0.2644540071487427
0.1602749973535538 0.8466969728469848 0.2404920011758804
0.0835039988160133 0.8305469751358033 0.2761420011520386
0.1543989926576614 0.8357449769973755 0.2410539984703064
0.1720210015773773 0.8392140269279480 0.2242500036954880
0.1720560044050217 0.8346539735794067 0.2239170074462891
0.1704650074243546 0.8310359716415405 0.2253099977970123
0.1637119948863983 0.8374230265617371 0.2318380028009415
0.1603520065546036 0.8357350230216980 0.2361000031232834
0.1652919948101044 0.8395879864692687 0.2301390022039413
0.1596339941024780 0.8369749784469605 0.2354650050401688
0.1628119945526123 0.8394510149955749 0.2312339991331100
0.1660979986190796 0.8453009724617005 0.2334319949150085
0.1625220030546188 0.8434010148048401 0.2348199933767319
0.1663600057363510 0.8416600227355956 0.2306309938430786
0.1640480011701584 0.8411939740180969 0.2314800024032593
0.1641640067100525 0.8406509757041932 0.2307749986648560
-0.1652919948101044 0.8395879864692687 0.2301390022039413
-0.1641650050878525 0.8406509757041932 0.2307749986648560
-0.1640480011701584 0.8411960005760193 0.2314810007810593
-0.1637119948863983 0.8374230265617371 0.2318380028009415
-0.1596339941024780 0.8369749784469605 0.2354650050401688
-0.1628140062093735 0.8394529819488525 0.2312330007553100
-0.1602759957313538 0.8466969728469848 0.2404920011758804
-0.1625220030546188 0.8434010148048401 0.2348199933767319
0.0580490007996559 0.6982330083847046 0.3334400057792664
0.0616619996726512 0.6942629814147949 0.3211100101470947
0.0224970001727342 0.6945440173149108 0.3598400056362152
0.0187730006873607 0.6885830163955689 0.3509120047092438
0.0328599996864795 0.7093979716300964 0.3446730077266693
-0.0263950005173683 0.6915339827537536 0.3380900025367737
-0.0323279984295368 0.7091479897499085 0.3792510032653809
-0.0543910004198551 0.7114909887313843 0.3527880012989044
-0.0436640009284019 0.7131180167198181 0.3652609884738922
-0.0279740002006292 0.7003120183944703 0.3802149891853332
-0.0224980004131794 0.6945459842681884 0.3598389923572540
-0.0553810000419616 0.6902179718017578 0.3221870064735412
-0.0616619996726512 0.6942629814147949 0.3211100101470947
-0.0597760006785392 0.6980609893798828 0.3309980034828186
-0.0579899996519088 0.7003589868545532 0.3384329974651337
-0.0503120012581348 0.7038310170173645 0.3515110015869140
-0.0423940010368824 0.7077770233154296 0.3664560019969940
-0.0418130010366439 0.6902409791946412 0.3291290104389190
-0.0328599996864795 0.7093979716300964 0.3446730077266693
-0.0580510012805461 0.6982349753379822 0.3334400057792664
-0.0782670006155967 0.5581110119819641 0.2763659954071045
-0.0781000033020973 0.5567399859428406 0.2765299975872040
-0.0729880034923553 0.5508440136909485 0.2759959995746612
-0.0109090004116296 0.5591560006141663 0.3137330114841461
-0.0126090003177523 0.6062970161437988 0.3413529992103577
-0.0802989974617958 0.5656489729881286 0.2795920073986053
-0.1110450029373169 0.6525400280952453 0.2856670022010803
-0.0267229992896318 0.7533209919929504 0.3488250076770783
-0.0130059998482465 0.7746449708938598 0.3571169972419739
0.0005929999751970 0.7753999829292297 0.3609440028667450
0.0130009995773434 0.7746679782867432 0.3571049869060516
0.0361520014703273 0.7594130039215087 0.3302240073680877
0.0949330031871795 0.6847779750823974 0.2958639860153198
0.1110450029373169 0.6525400280952453 0.2856670022010803
0.1110510006546974 0.5289049744606018 0.2391590029001236
0.1035370007157326 0.5044140219688415 0.2322649955749512
0.0752160027623176 0.4349809885025025 0.2388129979372025
-0.1000880002975464 0.4779759943485260 0.2169210016727447
-0.1213029995560646 0.5511890053749084 0.2378010004758835
0.0003809999907389 0.7839570045471191 0.3545620143413544
-0.0114169996231794 0.7837730050086975 0.3516359925270081
0.1211849972605705 0.5274029970169068 0.2118290066719055
-0.0748099982738494 0.4040369987487793 0.2028259932994843
-0.1102909967303276 0.4817599952220916 0.1857340037822724
-0.1314879953861237 0.5502129793167114 0.2069189995527268
0.1181830018758774 0.6628569960594177 0.2847610116004944
0.1451029926538468 0.5836730003356933 0.2051450014114380
-0.1906969994306564 0.7317540049552918 0.2226690053939819
-0.1785160005092621 0.7215440273284913 0.2413080036640167
-0.2205529958009720 0.7461590170860291 0.1250800043344498
-0.2121769934892654 0.7697240114212036 0.1835660040378571
-0.2038719952106476 0.7469689846038819 0.2014220058917999
-0.2166280001401901 0.7528150081634522 0.1572010070085525
0.1785160005092621 0.7215440273284913 0.2413080036640167
0.2038750052452087 0.7469649910926819 0.2014140039682388
0.1906969994306564 0.7317540049552918 0.2226690053939819
0.2166299968957901 0.7528150081634522 0.1571920067071915
0.2205410003662109 0.7461190223693847 0.1250739991664886
0.2338629961013794 0.7750589847564698 0.0548879988491535
0.2237170040607452 0.7432039976119995 0.0914100036025047
-0.1243520006537437 0.7316300272941590 0.2903020083904266
-0.0965190008282661 0.7521839737892151 0.2939549982547760
-0.1668609976768494 0.7195000052452087 0.2588120102882385
-0.1484510004520416 0.7208729982376099 0.2778899967670441
-0.0483630001544952 0.7860370278358459 0.3041760027408600
-0.0599419996142387 0.7764469981193542 0.3003369867801667
-0.0585040003061294 0.7661359906196594 0.3051300048828125
-0.0265500005334615 0.8082180023193359 0.3151229918003082
-0.0371779985725879 0.7983670234680175 0.3082840144634247
-0.0373860001564025 0.7864609956741332 0.3158240020275116
-0.0098460000008344 0.8168749809265137 0.3275740146636963
-0.0107190003618598 0.8363569974899292 0.3148559927940369
-0.0472230017185211 0.7759479880332947 0.3106139898300171
-0.0184790007770061 0.8126999735832214 0.3241550028324127
-0.0276609994471073 0.7956960201263428 0.3223469853401184
-0.0471610017120838 0.7672920227050781 0.3141050040721893
-0.0587290003895759 0.7565500140190125 0.3075670003890991
-0.0375169999897480 0.7777190208435059 0.3207840025424957
-0.0281589999794960 0.7757229804992676 0.3343409895896911
-0.0279949996620416 0.7855470180511475 0.3286759853363037
-0.0743530020117759 0.7649649977684020 0.2975949943065644
-0.0745759978890418 0.7537140250205994 0.3002200126647949
-0.0999410003423690 0.7128850221633911 0.2959960103034973
-0.0747049972414970 0.7416419982910157 0.3020159900188446
-0.0990519970655441 0.7325969934463501 0.2957380115985870
-0.0203649997711181 0.7906529903411866 0.3376969993114472
-0.0198839996010065 0.8010619878768920 0.3309949934482575
0.0965240001678466 0.7521839737892151 0.2939540147781372
0.0999410003423690 0.7128850221633911 0.2959960103034973
0.1484510004520416 0.7208729982376099 0.2778899967670441
0.1668609976768494 0.7195000052452087 0.2588129937648773
0.1243560016155243 0.7316280007362365 0.2903009951114655
0.0375589989125728 0.7777420282363891 0.3207179903984070
0.0265570003539323 0.8082200288772582 0.3151110112667084
0.0280099995434284 0.7855610251426697 0.3286460041999817
0.0373999997973442 0.7864379882812500 0.3158220052719116
0.0184790007770061 0.8127059936523438 0.3241499960422516
0.0203760005533695 0.7906569838523864 0.3376789987087250
0.0276759993284940 0.7956789731979370 0.3223389983177185
0.0000560000007681 0.8190230131149292 0.3278099894523620
0.0098540000617504 0.8168749809265137 0.3275710046291351
0.0107319997623562 0.7933080196380616 0.3448710143566132
-0.0101760001853108 0.8047580122947693 0.3364450037479400
0.0000670000008540 0.8059350252151489 0.3373500108718872
0.0001950000005308 0.7950860261917115 0.3458499908447266
0.0198829993605613 0.8010460138320923 0.3310079872608185
0.0101709999144077 0.8047469854354858 0.3364570140838623
-0.0107599999755621 0.7933139801025390 0.3448509871959686
0.0588879995048046 0.7566300034523011 0.3074429929256439
0.0472260005772113 0.7673439979553222 0.3140079975128174
0.0371810011565685 0.7983589768409729 0.3082860112190246
0.0483679994940757 0.7859669923782349 0.3042120039463043
0.0743080005049705 0.7649610042572022 0.2976160049438477
0.0598709993064403 0.7763959765434266 0.3003970086574554
0.0747039988636970 0.7416530251502991 0.3020150065422058
0.0990559980273246 0.7325950264930725 0.2957369983196259
0.0744900032877922 0.7537230253219604 0.3002470135688781
0.0585349984467029 0.7661499977111817 0.3051069974899292
0.0472429990768432 0.7759270071983337 0.3106009960174561
-0.2237170040607452 0.7432060241699219 0.0914219990372657
0.1269579976797104 0.6789839863777161 0.2847230136394501
0.1279609948396683 0.7043880224227905 0.2883490025997162
0.1374599933624268 0.5791170001029969 0.2252140045166016
0.1618719995021820 0.6829800009727478 0.2545930147171020
0.1480150073766708 0.6858729720115662 0.2729170024394989
0.1311340034008026 0.5763260126113892 0.2389519959688187
0.1234539970755577 0.5731580257415772 0.2493769973516464
0.1521620005369187 0.6181340217590332 0.2260899990797043
0.1414400041103363 0.6118159890174866 0.2462249994277954
0.1410859972238541 0.6499040126800538 0.2670930027961731
0.1581639945507050 0.6533600091934204 0.2439389973878860
0.1274549961090088 0.6338199973106385 0.2720089852809906
0.1313920021057129 0.6042420268058776 0.2554979920387268
-0.1181830018758774 0.6628590226173400 0.2847610116004944
-0.1708050072193146 0.6307659745216370 0.1718170046806335
-0.1806810051202774 0.6438639760017395 0.1465329974889755
-0.1279609948396683 0.7043880224227905 0.2883490025997162
-0.1618729978799820 0.6829800009727478 0.2545930147171020
-0.1480150073766708 0.6858710050582885 0.2729170024394989
-0.1269579976797104 0.6789839863777161 0.2847230136394501
-0.1311340034008026 0.5763300061225891 0.2389529943466187
-0.1451029926538468 0.5836730003356933 0.2051450014114380
-0.1374599933624268 0.5791170001029969 0.2252140045166016
-0.1612180024385452 0.6228010058403016 0.2007589936256409
-0.1698060035705566 0.6601909995079040 0.2193679958581924
-0.1521620005369187 0.6181340217590332 0.2260899990797043
-0.1581639945507050 0.6533600091934204 0.2439389973878860
-0.1748560070991516 0.6903309822082519 0.2324970066547394
-0.1410859972238541 0.6499040126800538 0.2670930027961731
-0.1184369996190071 0.6240900158882141 0.2747400104999542
-0.1229949966073036 0.5962510108947754 0.2606140077114105
-0.1274549961090088 0.6338179707527160 0.2720089852809906
-0.1414390057325363 0.6118180155754089 0.2462259978055954
-0.1313920021057129 0.6042420268058776 0.2554979920387268
-0.1234550029039383 0.5731580257415772 0.2493769973516464
-0.1969860047101974 0.6611919999122620 0.0982230007648468
-0.2063820064067841 0.6696429848670959 0.0646789968013763
-0.1966229975223541 0.6358680129051209 0.0712120011448860
-0.2049649953842163 0.6867370009422303 0.0968500003218650
-0.2261119931936264 0.7419009804725647 0.0556919984519481
-0.2187049984931946 0.7151740193367004 0.0604120008647441
-0.1807720065116882 0.6665629744529724 0.1897920072078705
-0.2087540030479431 0.7129269838333130 0.1316020041704178
-0.1981540024280548 0.6824759840965271 0.1285379976034164
-0.1905909925699234 0.6757050156593322 0.1604239940643310
-0.1897470057010651 0.6573050022125244 0.1243069991469383
-0.1882389932870865 0.6994919776916504 0.2060839980840683
-0.2030850052833557 0.7164710164070130 0.1732030063867569
-0.2136429995298386 0.7132629752159118 0.0958710014820098
-0.2127380073070526 0.6940209865570068 0.0624560005962848
0.2087550014257431 0.7129290103912353 0.1315940022468567
0.2030850052833557 0.7164710164070130 0.1732030063867569
0.2136429995298386 0.7132530212402344 0.0958430022001266
0.1969860047101974 0.6611919999122620 0.0982220023870468
0.1806810051202774 0.6438639760017395 0.1465329974889755
0.1905909925699234 0.6757050156593322 0.1604239940643310
0.1981540024280548 0.6824759840965271 0.1285379976034164
0.2063840031623840 0.6696590185165405 0.0646850019693374
0.2187040001153946 0.7151679992675781 0.0604079999029636
0.2261130064725876 0.7419030070304870 0.0556819997727870
0.2049710005521774 0.6867120265960694 0.0967710018157959
0.1708050072193146 0.6307640075683594 0.1718160063028336
0.1612180024385452 0.6228010058403016 0.2007589936256409
0.1748560070991516 0.6903290152549743 0.2324970066547394
0.1882389932870865 0.6994900107383729 0.2060839980840683
0.1698060035705566 0.6601909995079040 0.2193679958581924
0.1807720065116882 0.6665629744529724 0.1897920072078705
0.1897470057010651 0.6573050022125244 0.1243069991469383
0.2127290070056915 0.6939889788627625 0.0624609999358654
0.1143900007009506 0.5703930258750916 0.2590509951114654
0.1086649969220161 0.5702270269393921 0.2647820115089417
0.1184350028634071 0.6240900158882141 0.2747420072555542
0.1229929998517036 0.5962449908256531 0.2606140077114105
-0.0905240029096603 0.6032009720802307 0.2922079861164093
-0.0971489995718002 0.6085609793663025 0.2870729863643646
-0.0999559983611106 0.5894529819488525 0.2806220054626465
-0.0870990008115768 0.5954989790916443 0.2949190139770508
-0.0810569971799850 0.5855829715728760 0.2970849871635437
-0.1010309979319572 0.5696949958801270 0.2722809910774231
-0.0816999971866607 0.5648040175437927 0.2796379923820496
-0.1143909990787506 0.5703960061073303 0.2590520083904266
-0.1041259989142418 0.5908110141754150 0.2767859995365143
-0.1014349982142448 0.6113190054893494 0.2837040126323700
-0.1039519980549812 0.6163309812545777 0.2818470001220703
-0.1086649969220161 0.5702270269393921 0.2647820115089417
-0.1133309975266457 0.5917850136756897 0.2686859965324402
-0.0960889980196952 0.5658069849014282 0.2752619981765747
-0.0940229967236518 0.5865780115127564 0.2852329909801483
0.0960889980196952 0.5658069849014282 0.2752619981765747
0.0898320004343986 0.5651969909667969 0.2776719927787781
0.0855349972844123 0.5660610198974609 0.2802929878234863
0.1010309979319572 0.5696949958801270 0.2722809910774231
0.0999549999833106 0.5894550085067749 0.2806220054626465
0.0971499979496002 0.6085609793663025 0.2870729863643646
0.1041250005364418 0.5908110141754150 0.2767870128154755
0.1014349982142448 0.6113190054893494 0.2837040126323700
0.0968569964170455 0.5551130175590515 0.2691519856452942
0.1133309975266457 0.5917850136756897 0.2686859965324402
0.1039509996771812 0.6163309812545777 0.2818480134010315
0.1019259989261627 0.6440389752388000 0.2875970005989075
0.0905250012874603 0.6032009720802307 0.2922079861164093
0.0940219983458519 0.5865780115127564 0.2852329909801483
0.1477230042219162 0.5420070290565491 0.1258099973201752
0.0772679969668388 0.5710530281066895 0.2806229889392853
-0.1459510028362274 0.5197209715843201 0.0784960016608238
-0.0918859988451004 0.4931989908218384 0.2400359958410263
-0.0743630006909370 0.5805569887161254 0.2896429896354675
-0.0844499990344047 0.5748940110206604 0.2877439856529236
-0.0811370015144348 0.5726109743118286 0.2857849895954132
-0.0799959972500801 0.5817679762840271 0.2938410043716431
-0.0790899991989135 0.5712699890136719 0.2836019992828369
-0.0751959979534149 0.5950790047645569 0.3068659901618957
-0.0898199975490570 0.5651860237121582 0.2776699960231781
-0.0855169966816902 0.5660570263862610 0.2802970111370087
-0.0889199972152710 0.5782380104064941 0.2874239981174469
0.0813760012388229 0.5726469755172730 0.2858310043811798
0.0799959972500801 0.5817679762840271 0.2938410043716431
0.0817930027842521 0.5648779869079590 0.2797040045261383
0.0802790001034736 0.5656989812850952 0.2796159982681275
0.0790899991989135 0.5712699890136719 0.2836019992828369
0.0889329984784126 0.5782570242881775 0.2874239981174469
0.0810569971799850 0.5855829715728760 0.2970849871635437
0.0844499990344047 0.5748940110206604 0.2877439856529236
0.0870990008115768 0.5954970121383667 0.2949199974536896
0.0719980001449585 0.5109140276908874 0.2646470069885254
0.1635109931230545 1.0704920291900640 0.2202910035848618
-0.0565669983625412 0.4335980117321014 0.2550039887428284
-0.0063249999657273 0.6852679848670959 0.3648349940776825
0.1594559997320175 0.5456439852714539 0.0759269967675209
